0,5,1,5.099,2.2361,2.8284,7.2801,6.4031,7.2111,5.099,7.8102,10,14.318,8,8.2462,12.806,16.125,9.0554,10,13.454,14.866,17.804,19.209,13.342,13.601,17.029,19.849,14,14.56,15.652,22.804,15,17,22.672,21.26,21.932,25.612,27.203,20.809,22.023,28.601,18.439,18.682,28.425,19.925,24.839,31.401,20.025,20.224,22.847,32.65,22.023,22.204,23.77,26.077,23.195,24.698,25.08,25.942,26.42,30.48,31.828,36.235,25,30,30.61,31.241,30.806,34.655,26.019,31.623,35.384,37.483,38.21,38.949,27.019,27.074,31.385,34.205,28.636,29.411,32.249,35,36.878,38.288,30.414,32.311,37.202,39.699,40.361,44.598,45.343,46.098,31,46.011,32.757,36.715,39.408,40,33,33.734,33.956,34.482,35.847,39.661,41.4,45.277,48.104,34.366,38.949,41.049,37,39.357,49.497,50.931,36,36.056,41.183,42.72,43.267,43.829,44.407,50.21,42.544,53.038,54.452,46.325,40.05,41.761,42.059,48.826,59.464,41.773,45.188,53.907,55.902,57.983,42.953,43.966,45.31,46.519,46.957,49.396,54.672,56.639,59.397,43.186,48.301,48.765,56.727
5,0,5.099,1,4.4721,3.6056,2.8284,4,4.1231,6.4031,5.099,6.7082,10,9.434,8.544,9.434,12.042,9.8489,11.18,10.77,11.662,14.213,15.62,13.153,13.038,14.318,16.401,14.866,14.036,14.142,19.105,15.811,15.297,19.209,18.358,18.868,21.932,23.345,18.385,19.235,24.759,18.028,18,24.759,19.026,21.954,27.586,20.396,20.1,21.378,29,22.361,22.091,22.361,23.77,23.087,23.345,23.537,24.042,24.352,27.459,28.601,32.527,24.083,27.295,27.785,28.302,28.178,31.401,26.306,29.069,32.202,34.059,34.713,35.384,27.295,27.166,29.155,31.385,28.018,28.284,30.083,32.249,33.838,35.228,30,30.806,34.482,36.62,37.202,41.037,41.725,42.426,31.401,42.45,32.062,34.54,36.715,37.216,33.377,33.061,33.136,33.377,34.205,37.121,38.588,42.012,44.598,34,36.77,38.471,35.693,37.336,46.098,47.424,36.346,36.125,39,40.249,40.706,41.183,41.677,46.861,40.311,49.679,50.99,43.829,40.112,40.608,40.792,46.141,55.866,41.11,43.324,50.804,52.631,54.562,42.19,42.755,43.681,44.598,44.944,46.957,51.614,53.413,55.973,43.012,46.239,46.615,53.6
1,5.099,0,5,1.4142,2.2361,7.0711,5.831,6.7082,4.1231,7.2111,9.434,13.928,7,7.2801,12.207,15.652,8.0623,9,12.728,14.213,17.205,18.601,12.369,12.649,16.279,19.209,13,13.601,14.765,22.204,14,16.125,22.023,20.518,21.213,25,26.627,20,21.26,28.018,17.464,17.72,27.803,18.974,24.083,30.806,19.026,19.235,21.932,32.016,21.024,21.213,22.847,25.239,22.204,23.77,24.166,25.06,25.554,29.732,31.113,35.609,24.042,29.206,29.833,30.48,30,33.941,25.02,30.806,34.655,36.797,37.537,38.288,26.019,26.077,30.529,33.422,27.659,28.46,31.385,34.205,36.125,37.537,29.428,31.385,36.401,38.949,39.623,43.932,44.688,45.453,30,45.343,31.78,35.847,38.601,39.205,32,32.757,32.985,33.526,34.928,38.833,40.608,44.553,47.424,33.377,38.079,40.224,36.056,38.471,48.795,50.249,35,35.057,40.311,41.881,42.438,43.012,43.6,49.497,41.677,52.326,53.759,45.486,39.051,40.804,41.11,48.01,58.796,40.792,44.283,53.151,55.172,57.28,41.976,43.012,44.385,45.618,46.065,48.549,53.907,55.902,58.694,42.19,47.413,47.885,55.973
5.099,1,5,0,4.1231,3.1623,2.2361,3,3.1623,5.6569,4.1231,5.831,9.434,8.6023,7.6158,8.6023,11.402,8.9443,10.296,9.8489,10.817,13.454,14.866,12.166,12.042,13.416,15.62,13.928,13.038,13.153,18.385,14.866,14.318,18.439,17.493,18.028,21.213,22.672,17.464,18.358,24.083,17.029,17,24.042,18.028,21.095,26.907,19.416,19.105,20.396,28.284,21.378,21.095,21.378,22.847,22.091,22.361,22.561,23.087,23.409,26.627,27.803,31.828,23.087,26.42,26.926,27.459,27.295,30.61,25.318,28.178,31.401,33.302,33.971,34.655,26.306,26.173,28.231,30.529,27.019,27.295,29.155,31.385,33.015,34.409,29,29.833,33.615,35.805,36.401,40.311,41.012,41.725,30.414,41.725,31.064,33.615,35.847,36.359,32.388,32.062,32.14,32.388,33.242,36.235,37.736,41.231,43.863,33,35.847,37.59,34.713,36.401,45.343,46.69,35.355,35.128,38.079,39.357,39.825,40.311,40.817,46.098,39.395,48.918,50.249,42.942,39.115,39.623,39.812,45.277,55.154,40.112,42.379,50,51.856,53.814,41.195,41.773,42.72,43.658,44.011,46.065,50.804,52.631,55.227,42.012,45.31,45.695,52.802
2.2361,4.4721,1.4142,4.1231,0,1,6,4.4721,5.3852,3,5.831,8.0623,12.649,6.0828,6.0828,10.817,14.318,7,8.0623,11.314,12.806,15.811,17.205,11.18,11.402,14.866,17.804,12.042,12.369,13.416,20.809,13.038,14.765,20.616,19.105,19.799,23.601,25.239,18.601,19.849,26.627,16.279,16.492,26.401,17.72,22.672,29.411,18,18.111,20.616,30.61,20,20.1,21.541,23.854,21.095,22.472,22.847,23.707,24.187,28.32,29.698,34.205,22.804,27.803,28.425,29.069,28.601,32.527,24,29.411,33.242,35.384,36.125,36.878,25,25.02,29.155,32.016,26.476,27.203,30.017,32.802,34.713,36.125,28.284,30.083,35,37.537,38.21,42.521,43.278,44.045,29.017,43.932,30.594,34.482,37.202,37.802,31.016,31.575,31.78,32.28,33.615,37.443,39.205,43.139,46.011,32.249,36.715,38.833,34.785,37.121,47.381,48.836,34.015,34.015,38.949,40.497,41.049,41.617,42.202,48.083,40.311,50.912,52.345,44.102,38.013,39.56,39.85,46.615,57.385,39.623,42.953,51.74,53.759,55.866,40.792,41.761,43.081,44.283,44.721,47.17,52.498,54.489,57.28,41.11,46.065,46.53,54.562
2.8284,3.6056,2.2361,3.1623,1,0,5,3.6056,4.4721,3.1623,5,7.2111,11.705,6.3246,6,10,13.416,7.0711,8.2462,10.63,12.042,15,16.401,11.045,11.18,14.213,17.029,12.166,12.166,13,20,13.153,14.318,19.849,18.439,19.105,22.804,24.413,18.028,19.209,25.807,16.125,16.279,25.612,17.464,22.023,28.601,18.028,18.028,20.248,29.833,20.025,20.025,21.19,23.324,21.024,22.136,22.472,23.259,23.707,27.659,29,33.422,22.561,27.203,27.803,28.425,28.018,31.828,24.021,28.844,32.558,34.655,35.384,36.125,25.02,25,28.653,31.401,26.306,26.926,29.53,32.202,34.059,35.468,28.16,29.732,34.409,36.878,37.537,41.773,42.521,43.278,29.069,43.186,30.414,34,36.62,37.202,31.064,31.401,31.575,32.016,33.242,36.892,38.601,42.45,45.277,32.14,36.235,38.275,34.482,36.674,46.669,48.104,34.059,34,38.471,39.962,40.497,41.049,41.617,47.381,39.825,50.21,51.624,43.566,38,39.294,39.56,46.043,56.639,39.459,42.544,51.088,53.075,55.154,40.608,41.485,42.72,43.863,44.283,46.648,51.856,53.814,56.569,41.049,45.618,46.065,53.907
7.2801,2.8284,7.0711,2.2361,6,5,0,2.8284,2.2361,6.7082,3.1623,4.1231,7.2111,9.2195,7.8102,6.7082,9.2195,9.2195,10.63,8.2462,8.9443,11.402,12.806,11.705,11.402,11.705,13.601,13.892,12.369,12,16.279,14.765,13.038,16.401,15.652,16.125,19.105,20.518,15.811,16.553,21.932,16.279,16.125,21.932,17.029,19.235,24.759,18.974,18.439,19.105,26.173,20.881,20.396,20.1,21.19,21.378,21.095,21.213,21.587,21.84,24.698,25.807,29.698,22,24.597,25.06,25.554,25.495,28.601,24.739,26.401,29.411,31.241,31.89,32.558,25.71,25.495,26.571,28.653,26.019,26.077,27.514,29.53,31.064,32.45,28.071,28.443,31.765,33.838,34.409,38.21,38.897,39.598,29.833,39.623,30,31.953,34,34.482,31.78,31,31.016,31.145,31.78,34.438,35.847,39.205,41.773,32.062,34.176,35.777,33.377,34.785,43.278,44.598,34.713,34.366,36.401,37.577,38.013,38.471,38.949,44.045,37.696,46.861,48.166,41.146,38.328,38.328,38.471,43.417,53.038,39.013,40.804,48.01,49.82,51.74,40.05,40.447,41.231,42.059,42.379,44.283,48.826,50.606,53.151,41.11,43.658,44.011,50.804
6.4031,4,5.831,3,4.4721,3.6056,2.8284,0,1,4.1231,1.4142,3.6056,8.2462,6.4031,5,6.4031,9.8489,6.4031,7.8102,7.2111,8.4853,11.402,12.806,9.2195,9.0554,10.817,13.454,11.18,10.05,10.198,16.401,12.083,11.402,16.279,15,15.62,19.209,20.809,14.765,15.811,22.204,14.036,14,22.023,15.033,18.601,25,16.492,16.125,17.464,26.249,18.439,18.111,18.439,20.125,19.105,19.416,19.647,20.248,20.616,24.207,25.495,29.833,20.1,23.854,24.413,25,24.698,28.32,22.361,25.554,29.069,31.113,31.828,32.558,23.345,23.195,25.495,28.018,24.021,24.331,26.401,28.844,30.61,32.016,26,26.926,31.064,33.422,34.059,38.21,38.949,39.699,27.459,39.623,28.071,30.871,33.287,33.838,29.428,29.069,29.155,29.428,30.364,33.615,35.228,38.949,41.725,30,33.106,34.986,31.78,33.615,43.139,44.553,32.388,32.14,35.341,36.715,37.216,37.736,38.275,43.863,36.674,46.69,48.083,40.311,36.125,36.674,36.878,42.72,53.075,37.121,39.56,47.634,49.578,51.624,38.21,38.833,39.85,40.853,41.231,43.417,48.415,50.329,53.038,39.013,42.544,42.953,50.448
7.2111,4.1231,6.7082,3.1623,5.3852,4.4721,2.2361,1,0,5.099,1,2.8284,7.2801,7.2111,5.6569,5.6569,8.9443,7.0711,8.4853,6.7082,7.8102,10.63,12.042,9.4868,9.2195,10.296,12.728,11.662,10.198,10.05,15.62,12.53,11.18,15.556,14.422,15,18.439,20,14.318,15.264,21.401,14.142,14.036,21.26,15,18.028,24.207,16.763,16.279,17.263,25.495,18.682,18.248,18.248,19.698,19.235,19.235,19.416,19.925,20.248,23.601,24.839,29.069,20.025,23.324,23.854,24.413,24.187,27.659,22.561,25.06,28.425,30.414,31.113,31.828,23.537,23.345,25.08,27.459,24,24.187,26,28.302,30,31.401,26.019,26.683,30.529,32.802,33.422,37.483,38.21,38.949,27.659,38.897,28.018,30.463,32.757,33.287,29.614,29.017,29.069,29.275,30.083,33.121,34.67,38.288,41.012,30.017,32.696,34.482,31.575,33.242,42.45,43.841,32.558,32.249,34.928,36.235,36.715,37.216,37.736,43.186,36.249,46.011,47.381,39.825,36.222,36.497,36.674,42.19,52.345,37.054,39.217,47.011,48.918,50.931,38.118,38.639,39.56,40.497,40.853,42.942,47.802,49.679,52.345,39.051,42.154,42.544,49.82
5.099,6.4031,4.1231,5.6569,3,3.1623,6.7082,4.1231,5.099,0,5,7.0711,12.042,3.1623,3.1623,9.4868,13.342,4,5.099,9.434,11.18,14.318,15.652,8.2462,8.544,12.806,16.125,9.0554,9.4868,10.817,19.235,10.05,12.207,18.868,17.029,17.804,21.954,23.707,16.279,17.692,25.06,13.342,13.601,24.698,14.866,20.518,27.785,15,15.133,17.889,28.844,17,17.117,18.788,21.401,18.111,19.698,20.125,21.095,21.633,26.173,27.659,32.45,19.925,25.495,26.173,26.87,26.249,30.48,21,27.019,31.145,33.422,34.205,35,22,22.023,26.627,29.732,23.537,24.352,27.459,30.48,32.527,33.941,25.318,27.313,32.65,35.355,36.069,40.608,41.4,42.202,26.019,42.012,27.659,31.906,34.828,35.468,28.018,28.636,28.862,29.411,30.871,35,36.878,41.037,44.045,29.275,34.132,36.401,31.953,34.482,45.343,46.861,31.016,31.016,36.359,38.013,38.601,39.205,39.825,46.011,37.736,48.836,50.329,41.617,35.014,36.688,37,44.204,55.444,36.674,40.249,49.518,51.624,53.814,37.855,38.897,40.311,41.593,42.059,44.654,50.249,52.326,55.227,38.118,43.417,43.909,52.345
7.8102,5.099,7.2111,4.1231,5.831,5,3.1623,1.4142,1,5,0,2.2361,7.0711,6.7082,5,5,8.544,6.4031,7.8102,5.831,7.0711,10,11.402,8.544,8.2462,9.434,12.042,10.817,9.2195,9.0554,15,11.662,10.198,14.866,13.601,14.213,17.804,19.416,13.416,14.422,20.809,13.153,13.038,20.616,14,17.205,23.601,15.811,15.297,16.279,24.839,17.72,17.263,17.263,18.788,18.248,18.248,18.439,18.974,19.313,22.804,24.083,28.425,19.026,22.472,23.022,23.601,23.324,26.907,21.587,24.187,27.659,29.698,30.414,31.145,22.561,22.361,24.166,26.627,23,23.195,25.08,27.459,29.206,30.61,25.02,25.71,29.682,32.016,32.65,36.797,37.537,38.288,26.683,38.21,27.019,29.547,31.906,32.45,28.636,28.018,28.071,28.284,29.12,32.249,33.838,37.537,40.311,29.017,31.78,33.615,30.594,32.311,41.725,43.139,31.575,31.257,34.015,35.355,35.847,36.359,36.892,42.45,35.341,45.277,46.669,38.949,35.228,35.511,35.693,41.34,51.662,36.056,38.275,46.228,48.166,50.21,37.121,37.656,38.601,39.56,39.925,42.059,47.011,48.918,51.624,38.053,41.231,41.629,49.041
10,6.7082,9.434,5.831,8.0623,7.2111,4.1231,3.6056,2.8284,7.0711,2.2361,0,5,8.2462,6.3246,2.8284,6.3246,7.6158,8.9443,4.1231,5,7.8102,9.2195,8.6023,8.0623,7.6158,9.8995,11.314,8.9443,8.0623,12.806,12.042,9,12.728,11.662,12.207,15.62,17.205,11.705,12.53,18.601,12.649,12.369,18.439,13.153,15.264,21.401,15.652,14.866,15.033,22.672,17.464,16.763,16.031,17.088,17.72,17.029,17.117,17.464,17.72,20.809,22.023,26.249,18.028,20.591,21.095,21.633,21.471,24.839,21.19,22.361,25.612,27.586,28.284,29,22.136,21.84,22.472,24.698,22.091,22.023,23.409,25.554,27.203,28.601,24.187,24.331,27.785,30,30.61,34.655,35.384,36.125,26.249,36.069,26.019,27.857,30.017,30.529,28.16,27.019,27,27.074,27.659,30.414,31.906,35.468,38.184,28.16,30.083,31.765,29.275,30.676,39.623,41.012,31.048,30.594,32.311,33.541,34,34.482,34.986,40.361,33.615,43.186,44.553,37.121,34.525,34.234,34.366,39.446,49.518,35,36.688,44.204,46.098,48.104,36.014,36.346,37.108,37.947,38.275,40.249,45,46.861,49.518,37.216,39.56,39.925,47.011
14.318,10,13.928,9.434,12.649,11.705,7.2111,8.2462,7.2801,12.042,7.0711,5,0,13.153,11.18,3.6056,2.2361,12.369,13.601,5.6569,4.4721,5.099,6.3246,12.207,11.402,7.2801,7.2801,15.264,12.042,10,9.434,15.811,10.296,9.8489,10.05,10.198,12.207,13.454,11.045,11.045,14.866,15,14.422,15,14.765,13.342,17.692,18.439,17.205,15.524,19.209,20,18.868,16.492,16.031,19.723,17.464,17.263,17.029,17,18.385,19.235,22.672,18.974,18.682,18.974,19.313,19.647,21.954,23.324,20.616,22.825,24.413,25,25.612,24.187,23.707,21.213,22.472,23.087,22.361,22.204,23.409,24.597,25.942,25.298,24.021,25.632,27.295,27.785,31.241,31.89,32.558,28.178,32.65,26.683,26.476,27.857,28.231,29.967,27.659,27.459,27.166,27.019,28.46,29.547,32.45,34.828,29.12,28.636,29.732,29.017,29.428,36.401,37.643,32.696,31.953,30.806,31.623,31.953,32.311,32.696,37.202,32.016,40,41.231,35.114,35.735,34.015,34,37.162,46.011,35.355,35.511,41.34,43.012,44.822,36.222,36,36.222,36.674,36.878,38.275,42.19,43.829,46.228,38.079,38.079,38.328,44.102
8,9.434,7,8.6023,6.0828,6.3246,9.2195,6.4031,7.2111,3.1623,6.7082,8.2462,13.153,0,2,10,14,1.4142,2,9.2195,11.18,14.318,15.524,5.831,6.4031,12.083,15.811,6,7.2111,9.2195,18.974,7,10.63,18.385,16.125,17,21.541,23.409,15,16.643,24.698,10.77,11.18,24.166,12.53,19.416,27.313,12.042,12.369,15.811,28.178,14.036,14.318,16.643,19.799,15.297,17.493,18.028,19.209,19.849,25,26.627,31.765,17.464,24.083,24.839,25.612,24.759,29.411,18.028,25.456,30,32.45,33.287,34.132,19.026,19.105,24.839,28.32,20.881,21.932,25.612,29,31.241,32.65,22.561,25.06,31.113,34.059,34.828,39.661,40.497,41.34,23,41.049,25,30,33.242,33.941,25,25.962,26.249,26.926,28.653,33.302,35.355,39.825,43.012,26.476,32.202,34.713,29.547,32.45,44.204,45.804,28,28.071,34.409,36.235,36.878,37.537,38.21,44.822,35.805,47.634,49.204,39.825,32.062,34.176,34.54,42.521,54.406,33.956,38.079,48.104,50.329,52.631,35.171,36.401,38.013,39.446,39.962,42.802,48.795,50.99,54.037,35.228,41.34,41.881,50.931
8.2462,8.544,7.2801,7.6158,6.0828,6,7.8102,5,5.6569,3.1623,5,6.3246,11.18,2,0,8,12,1.4142,2.8284,7.2801,9.2195,12.369,13.601,5.099,5.3852,10.296,13.928,6.3246,6.3246,7.8102,17.088,7.2801,9.2195,16.553,14.422,15.264,19.698,21.541,13.454,15,22.847,10.198,10.44,22.361,11.705,17.804,25.495,12.042,12.042,14.765,26.42,14.036,14.036,15.652,18.439,15.033,16.553,17,18.028,18.601,23.431,25,30.017,16.763,22.627,23.345,24.083,23.345,27.803,18.028,24.083,28.425,30.806,31.623,32.45,19.026,19,23.601,26.87,20.396,21.19,24.413,27.586,29.732,31.145,22.204,24.166,29.732,32.558,33.302,38.013,38.833,39.661,23.087,39.408,24.515,28.844,31.89,32.558,25.08,25.495,25.71,26.249,27.731,32.016,33.971,38.288,41.4,26.173,31.064,33.422,28.792,31.385,42.638,44.204,28.071,28,33.287,35,35.609,36.235,36.878,43.278,34.67,46.098,47.634,38.601,32,33.526,33.838,41.231,52.802,33.541,37.121,46.669,48.836,51.088,34.713,35.735,37.162,38.471,38.949,41.617,47.381,49.518,52.498,35.057,40.311,40.817,49.497
12.806,9.434,12.207,8.6023,10.817,10,6.7082,6.4031,5.6569,9.4868,5,2.8284,3.6056,10,8,0,4,9.0554,10.198,2.2361,2.2361,5,6.4031,8.6023,7.8102,5.099,7.0711,11.662,8.4853,6.7082,10,12.207,7.2801,9.8995,8.9443,9.434,12.806,14.422,9.2195,9.8489,15.811,11.662,11.18,15.62,11.705,12.53,18.601,15,13.892,13.038,19.849,16.643,15.652,14.036,14.56,16.553,15.033,15,15.133,15.297,18.028,19.209,23.431,16.279,17.889,18.358,18.868,18.788,22.023,20.125,19.698,22.804,24.759,25.456,26.173,21.024,20.616,19.925,21.954,20.396,20.025,20.881,22.825,24.413,25.807,22.561,22.091,25.06,27.203,27.803,31.828,32.558,33.302,25.08,33.242,24.187,25.298,27.295,27.785,26.926,25.179,25.08,25,25.318,27.731,29.155,32.65,35.355,26.476,27.514,29.069,27.074,28.16,36.797,38.184,29.732,29.12,29.732,30.871,31.305,31.765,32.249,37.537,31.016,40.361,41.725,34.438,32.985,32.062,32.14,36.715,46.69,33.061,34.205,41.4,43.278,45.277,34.015,34.132,34.713,35.44,35.735,37.577,42.202,44.045,46.69,35.511,37,37.336,44.204
16.125,12.042,15.652,11.402,14.318,13.416,9.2195,9.8489,8.9443,13.342,8.544,6.3246,2.2361,14,12,4,0,13.038,14.142,5.3852,3.6056,3,4.1231,12.083,11.18,5.831,5.099,15.232,11.662,9.2195,7.2111,15.652,9.2195,7.6158,8,8.0623,10,11.314,9.2195,9,12.728,14.142,13.454,12.806,13.601,11.18,15.556,17.692,16.279,13.928,17.029,19.105,17.804,14.866,14,18.601,15.811,15.524,15.133,15.033,16.155,17,20.518,17.464,16.492,16.763,17.088,17.464,19.723,22.204,18.439,20.591,22.204,22.804,23.431,23.022,22.472,19.105,20.248,21.541,20.616,20.1,21.19,22.361,23.707,23.77,22.091,23.409,25.06,25.554,29.069,29.732,30.414,26.926,30.48,25,24.331,25.632,26,28.653,25.962,25.71,25.318,25,26.249,27.313,30.232,32.65,27.514,26.476,27.514,27.074,27.295,34.205,35.468,31.305,30.463,28.636,29.411,29.732,30.083,30.463,35,29.833,37.802,39.051,32.894,34.176,32.062,32.016,34.928,43.863,33.541,33.377,39.115,40.804,42.638,34.366,34.015,34.132,34.525,34.713,36.056,39.962,41.617,44.045,36.401,35.903,36.139,41.881
9.0554,9.8489,8.0623,8.9443,7,7.0711,9.2195,6.4031,7.0711,4,6.4031,7.6158,12.369,1.4142,1.4142,9.0554,13.038,0,1.4142,8.0623,10.05,13.153,14.318,4.4721,5,10.77,14.56,5.099,5.831,7.8102,17.72,6.0828,9.2195,17.088,14.765,15.652,20.248,22.136,13.601,15.264,23.409,9.4868,9.8489,22.847,11.18,18.028,26,11,11.18,14.422,26.833,13,13.153,15.264,18.385,14.142,16.125,16.643,17.804,18.439,23.601,25.239,30.414,16.155,22.672,23.431,24.207,23.345,28.018,17,24.042,28.601,31.064,31.906,32.757,18,18.028,23.431,26.907,19.647,20.616,24.207,27.586,29.833,31.241,21.378,23.707,29.698,32.65,33.422,38.275,39.115,39.962,22.023,39.661,23.77,28.601,31.828,32.527,24.021,24.739,25,25.632,27.295,31.89,33.941,38.419,41.617,25.318,30.806,33.302,28.231,31.064,42.802,44.407,27.019,27.019,33.015,34.828,35.468,36.125,36.797,43.417,34.409,46.228,47.802,38.419,31.016,32.894,33.242,41.11,53.009,32.757,36.715,46.69,48.918,51.225,33.956,35.114,36.674,38.079,38.588,41.4,47.381,49.578,52.631,34.132,39.962,40.497,49.518
10,11.18,9,10.296,8.0623,8.2462,10.63,7.8102,8.4853,5.099,7.8102,8.9443,13.601,2,2.8284,10.198,14.142,1.4142,0,9,11,14.036,15.133,4.2426,5,11.402,15.297,4,5.6569,8.0623,18.439,5,9.434,17.72,15.232,16.155,20.881,22.804,13.892,15.652,24.042,8.9443,9.434,23.409,10.817,18.358,26.571,10.05,10.44,14.213,27.313,12.042,12.369,15,18.439,13.342,15.811,16.401,17.692,18.385,23.854,25.554,30.871,15.652,22.804,23.601,24.413,23.431,28.302,16.031,24.083,28.844,31.385,32.249,33.121,17.029,17.117,23.345,27.019,18.974,20.125,24.083,27.659,30,31.401,20.616,23.324,29.732,32.802,33.601,38.588,39.446,40.311,21,39.962,23.087,28.425,31.828,32.558,23,24.042,24.352,25.08,26.926,31.828,33.971,38.601,41.881,24.515,30.61,33.242,27.731,30.806,43.012,44.654,26,26.077,32.802,34.713,35.384,36.069,36.77,43.6,34.205,46.4,48.01,38.288,30.067,32.311,32.696,41.037,53.254,32.016,36.359,46.755,49.041,51.4,33.242,34.54,36.235,37.736,38.275,41.231,47.424,49.679,52.802,33.242,39.661,40.224,49.578
13.454,10.77,12.728,9.8489,11.314,10.63,8.2462,7.2111,6.7082,9.434,5.831,4.1231,5.6569,9.2195,7.2801,2.2361,5.3852,8.0623,9,0,2,5.099,6.3246,6.7082,5.831,3.6056,6.7082,9.8489,6.4031,4.4721,9.8489,10.296,5.099,9.434,7.8102,8.4853,12.53,14.318,7.6158,8.6023,15.652,9.434,8.9443,15.264,9.4868,11.402,18.358,12.806,11.662,11,19.416,14.422,13.416,12,13,14.318,13,13.038,13.342,13.601,17.029,18.385,23.022,14.142,16.643,17.205,17.804,17.493,21.213,17.889,18.358,21.932,24.083,24.839,25.612,18.788,18.385,18.385,20.809,18.248,18,19.313,21.633,23.431,24.839,20.396,20.224,23.854,26.249,26.907,31.241,32.016,32.802,22.847,32.65,22.091,23.77,26.077,26.627,24.698,23.087,23.022,23.022,23.537,26.42,28.018,31.828,34.713,24.331,26,27.785,25.179,26.571,36.069,37.537,27.514,26.926,28.231,29.53,30.017,30.529,31.064,36.77,29.547,39.598,41.037,33.121,30.806,30.15,30.265,35.511,46.098,31.016,32.573,40.46,42.45,44.553,32,32.249,32.985,33.838,34.176,36.235,41.231,43.186,45.967,33.377,35.468,35.847,43.278
14.866,11.662,14.213,10.817,12.806,12.042,8.9443,8.4853,7.8102,11.18,7.0711,5,4.4721,11.18,9.2195,2.2361,3.6056,10.05,11,2,0,3.1623,4.4721,8.544,7.6158,3,5,11.705,8.0623,5.6569,8.0623,12.083,5.831,7.8102,6.7082,7.2111,10.817,12.53,7.0711,7.6158,13.892,10.63,10,13.601,10.296,10.296,16.643,14.142,12.806,11.18,17.804,15.62,14.422,12.166,12.369,15.264,13.153,13.038,13.038,13.153,15.811,17.029,21.401,14.56,15.652,16.125,16.643,16.553,19.849,18.868,17.464,20.616,22.627,23.345,24.083,19.723,19.235,17.72,19.723,18.682,18.111,18.682,20.591,22.204,23.601,20.881,20.025,22.825,25,25.612,29.732,30.48,31.241,23.707,31.145,22.361,23.087,25.06,25.554,25.495,23.345,23.195,23.022,23.195,25.495,26.926,30.48,33.242,24.739,25.298,26.833,25.02,25.962,34.655,36.069,28.231,27.514,27.514,28.636,29.069,29.53,30.017,35.384,28.792,38.21,39.598,32.202,31.321,30.017,30.067,34.482,44.598,31.145,32.016,39.205,41.11,43.139,32.062,32.062,32.558,33.242,33.526,35.341,40,41.869,44.553,33.734,34.785,35.114,42.012
17.804,14.213,17.205,13.454,15.811,15,11.402,11.402,10.63,14.318,10,7.8102,5.099,14.318,12.369,5,3,13.153,14.036,5.099,3.1623,0,1.4142,11.18,10.198,3.6056,2.2361,14.318,10.44,7.6158,5,14.56,7.2111,5,5,5.099,7.8102,9.434,6.3246,6,10.817,12.207,11.402,10.63,11.314,8.2462,13.601,15.811,14.213,11.18,14.866,17.029,15.556,12.083,11,16.279,13,12.649,12.166,12.042,13.416,14.422,18.439,14.765,13.601,13.928,14.318,14.56,17.205,19.849,15.524,18.028,19.849,20.518,21.213,20.616,20,16.125,17.464,18.788,17.72,17.117,18.385,19.723,21.095,21.024,19.105,20.616,22.472,23.022,26.87,27.586,28.32,24.413,28.284,22.136,21.378,22.847,23.259,26.077,23.087,22.804,22.361,22,23.409,24.597,27.803,30.414,24.698,23.537,24.698,24.083,24.331,31.89,33.242,28.653,27.731,25.71,26.571,26.926,27.313,27.731,32.65,26.926,35.468,36.797,30.083,31.385,29.069,29.017,32.202,41.725,30.594,30.414,36.62,38.419,40.361,31.401,31.016,31.145,31.575,31.78,33.242,37.443,39.205,41.773,33.526,32.985,33.242,39.408
19.209,15.62,18.601,14.866,17.205,16.401,12.806,12.806,12.042,15.652,11.402,9.2195,6.3246,15.524,13.601,6.4031,4.1231,14.318,15.133,6.3246,4.4721,1.4142,0,12.042,11.045,4.1231,1,15.133,11.18,8.2462,3.6056,15.297,7.6158,3.6056,4.1231,4,6.4031,8.0623,5.831,5.099,9.434,12.53,11.662,9.2195,11.402,7.0711,12.207,16.125,14.422,10.817,13.454,17.205,15.62,11.662,10.05,16.279,12.53,12.083,11.402,11.18,12.083,13.038,17.029,14.422,12.369,12.649,13,13.342,15.811,19.799,14.318,16.643,18.439,19.105,19.799,20.518,19.849,15.033,16.155,18.358,17.088,16.031,17.088,18.358,19.723,20.591,18.248,19.313,21.095,21.633,25.456,26.173,26.907,24.207,26.87,21.541,20.224,21.541,21.932,25.807,22.472,22.136,21.587,21.024,22.136,23.259,26.401,29,24.166,22.361,23.409,23.195,23.195,30.48,31.828,28.302,27.295,24.515,25.298,25.632,26,26.401,31.241,25.71,34.059,35.384,28.792,30.871,28.16,28.071,30.871,40.311,29.833,29.275,35.228,37.014,38.949,30.594,30.067,30.067,30.414,30.594,31.953,36.056,37.802,40.361,32.894,31.78,32.016,38.013
13.342,13.153,12.369,12.166,11.18,11.045,11.705,9.2195,9.4868,8.2462,8.544,8.6023,12.207,5.831,5.099,8.6023,12.083,4.4721,4.2426,6.7082,8.544,11.18,12.042,0,1,8,12,3.1623,1.4142,4.1231,15.033,3.6056,5.3852,14.142,11.402,12.369,17.263,19.235,9.8489,11.705,20.396,5.099,5.3852,19.647,6.7082,14.318,22.804,7.2801,7,10,23.409,9.2195,9,10.817,14.213,10,11.662,12.207,13.454,14.142,19.723,21.471,26.926,11.705,18.601,19.416,20.248,19.209,24.187,13.153,19.849,24.698,27.295,28.178,29.069,14.142,14.036,19.105,22.804,15.297,16.155,19.849,23.431,25.807,27.203,17.117,19.235,25.495,28.601,29.411,34.482,35.355,36.235,18.248,35.847,19.416,24.207,27.586,28.32,20.224,20.396,20.616,21.19,22.825,27.586,29.732,34.409,37.736,21.095,26.401,29,23.77,26.627,38.833,40.497,23.195,23.022,28.601,30.48,31.145,31.828,32.527,39.408,30,42.202,43.829,34.059,27.019,28.46,28.792,36.797,49.092,28.443,32.249,42.521,44.822,47.202,29.614,30.676,32.202,33.615,34.132,37.014,43.186,45.453,48.6,30.017,35.511,36.056,45.343
13.601,13.038,12.649,12.042,11.402,11.18,11.402,9.0554,9.2195,8.544,8.2462,8.0623,11.402,6.4031,5.3852,7.8102,11.18,5,5,5.831,7.6158,10.198,11.045,1,0,7,11,4.1231,1,3.1623,14.036,4.4721,4.4721,13.153,10.44,11.402,16.279,18.248,8.9443,10.77,19.416,5,5.099,18.682,6.3246,13.416,21.84,7.6158,7.0711,9.434,22.472,9.4868,9.0554,10.296,13.454,10.05,11.18,11.662,12.806,13.454,18.868,20.591,26,11.402,17.804,18.601,19.416,18.439,23.324,13.342,19.105,23.854,26.42,27.295,28.178,14.318,14.142,18.439,22.023,15.133,15.811,19.209,22.672,25,26.401,17.029,18.788,24.759,27.803,28.601,33.615,34.482,35.355,18.439,34.986,19.235,23.601,26.87,27.586,20.396,20.224,20.396,20.881,22.361,26.907,29,33.601,36.892,21.024,25.807,28.32,23.409,26.077,38.013,39.661,23.345,23.087,28.018,29.833,30.48,31.145,31.828,38.601,29.411,41.4,43.012,33.422,27.074,28.16,28.46,36.125,48.26,28.284,31.765,41.773,44.045,46.4,29.428,30.364,31.78,33.121,33.615,36.401,42.45,44.688,47.802,30,34.986,35.511,44.598
17.029,14.318,16.279,13.416,14.866,14.213,11.705,10.817,10.296,12.806,9.434,7.6158,7.2801,12.083,10.296,5.099,5.831,10.77,11.402,3.6056,3,3.6056,4.1231,8,7,0,4,11.045,7.0711,4.1231,7.0711,11.18,3.6056,6.3246,4.2426,5,9.4868,11.402,4.1231,5,12.649,8.6023,7.8102,12.083,7.8102,7.8102,15.232,12.207,10.63,8.2462,16.125,13.454,12.042,9.2195,9.4868,12.806,10.198,10.05,10.05,10.198,13.454,14.866,19.723,11.705,13.038,13.601,14.213,13.892,17.692,16.401,14.765,18.385,20.616,21.401,22.204,17.205,16.643,14.866,17.205,15.811,15.133,15.811,18.028,19.849,21.26,18.028,17.029,20.248,22.672,23.345,27.803,28.601,29.411,21.095,29.206,19.416,20.248,22.472,23.022,22.825,20.396,20.224,20.025,20.224,22.825,24.413,28.284,31.241,21.84,22.472,24.187,22.023,23.087,32.558,34.059,25.495,24.698,24.698,25.942,26.42,26.926,27.459,33.242,26,36.069,37.537,29.53,28.46,27.019,27.074,31.906,42.638,28.16,29.12,36.878,38.897,41.037,29.069,29.069,29.614,30.364,30.676,32.65,37.643,39.623,42.45,30.806,31.953,32.311,39.699
19.849,16.401,19.209,15.62,17.804,17.029,13.601,13.454,12.728,16.125,12.042,9.8995,7.2801,15.811,13.928,7.0711,5.099,14.56,15.297,6.7082,5,2.2361,1,12,11,4,0,15.033,11.045,8.0623,3.1623,15.133,7.2801,2.8284,3.1623,3,5.831,7.6158,5,4.1231,8.9443,12.083,11.18,8.6023,10.817,6.0828,11.662,15.652,13.892,10,12.806,16.643,15,10.817,9.0554,15.62,11.662,11.18,10.44,10.198,11.18,12.207,16.401,13.601,11.402,11.705,12.083,12.369,15,19.105,13.342,15.811,17.692,18.385,19.105,19.799,19.105,14.036,15.232,17.493,16.155,15.033,16.155,17.493,18.868,19.723,17.263,18.385,20.248,20.809,24.759,25.495,26.249,23.431,26.173,20.616,19.235,20.616,21.024,25,21.541,21.19,20.616,20.025,21.19,22.361,25.612,28.284,23.259,21.378,22.472,22.204,22.204,29.732,31.113,27.459,26.42,23.537,24.352,24.698,25.08,25.495,30.48,24.739,33.302,34.655,27.857,29.967,27.166,27.074,29.967,39.623,28.862,28.284,34.409,36.235,38.21,29.614,29.069,29.069,29.428,29.614,31.016,35.228,37.014,39.623,31.953,30.806,31.048,37.202
14,14.866,13,13.928,12.042,12.166,13.892,11.18,11.662,9.0554,10.817,11.314,15.264,6,6.3246,11.662,15.232,5.099,4,9.8489,11.705,14.318,15.133,3.1623,4.1231,11.045,15.033,0,4,7,18,1,8.0623,17.029,14.142,15.133,20.1,22.091,12.369,14.318,23.195,5.6569,6.4031,22.361,7.8102,16.763,25.495,6.0828,6.7082,11.402,25.962,8.0623,8.544,12.042,16.125,9.4868,12.728,13.454,15,15.811,21.932,23.77,29.411,12.207,20.591,21.471,22.361,21.095,26.401,12.042,21.633,26.833,29.547,30.463,31.385,13.038,13.153,20.616,24.698,15.232,16.643,21.26,25.239,27.785,29.155,16.763,20,27.203,30.529,31.385,36.674,37.577,38.484,17,38.013,19.313,25.456,29.206,30,19,20.248,20.616,21.471,23.601,29.069,31.401,36.359,39.825,20.616,27.586,30.48,24.187,27.659,40.817,42.544,22,22.091,29.732,31.828,32.558,33.302,34.059,41.34,31.145,44.102,45.793,35.355,26.077,28.636,29.069,38.21,51.108,28.16,33.015,44.204,46.615,49.092,29.411,30.871,32.757,34.409,35,38.21,44.822,47.202,50.478,29.275,36.401,37.014,47.011
14.56,14.036,13.601,13.038,12.369,12.166,12.369,10.05,10.198,9.4868,9.2195,8.9443,12.042,7.2111,6.3246,8.4853,11.662,5.831,5.6569,6.4031,8.0623,10.44,11.18,1.4142,1,7.0711,11.045,4,0,3,14,4.1231,4.1231,13.038,10.198,11.18,16.125,18.111,8.544,10.44,19.235,4,4.1231,18.439,5.3852,13,21.587,6.7082,6.0828,8.6023,22.136,8.544,8.0623,9.434,12.806,9.0554,10.296,10.817,12.042,12.728,18.358,20.125,25.632,10.44,17.205,18.028,18.868,17.804,22.825,12.369,18.439,23.324,25.942,26.833,27.731,13.342,13.153,17.692,21.401,14.142,14.866,18.439,22.023,24.413,25.807,16.031,17.889,24.083,27.203,28.018,33.121,34,34.886,17.464,34.482,18.248,22.804,26.173,26.907,19.416,19.235,19.416,19.925,21.471,26.173,28.32,33.015,36.359,20.025,25,27.586,22.472,25.239,37.443,39.115,22.361,22.091,27.203,29.069,29.732,30.414,31.113,38.013,28.601,40.804,42.438,32.65,26.077,27.203,27.514,35.384,47.707,27.295,30.887,41.11,43.417,45.804,28.443,29.411,30.871,32.249,32.757,35.609,41.773,44.045,47.202,29,34.132,34.67,43.932
15.652,14.142,14.765,13.153,13.416,13,12,10.198,10.05,10.817,9.0554,8.0623,10,9.2195,7.8102,6.7082,9.2195,7.8102,8.0623,4.4721,5.6569,7.6158,8.2462,4.1231,3.1623,4.1231,8.0623,7,3,0,11,7.0711,1.4142,10.05,7.2801,8.2462,13.153,15.133,5.831,7.6158,16.279,5,4.4721,15.524,5.099,10.296,18.682,8.4853,7.2111,7.2801,19.313,10,8.9443,8.2462,10.63,9.8489,9.2195,9.4868,10.296,10.817,15.811,17.493,22.847,10,14.866,15.62,16.401,15.556,20.248,13.416,16.279,20.809,23.324,24.187,25.06,14.318,13.928,15.811,19.105,14.036,14.142,16.643,19.799,22.023,23.431,16.125,16.763,21.932,24.839,25.612,30.529,31.385,32.249,18.385,31.906,18,21.095,24.083,24.759,20.248,19,19.026,19.235,20.248,24.207,26.173,30.61,33.838,20.1,23.324,25.612,21.587,23.707,35,36.62,23.087,22.561,25.554,27.203,27.803,28.425,29.069,35.609,26.926,38.419,40,30.806,26.476,26.476,26.683,33.422,45.222,27.019,29.547,38.897,41.11,43.417,28.071,28.636,29.732,30.871,31.305,33.838,39.598,41.773,44.822,29.155,32.65,33.121,41.725
22.804,19.105,22.204,18.385,20.809,20,16.279,16.401,15.62,19.235,15,12.806,9.434,18.974,17.088,10,7.2111,17.72,18.439,9.8489,8.0623,5,3.6056,15.033,14.036,7.0711,3.1623,18,14,11,0,18.028,10.05,1.4142,4.4721,3.6056,2.8284,4.4721,6.7082,5,5.831,14.56,13.601,5.6569,13,5.3852,8.6023,18.028,16.155,11.402,9.8995,18.788,17,12.042,8.9443,17.493,12.728,12.042,10.817,10.296,9.2195,9.8489,13.454,14.866,10,10.05,10.198,11,12.53,20.809,12,13.416,15,15.62,16.279,21.401,20.616,13.153,13.342,18.439,16.643,14.142,14.318,15.232,16.553,20.616,17.088,16.492,17.889,18.358,21.932,22.627,23.345,24.759,23.345,21.095,18,18.682,18.974,26.173,21.954,21.471,20.616,19.416,19.416,20.248,23.022,25.495,23.854,20.025,20.616,21.84,21,27.019,28.32,28.425,27.203,22.091,22.561,22.804,23.087,23.409,27.803,23.195,30.61,31.89,25.962,30.529,26.683,26.476,27.857,36.77,28.792,27.019,31.906,33.601,35.468,29.411,28.443,28.018,28.071,28.16,29.12,32.757,34.409,36.878,32.202,29.275,29.428,34.67
15,15.811,14,14.866,13.038,13.153,14.765,12.083,12.53,10.05,11.662,12.042,15.811,7,7.2801,12.207,15.652,6.0828,5,10.296,12.083,14.56,15.297,3.6056,4.4721,11.18,15.133,1,4.1231,7.0711,18.028,0,8,17,14.036,15.033,20.025,22.023,12.166,14.142,23.087,5,5.831,22.204,7.2111,16.492,25.318,5.099,5.831,10.817,25.71,7.0711,7.6158,11.402,15.652,8.544,12.042,12.806,14.422,15.264,21.541,23.409,29.12,11.402,20.125,21.024,21.932,20.591,26,11.045,21.095,26.401,29.155,30.083,31.016,12.042,12.166,20,24.187,14.318,15.811,20.616,24.698,27.295,28.653,15.811,19.209,26.627,30.017,30.887,36.249,37.162,38.079,16,37.577,18.385,24.759,28.601,29.411,18,19.313,19.698,20.591,22.804,28.425,30.806,35.847,39.357,19.647,26.87,29.833,23.324,26.907,40.311,42.059,21,21.095,29,31.145,31.89,32.65,33.422,40.817,30.414,43.566,45.277,34.655,25.08,27.731,28.178,37.537,50.606,27.203,32.202,43.6,46.043,48.549,28.46,29.967,31.906,33.601,34.205,37.483,44.204,46.615,49.93,28.284,35.609,36.235,46.4
17,15.297,16.125,14.318,14.765,14.318,13.038,11.402,11.18,12.207,10.198,9,10.296,10.63,9.2195,7.2801,9.2195,9.2195,9.434,5.099,5.831,7.2111,7.6158,5.3852,4.4721,3.6056,7.2801,8.0623,4.1231,1.4142,10.05,8,0,9,6.0828,7.0711,12.042,14.036,4.4721,6.3246,15.133,5,4.2426,14.318,4.4721,8.9443,17.464,8.6023,7.0711,6.0828,18.028,9.8995,8.6023,7.0711,9.2195,9.434,8.0623,8.2462,8.9443,9.434,14.422,16.125,21.541,9.0554,13.454,14.213,15,14.142,18.868,13.038,14.866,19.416,21.954,22.825,23.707,13.892,13.416,14.422,17.692,13.153,13.038,15.264,18.385,20.616,22.023,15.297,15.524,20.518,23.431,24.207,29.155,30.017,30.887,17.889,30.529,17.029,19.723,22.672,23.345,19.698,18.028,18,18.111,18.974,22.804,24.759,29.206,32.45,19.235,21.954,24.207,20.396,22.361,33.601,35.228,22.472,21.84,24.187,25.807,26.401,27.019,27.659,34.205,25.554,37.014,38.601,29.411,25.71,25.318,25.495,32.016,43.829,26,28.231,37.483,39.699,42.012,27.019,27.459,28.46,29.547,29.967,32.45,38.184,40.361,43.417,28.284,31.305,31.765,40.311
22.672,19.209,22.023,18.439,20.616,19.849,16.401,16.279,15.556,18.868,14.866,12.728,9.8489,18.385,16.553,9.8995,7.6158,17.088,17.72,9.434,7.8102,5,3.6056,14.142,13.153,6.3246,2.8284,17.029,13.038,10.05,1.4142,17,9,0,3.1623,2.2361,3.1623,5.099,5.3852,3.6056,6.3246,13.342,12.369,5.831,11.705,4.1231,8.9443,16.763,14.866,10,10,17.464,15.652,10.63,7.6158,16.125,11.314,10.63,9.434,8.9443,8.544,9.434,13.601,13.454,9.0554,9.2195,9.4868,10.05,12.207,19.416,11.045,13.038,14.866,15.556,16.279,20,19.209,12.042,12.649,17.029,15.264,13.038,13.601,14.765,16.125,19.209,15.811,15.811,17.493,18.028,21.932,22.672,23.431,23.345,23.345,19.723,17.029,18.028,18.385,24.759,20.591,20.125,19.313,18.248,18.682,19.698,22.804,25.456,22.472,19.105,19.925,20.616,20.025,26.907,28.284,27.019,25.807,21.213,21.84,22.136,22.472,22.847,27.659,22.361,30.48,31.828,25.298,29.155,25.495,25.318,27.313,36.797,27.514,26.077,31.623,33.422,35.384,28.16,27.295,27,27.166,27.295,28.46,32.45,34.205,36.797,30.871,28.443,28.636,34.409
21.26,18.358,20.518,17.493,19.105,18.439,15.652,15,14.422,17.029,13.601,11.662,10.05,16.125,14.422,8.9443,8,14.765,15.232,7.8102,6.7082,5,4.1231,11.402,10.44,4.2426,3.1623,14.142,10.198,7.2801,4.4721,14.036,6.0828,3.1623,0,1,6,8,2.2361,1,9.0554,10.198,9.2195,8.2462,8.544,3.6056,11.402,13.601,11.705,7.0711,12.083,14.318,12.53,7.8102,6,13.038,8.6023,8.0623,7.2801,7.0711,9.2195,10.63,15.652,10.63,8.9443,9.434,10,9.8489,13.454,16.401,10.77,14.142,16.401,17.205,18.028,17.029,16.279,11.18,13.038,14.422,13,12.166,13.892,15.62,17.029,16.643,14.142,16.125,18.439,19.105,23.601,24.413,25.239,20.518,25,17.464,16.492,18.358,18.868,22.023,18.385,18.028,17.464,17,18.788,20.248,24.042,27.019,20.125,18.682,20.125,19.105,19.416,28.32,29.833,24.413,23.324,20.881,21.932,22.361,22.825,23.324,29,22.136,31.828,33.302,25.495,26.833,24.083,24.021,27.785,38.419,25.71,25.495,32.65,34.655,36.797,26.476,26.019,26.173,26.683,26.926,28.636,33.422,35.384,38.21,28.792,28.16,28.46,35.468
21.932,18.868,21.213,18.028,19.799,19.105,16.125,15.62,15,17.804,14.213,12.207,10.198,17,15.264,9.434,8.0623,15.652,16.155,8.4853,7.2111,5.099,4,12.369,11.402,5,3,15.133,11.18,8.2462,3.6056,15.033,7.0711,2.2361,1,0,5,7,3.1623,1.4142,8.0623,11.18,10.198,7.2801,9.4868,3.1623,10.44,14.56,12.649,7.8102,11.18,15.232,13.416,8.4853,6.0828,13.892,9.2195,8.6023,7.6158,7.2801,8.6023,9.8995,14.765,11.314,8.544,8.9443,9.434,9.4868,12.728,17.205,10.44,13.454,15.62,16.401,17.205,17.804,17.029,11.045,12.53,15,13.416,12.042,13.416,15,16.401,17.205,14.318,15.652,17.804,18.439,22.804,23.601,24.413,21.213,24.207,17.889,16.279,17.889,18.358,22.672,18.788,18.385,17.72,17.029,18.385,19.723,23.345,26.249,20.591,18.439,19.698,19.235,19.235,27.586,29.069,25,23.854,20.616,21.541,21.932,22.361,22.825,28.284,21.84,31.113,32.558,25.08,27.295,24.187,24.083,27.295,37.643,25.962,25.318,32.016,33.971,36.069,26.683,26.077,26.077,26.476,26.683,28.231,32.802,34.713,37.483,29.155,27.893,28.16,34.828
25.612,21.932,25,21.213,23.601,22.804,19.105,19.209,18.439,21.954,17.804,15.62,12.207,21.541,19.698,12.806,10,20.248,20.881,12.53,10.817,7.8102,6.4031,17.263,16.279,9.4868,5.831,20.1,16.125,13.153,2.8284,20.025,12.042,3.1623,6,5,0,2,8.0623,6.0828,3.1623,16.125,15.133,2.8284,14.318,5,5.831,19.416,17.464,12.083,7.0711,19.925,18.028,12.53,8.4853,18.385,13.038,12.207,10.63,9.8995,7,7.2801,10.63,15.264,8.2462,8.0623,8,9.2195,9.8489,21.471,10.198,10.77,12.207,12.806,13.454,21.954,21.095,11.705,11.045,18.439,16.279,12.649,12.042,12.649,13.928,20.518,16.125,14.142,15.232,15.652,19.105,19.799,20.518,25,20.518,20.616,16.125,16.279,16.492,26.249,21.401,20.809,19.723,18.028,17.117,17.72,20.248,22.672,23.431,18.028,18.248,20.616,19.105,24.207,25.495,28.284,26.907,20,20.224,20.396,20.616,20.881,25,21.024,27.803,29.069,23.537,30,25.298,25,25.298,33.941,27.731,25.02,29.155,30.806,32.65,28.231,26.926,26.173,26,26.019,26.683,30.017,31.623,34.059,31.385,27.074,27.166,31.906
27.203,23.345,26.627,22.672,25.239,24.413,20.518,20.809,20,23.707,19.416,17.205,13.454,23.409,21.541,14.422,11.314,22.136,22.804,14.318,12.53,9.434,8.0623,19.235,18.248,11.402,7.6158,22.091,18.111,15.133,4.4721,22.023,14.036,5.099,8,7,2,0,10.05,8.0623,1.4142,18.111,17.117,2,16.279,6.7082,4.2426,21.378,19.416,13.928,5.831,21.84,19.925,14.318,10,20.248,14.765,13.892,12.207,11.402,7.2801,7,9.2195,17,8.9443,8.544,8.2462,9.8489,9.2195,23.259,10.77,10.198,11.18,11.662,12.207,23.707,22.825,12.53,11.045,20,17.692,13.416,12.042,12.166,13.342,22.023,17.205,14,14.56,14.866,17.804,18.439,19.105,26.627,19.209,21.932,16.492,16.031,16.125,27.803,22.672,22.023,20.809,18.788,17,17.263,19.235,21.401,24.759,18.248,18.028,21.471,19.416,23.022,24.207,29.732,28.284,20.1,20.025,20.1,20.224,20.396,23.854,21.024,26.627,27.803,23.195,31.241,26,25.632,24.739,32.558,28.653,25.179,28.178,29.682,31.401,29.069,27.514,26.476,26.077,26.019,26.306,29.069,30.529,32.802,32.45,27,27.019,30.887
20.809,18.385,20,17.464,18.601,18.028,15.811,14.765,14.318,16.279,13.416,11.705,11.045,15,13.454,9.2195,9.2195,13.601,13.892,7.6158,7.0711,6.3246,5.831,9.8489,8.9443,4.1231,5,12.369,8.544,5.831,6.7082,12.166,4.4721,5.3852,2.2361,3.1623,8.0623,10.05,0,2,11,8.0623,7.0711,10.05,6.3246,4.4721,13.153,11.402,9.4868,5,13.601,12.083,10.296,5.831,5.3852,10.817,6.7082,6.3246,6,6.0828,10,11.662,17.088,8.6023,9.2195,9.8995,10.63,10,14.422,14.213,10.817,15,17.493,18.358,19.235,14.866,14.142,10.77,13.454,12.53,11.402,11.705,14.213,16.279,17.692,14.765,13,16.401,19.105,19.849,24.698,25.554,26.42,18.439,26.077,15.811,16.155,18.601,19.209,20,16.763,16.492,16.125,16.125,18.868,20.616,24.839,28.018,18.385,18.385,20.248,18,18.974,29.206,30.806,22.472,21.471,20.616,21.954,22.472,23.022,23.601,29.833,21.932,32.65,34.205,25.554,25.08,23,23.022,28.018,39.408,24.331,25,33.242,35.384,37.643,25.179,25.02,25.495,26.249,26.571,28.653,33.971,36.069,39.051,27.203,27.857,28.231,36.069
22.023,19.235,21.26,18.358,19.849,19.209,16.553,15.811,15.264,17.692,14.422,12.53,11.045,16.643,15,9.8489,9,15.264,15.652,8.6023,7.6158,6,5.099,11.705,10.77,5,4.1231,14.318,10.44,7.6158,5,14.142,6.3246,3.6056,1,1.4142,6.0828,8.0623,2,0,9,10.05,9.0554,8.0623,8.2462,2.8284,11.18,13.342,11.402,6.4031,11.705,13.928,12.083,7.0711,5,12.53,7.8102,7.2111,6.3246,6.0828,8.4853,10,15.232,9.8995,8.0623,8.6023,9.2195,8.9443,12.806,15.811,9.8489,13.454,15.811,16.643,17.493,16.401,15.62,10.198,12.207,13.601,12.083,11.18,13.038,14.866,16.279,15.811,13.153,15.264,17.692,18.385,23.022,23.854,24.698,19.799,24.413,16.553,15.524,17.493,18.028,21.26,17.464,17.088,16.492,16,17.889,19.416,23.345,26.401,19.235,17.72,19.235,18.111,18.439,27.659,29.206,23.601,22.472,19.925,21.024,21.471,21.954,22.472,28.32,21.19,31.145,32.65,24.597,25.942,23.087,23.022,26.926,37.802,24.739,24.515,31.89,33.941,36.125,25.495,25.02,25.179,25.71,25.962,27.731,32.65,34.655,37.537,27.857,27.203,27.514,34.713
