9.402100e+01,0.000000e+00,7.138600e+01,1.654200e+02,2.333200e+02,3.401900e+02,4.177000e+02,5.025700e+02,5.403000e+02,5.341800e+02,5.153000e+02,4.976900e+02,4.814100e+02,4.820200e+02,4.914700e+02,1.056800e+02,1.612500e+02,2.157100e+02,2.430200e+02,2.762000e+02,2.863600e+02,2.638000e+02,2.217200e+02,1.869500e+02,1.100000e+02,3.706200e+02,4.026400e+02,4.291600e+02,4.545400e+02,4.742400e+02,4.817500e+02,4.603200e+02,4.338200e+02,4.021400e+02,3.728600e+02,1.280200e+02,1.689600e+02,1.970200e+02,2.305600e+02,2.540100e+02,2.386800e+02,2.048400e+02,1.649800e+02,3.620000e+02,3.840500e+02,4.122400e+02,4.381100e+02,4.520400e+02,4.447600e+02,4.168100e+02,3.804300e+02,2.931600e+02,2.924400e+02,3.022400e+02,2.781800e+02,3.007200e+02,3.507500e+02,3.686400e+02,3.815800e+02,3.942000e+02,3.766000e+02,3.431400e+02,3.427100e+02,3.706500e+02,3.191000e+02,3.284000e+02,3.483100e+02,3.877500e+02,4.273300e+02,4.499300e+02,4.589500e+02,4.582500e+02,4.363600e+02,3.986500e+02,3.755400e+02,3.352600e+02,3.193300e+02,4.389500e+02,4.206100e+02,3.836300e+02,3.498300e+02,3.737400e+02,3.992200e+02,4.164300e+02
1.647800e+02,7.138600e+01,0.000000e+00,9.425500e+01,1.620900e+02,2.703000e+02,3.492800e+02,4.376500e+02,4.818400e+02,4.809400e+02,4.735700e+02,4.632500e+02,4.620000e+02,4.738100e+02,4.965700e+02,1.448000e+02,1.895000e+02,2.341400e+02,2.562600e+02,2.837000e+02,2.960700e+02,2.802600e+02,2.448800e+02,2.178100e+02,1.548300e+02,3.719000e+02,4.030500e+02,4.296800e+02,4.536200e+02,4.724600e+02,4.818700e+02,4.635900e+02,4.391400e+02,4.068500e+02,3.771200e+02,1.327400e+02,1.625400e+02,1.887400e+02,2.226500e+02,2.505700e+02,2.406700e+02,2.148500e+02,1.739100e+02,3.549700e+02,3.754900e+02,4.019200e+02,4.282200e+02,4.445400e+02,4.405900e+02,4.133000e+02,3.764300e+02,2.941100e+02,2.832000e+02,2.781200e+02,2.416600e+02,2.607200e+02,3.138500e+02,3.313500e+02,3.458600e+02,3.620700e+02,3.541400e+02,3.306800e+02,3.406600e+02,3.400000e+02,2.592700e+02,2.699000e+02,2.893900e+02,3.290800e+02,3.716000e+02,3.966100e+02,4.099000e+02,4.138800e+02,3.929400e+02,3.558200e+02,3.293900e+02,2.871200e+02,2.672000e+02,3.901200e+02,3.750700e+02,3.331600e+02,2.984400e+02,3.190100e+02,3.468300e+02,3.656700e+02
2.577800e+02,1.654200e+02,9.425500e+01,0.000000e+00,6.791200e+01,1.771800e+02,2.579400e+02,3.509100e+02,4.044000e+02,4.114600e+02,4.216600e+02,4.224700e+02,4.428300e+02,4.695700e+02,5.090500e+02,2.178200e+02,2.478100e+02,2.776200e+02,2.918200e+02,3.101000e+02,3.241000e+02,3.174000e+02,2.923400e+02,2.754900e+02,2.306300e+02,3.845700e+02,4.130400e+02,4.386300e+02,4.597400e+02,4.768000e+02,4.883600e+02,4.748100e+02,4.538900e+02,4.221600e+02,3.932900e+02,1.798900e+02,1.898400e+02,2.081200e+02,2.368100e+02,2.668100e+02,2.647600e+02,2.514700e+02,2.158000e+02,3.577700e+02,3.750700e+02,3.977600e+02,4.234600e+02,4.423300e+02,4.429400e+02,4.177000e+02,3.820100e+02,3.116000e+02,2.885100e+02,2.631000e+02,2.114400e+02,2.225800e+02,2.762600e+02,2.920300e+02,3.081000e+02,3.288800e+02,3.356700e+02,3.277600e+02,3.508900e+02,3.103400e+02,1.851500e+02,1.978000e+02,2.155600e+02,2.542800e+02,3.005400e+02,3.287900e+02,3.485100e+02,3.596900e+02,3.409700e+02,3.063700e+02,2.758600e+02,2.328000e+02,2.071700e+02,3.296800e+02,3.204600e+02,2.722500e+02,2.377000e+02,2.514400e+02,2.821200e+02,3.029500e+02
3.255800e+02,2.333200e+02,1.620900e+02,6.791200e+01,0.000000e+00,1.128000e+02,1.956700e+02,2.937300e+02,3.568900e+02,3.719000e+02,3.982500e+02,4.086000e+02,4.454700e+02,4.823700e+02,5.324100e+02,2.800700e+02,3.036400e+02,3.255800e+02,3.351700e+02,3.476700e+02,3.620500e+02,3.606300e+02,3.417100e+02,3.301600e+02,2.935400e+02,4.111000e+02,4.369800e+02,4.612000e+02,4.799100e+02,4.953600e+02,5.081300e+02,4.980200e+02,4.798800e+02,4.492900e+02,4.217800e+02,2.346800e+02,2.353000e+02,2.479500e+02,2.714500e+02,3.006700e+02,3.032100e+02,2.972100e+02,2.660300e+02,3.788000e+02,3.932900e+02,4.126300e+02,4.371000e+02,4.572300e+02,4.609800e+02,4.378000e+02,4.040000e+02,3.438900e+02,3.144100e+02,2.768800e+02,2.183600e+02,2.217200e+02,2.714500e+02,2.847400e+02,3.012300e+02,3.247200e+02,3.426600e+02,3.462100e+02,3.770400e+02,3.099700e+02,1.508500e+02,1.647800e+02,1.788900e+02,2.140100e+02,2.624300e+02,2.930700e+02,3.185200e+02,3.361000e+02,3.201000e+02,2.893600e+02,2.567800e+02,2.160900e+02,1.870700e+02,3.013000e+02,2.980100e+02,2.461300e+02,2.140800e+02,2.195400e+02,2.515600e+02,2.734400e+02
4.295200e+02,3.401900e+02,2.703000e+02,1.771800e+02,1.128000e+02,0.000000e+00,8.345100e+01,1.853000e+02,2.601600e+02,2.870100e+02,3.386400e+02,3.643400e+02,4.266600e+02,4.786800e+02,5.445000e+02,3.695700e+02,3.806400e+02,3.883300e+02,3.898400e+02,3.921900e+02,4.063200e+02,4.136600e+02,4.059600e+02,4.039900e+02,3.838900e+02,4.337800e+02,4.540000e+02,4.747900e+02,4.886400e+02,5.007600e+02,5.150500e+02,5.111200e+02,4.984000e+02,4.710600e+02,4.471500e+02,3.140100e+02,3.009500e+02,3.041600e+02,3.175200e+02,3.427900e+02,3.522800e+02,3.581600e+02,3.361500e+02,3.944000e+02,4.033200e+02,4.159300e+02,4.370100e+02,4.582100e+02,4.670000e+02,4.484000e+02,4.196100e+02,3.801600e+02,3.428600e+02,2.901700e+02,2.302400e+02,2.205200e+02,2.551200e+02,2.624200e+02,2.776200e+02,3.032100e+02,3.380200e+02,3.600000e+02,4.011200e+02,2.963300e+02,1.104500e+02,1.212100e+02,1.225900e+02,1.416600e+02,1.875400e+02,2.195400e+02,2.529900e+02,2.802600e+02,2.703800e+02,2.496500e+02,2.178200e+02,1.889900e+02,1.613200e+02,2.401400e+02,2.477200e+02,1.959800e+02,1.747300e+02,1.630800e+02,1.922700e+02,2.132100e+02
5.043500e+02,4.177000e+02,3.492800e+02,2.579400e+02,1.956700e+02,8.345100e+01,0.000000e+00,1.047900e+02,1.905200e+02,2.285400e+02,3.014200e+02,3.390000e+02,4.186900e+02,4.801000e+02,5.554400e+02,4.362500e+02,4.396500e+02,4.384600e+02,4.348800e+02,4.306700e+02,4.440600e+02,4.567900e+02,4.564400e+02,4.604300e+02,4.507800e+02,4.559000e+02,4.713800e+02,4.889500e+02,4.988400e+02,5.081300e+02,5.230900e+02,5.237600e+02,5.153000e+02,4.911600e+02,4.706200e+02,3.764900e+02,3.564500e+02,3.541400e+02,3.606900e+02,3.821000e+02,3.954300e+02,4.083100e+02,3.926200e+02,4.133400e+02,4.178900e+02,4.250600e+02,4.427200e+02,4.638500e+02,4.759900e+02,4.614100e+02,4.373800e+02,4.138100e+02,3.733600e+02,3.144100e+02,2.600000e+02,2.428700e+02,2.617300e+02,2.634900e+02,2.760100e+02,3.008300e+02,3.457700e+02,3.795400e+02,4.256200e+02,3.006700e+02,1.338200e+02,1.368200e+02,1.255400e+02,1.191000e+02,1.503300e+02,1.789400e+02,2.168100e+02,2.507300e+02,2.473900e+02,2.378600e+02,2.112100e+02,1.976900e+02,1.777300e+02,2.097200e+02,2.267200e+02,1.831000e+02,1.763900e+02,1.516000e+02,1.711300e+02,1.874500e+02
5.837400e+02,5.025700e+02,4.376500e+02,3.509100e+02,2.937300e+02,1.853000e+02,1.047900e+02,0.000000e+00,9.808200e+01,1.505900e+02,2.474900e+02,2.980300e+02,3.949300e+02,4.651900e+02,5.496800e+02,5.051000e+02,4.983500e+02,4.859800e+02,4.762300e+02,4.641100e+02,4.760000e+02,4.949100e+02,5.037700e+02,5.152300e+02,5.195800e+02,4.679700e+02,4.768300e+02,4.896500e+02,4.941600e+02,4.995400e+02,5.147700e+02,5.212000e+02,5.184000e+02,4.991900e+02,4.837100e+02,4.417100e+02,4.140000e+02,4.052300e+02,4.033700e+02,4.189400e+02,4.362200e+02,4.570600e+02,4.497600e+02,4.236200e+02,4.225000e+02,4.225000e+02,4.349400e+02,4.549500e+02,4.707500e+02,4.618700e+02,4.449300e+02,4.421100e+02,4.001200e+02,3.381500e+02,2.957400e+02,2.725900e+02,2.704100e+02,2.651500e+02,2.726200e+02,2.935000e+02,3.468300e+02,3.926100e+02,4.420900e+02,3.017600e+02,1.890800e+02,1.840500e+02,1.651300e+02,1.332200e+02,1.275800e+02,1.404300e+02,1.759700e+02,2.137000e+02,2.200500e+02,2.272000e+02,2.124200e+02,2.202300e+02,2.134100e+02,1.789400e+02,2.057700e+02,1.833200e+02,1.962500e+02,1.641100e+02,1.640700e+02,1.689600e+02
6.125400e+02,5.403000e+02,4.818400e+02,4.044000e+02,3.568900e+02,2.601600e+02,1.905200e+02,9.808200e+01,0.000000e+00,6.000000e+01,1.682400e+02,2.258500e+02,3.314500e+02,4.060800e+02,4.954700e+02,5.236900e+02,5.062500e+02,4.829100e+02,4.674600e+02,4.482300e+02,4.581700e+02,4.822200e+02,4.998000e+02,5.184400e+02,5.376400e+02,4.320700e+02,4.346600e+02,4.428300e+02,4.425700e+02,4.444900e+02,4.594600e+02,4.705100e+02,4.726500e+02,4.584400e+02,4.480700e+02,4.588000e+02,4.244600e+02,4.096600e+02,3.996200e+02,4.086400e+02,4.288100e+02,4.564600e+02,4.580200e+02,3.882500e+02,3.820800e+02,3.757300e+02,3.830500e+02,4.012600e+02,4.195500e+02,4.159300e+02,4.060200e+02,4.224400e+02,3.813700e+02,3.211800e+02,2.943300e+02,2.684800e+02,2.469100e+02,2.357700e+02,2.374300e+02,2.520700e+02,3.081000e+02,3.616000e+02,4.114100e+02,2.672700e+02,2.225800e+02,2.122100e+02,1.925200e+02,1.528400e+02,1.153800e+02,1.030900e+02,1.220200e+02,1.550500e+02,1.700100e+02,1.923500e+02,1.922700e+02,2.183600e+02,2.248300e+02,1.352000e+02,1.652200e+02,1.700000e+02,1.975900e+02,1.688100e+02,1.502700e+02,1.416800e+02
5.997900e+02,5.341800e+02,4.809400e+02,4.114600e+02,3.719000e+02,2.870100e+02,2.285400e+02,1.505900e+02,6.000000e+01,0.000000e+00,1.092500e+02,1.682400e+02,2.755400e+02,3.510500e+02,4.415800e+02,5.060300e+02,4.826100e+02,4.534900e+02,4.351800e+02,4.124900e+02,4.212200e+02,4.475800e+02,4.696000e+02,4.919300e+02,5.194300e+02,3.865100e+02,3.861900e+02,3.922500e+02,3.900600e+02,3.906400e+02,4.054100e+02,4.181100e+02,4.222300e+02,4.103100e+02,4.024100e+02,4.414700e+02,4.040000e+02,3.860800e+02,3.716200e+02,3.767300e+02,3.980500e+02,4.289200e+02,4.355100e+02,3.436600e+02,3.351700e+02,3.260000e+02,3.310200e+02,3.483000e+02,3.674000e+02,3.660200e+02,3.594300e+02,3.851700e+02,3.455100e+02,2.881700e+02,2.716000e+02,2.456000e+02,2.137800e+02,1.998500e+02,1.979600e+02,2.082800e+02,2.637000e+02,3.197600e+02,3.687100e+02,2.266500e+02,2.263200e+02,2.137800e+02,1.959800e+02,1.582400e+02,1.109200e+02,8.440400e+01,8.318700e+01,1.075200e+02,1.266500e+02,1.565900e+02,1.660100e+02,2.008400e+02,2.149000e+02,1.015500e+02,1.288100e+02,1.513300e+02,1.843900e+02,1.619900e+02,1.349500e+02,1.188300e+02
5.668500e+02,5.153000e+02,4.735700e+02,4.216600e+02,3.982500e+02,3.386400e+02,3.014200e+02,2.474900e+02,1.682400e+02,1.092500e+02,0.000000e+00,6.053100e+01,1.691900e+02,2.453800e+02,3.370000e+02,4.666500e+02,4.327600e+02,3.935900e+02,3.704100e+02,3.417600e+02,3.478200e+02,3.778100e+02,4.076600e+02,4.363200e+02,4.786000e+02,2.973200e+02,2.914300e+02,2.935400e+02,2.880300e+02,2.864500e+02,3.008100e+02,3.160100e+02,3.233900e+02,3.157500e+02,3.126400e+02,4.052500e+02,3.636300e+02,3.405900e+02,3.182000e+02,3.152300e+02,3.377700e+02,3.736200e+02,3.896500e+02,2.577500e+02,2.448300e+02,2.302400e+02,2.307000e+02,2.460300e+02,2.662700e+02,2.689900e+02,2.689600e+02,3.124900e+02,2.776200e+02,2.305200e+02,2.374000e+02,2.146600e+02,1.658600e+02,1.481200e+02,1.377700e+02,1.349500e+02,1.826000e+02,2.407100e+02,2.857300e+02,1.586200e+02,2.480100e+02,2.340100e+02,2.227300e+02,1.969800e+02,1.531000e+02,1.226500e+02,8.602300e+01,6.229000e+01,8.104300e+01,1.177500e+02,1.460100e+02,1.891900e+02,2.147100e+02,9.899500e+01,1.012700e+02,1.521200e+02,1.850800e+02,1.804000e+02,1.486600e+02,1.267800e+02
5.405800e+02,4.976900e+02,4.632500e+02,4.224700e+02,4.086000e+02,3.643400e+02,3.390000e+02,2.980300e+02,2.258500e+02,1.682400e+02,6.053100e+01,0.000000e+00,1.086600e+02,1.848800e+02,2.765900e+02,4.384200e+02,3.992400e+02,3.551100e+02,3.295900e+02,2.980700e+02,3.024200e+02,3.339300e+02,3.677100e+02,3.994500e+02,4.493200e+02,2.437000e+02,2.348900e+02,2.350900e+02,2.283200e+02,2.261400e+02,2.404100e+02,2.562000e+02,2.647400e+02,2.590800e+02,2.584900e+02,3.802400e+02,3.374300e+02,3.121300e+02,2.857500e+02,2.778900e+02,3.004700e+02,3.382900e+02,3.594500e+02,2.068900e+02,1.915100e+02,1.739500e+02,1.719800e+02,1.863900e+02,2.069700e+02,2.115200e+02,2.150800e+02,2.683700e+02,2.376600e+02,1.999700e+02,2.217200e+02,2.032100e+02,1.494700e+02,1.322000e+02,1.173900e+02,1.037900e+02,1.386200e+02,1.949100e+02,2.359800e+02,1.279100e+02,2.634000e+02,2.498200e+02,2.428700e+02,2.254200e+02,1.888100e+02,1.627900e+02,1.244800e+02,8.840800e+01,9.402100e+01,1.193600e+02,1.522400e+02,1.926700e+02,2.215300e+02,1.292700e+02,1.166200e+02,1.688700e+02,1.961200e+02,2.013200e+02,1.726600e+02,1.530800e+02
5.060000e+02,4.814100e+02,4.620000e+02,4.428300e+02,4.454700e+02,4.266600e+02,4.186900e+02,3.949300e+02,3.314500e+02,2.755400e+02,1.691900e+02,1.086600e+02,0.000000e+00,7.623600e+01,1.681100e+02,4.035200e+02,3.550800e+02,3.023200e+02,2.729500e+02,2.366800e+02,2.363000e+02,2.695800e+02,3.108300e+02,3.479400e+02,4.118100e+02,1.584900e+02,1.403600e+02,1.337000e+02,1.223800e+02,1.180700e+02,1.320200e+02,1.496300e+02,1.619100e+02,1.629800e+02,1.705500e+02,3.549700e+02,3.127000e+02,2.847900e+02,2.522900e+02,2.340100e+02,2.544500e+02,2.937900e+02,3.247200e+02,1.348300e+02,1.132300e+02,8.637100e+01,7.271900e+01,8.160900e+01,1.030900e+02,1.149100e+02,1.315900e+02,2.084700e+02,1.923300e+02,1.841000e+02,2.314600e+02,2.238900e+02,1.753300e+02,1.649800e+02,1.492500e+02,1.238200e+02,1.083000e+02,1.410400e+02,1.636800e+02,1.355600e+02,3.173700e+02,3.056400e+02,3.052200e+02,2.998100e+02,2.744000e+02,2.548500e+02,2.191800e+02,1.815700e+02,1.758400e+02,1.810400e+02,2.102400e+02,2.387300e+02,2.679200e+02,2.169100e+02,1.936600e+02,2.362800e+02,2.520300e+02,2.690700e+02,2.476900e+02,2.333200e+02
4.923000e+02,4.820200e+02,4.738100e+02,4.695700e+02,4.823700e+02,4.786800e+02,4.801000e+02,4.651900e+02,4.060800e+02,3.510500e+02,2.453800e+02,1.848800e+02,7.623600e+01,0.000000e+00,9.200000e+01,3.929400e+02,3.393500e+02,2.824500e+02,2.518600e+02,2.145600e+02,2.096200e+02,2.416100e+02,2.868100e+02,3.264700e+02,3.988500e+02,1.208100e+02,9.213000e+01,7.375600e+01,5.325400e+01,4.317400e+01,5.614300e+01,7.725300e+01,9.602100e+01,1.084100e+02,1.270100e+02,3.540500e+02,3.147700e+02,2.870100e+02,2.527900e+02,2.280100e+02,2.444000e+02,2.816000e+02,3.183100e+02,1.200700e+02,9.850900e+01,7.227700e+01,4.617400e+01,3.006700e+01,4.390900e+01,6.957000e+01,1.029600e+02,1.912700e+02,1.910500e+02,2.069400e+02,2.640100e+02,2.634900e+02,2.236100e+02,2.179500e+02,2.043500e+02,1.792900e+02,1.416100e+02,1.436100e+02,1.411500e+02,1.824800e+02,3.682300e+02,3.579300e+02,3.607600e+02,3.612000e+02,3.413400e+02,3.247800e+02,2.908000e+02,2.537500e+02,2.451500e+02,2.435200e+02,2.689300e+02,2.900000e+02,3.174000e+02,2.862500e+02,2.605000e+02,2.972000e+02,3.070400e+02,3.285900e+02,3.111900e+02,2.994500e+02
4.840000e+02,4.914700e+02,4.965700e+02,5.090500e+02,5.324100e+02,5.445000e+02,5.554400e+02,5.496800e+02,4.954700e+02,4.415800e+02,3.370000e+02,2.765900e+02,1.681100e+02,9.200000e+01,0.000000e+00,3.924700e+02,3.355300e+02,2.778500e+02,2.489200e+02,2.154200e+02,2.051800e+02,2.307000e+02,2.763500e+02,3.161600e+02,3.951400e+02,1.253000e+02,9.604200e+01,7.121800e+01,5.660400e+01,5.099000e+01,3.622200e+01,3.440900e+01,5.772300e+01,8.984400e+01,1.195500e+02,3.673100e+02,3.340500e+02,3.086300e+02,2.757700e+02,2.466200e+02,2.561600e+02,2.867800e+02,3.274300e+02,1.536700e+02,1.414500e+02,1.303800e+02,1.147700e+02,9.486800e+01,7.964900e+01,9.620800e+01,1.284100e+02,2.024800e+02,2.205500e+02,2.576400e+02,3.183500e+02,3.242300e+02,2.939900e+02,2.922500e+02,2.809400e+02,2.576200e+02,2.097000e+02,1.870200e+02,1.583500e+02,2.548500e+02,4.351100e+02,4.264300e+02,4.322300e+02,4.380900e+02,4.236100e+02,4.099300e+02,3.777700e+02,3.415300e+02,3.307700e+02,3.239300e+02,3.455800e+02,3.596700e+02,3.845100e+02,3.713200e+02,3.439100e+02,3.749500e+02,3.794200e+02,4.044000e+02,3.908700e+02,3.815800e+02
1.029600e+02,1.056800e+02,1.448000e+02,2.178200e+02,2.800700e+02,3.695700e+02,4.362500e+02,5.051000e+02,5.236900e+02,5.060300e+02,4.666500e+02,4.384200e+02,4.035200e+02,3.929400e+02,3.924700e+02,0.000000e+00,5.727100e+01,1.146300e+02,1.441200e+02,1.800400e+02,1.881700e+02,1.621000e+02,1.178800e+02,8.143700e+01,1.456000e+01,2.761200e+02,3.080600e+02,3.340000e+02,3.600200e+02,3.800500e+02,3.860800e+02,3.627900e+02,3.353400e+02,3.045300e+02,2.761200e+02,6.490000e+01,1.033200e+02,1.264900e+02,1.538400e+02,1.695400e+02,1.499100e+02,1.114600e+02,7.962400e+01,2.749600e+02,2.977000e+02,3.267400e+02,3.515100e+02,3.629300e+02,3.529600e+02,3.250400e+02,2.900000e+02,2.016800e+02,2.112400e+02,2.385400e+02,2.350300e+02,2.607700e+02,3.017900e+02,3.191000e+02,3.289100e+02,3.356000e+02,3.059400e+02,2.624900e+02,2.517900e+02,3.111900e+02,3.160600e+02,3.214600e+02,3.409800e+02,3.774700e+02,4.083300e+02,4.248200e+02,4.250300e+02,4.159300e+02,3.933100e+02,3.563900e+02,3.403600e+02,3.064400e+02,2.994500e+02,4.054500e+02,3.819300e+02,3.560100e+02,3.261700e+02,3.553500e+02,3.745600e+02,3.876600e+02
1.529700e+02,1.612500e+02,1.895000e+02,2.478100e+02,3.036400e+02,3.806400e+02,4.396500e+02,4.983500e+02,5.062500e+02,4.826100e+02,4.327600e+02,3.992400e+02,3.550800e+02,3.393500e+02,3.355300e+02,5.727100e+01,0.000000e+00,5.800000e+01,8.820400e+01,1.250300e+02,1.320600e+02,1.049400e+02,6.072900e+01,2.842500e+01,6.003300e+01,2.209100e+02,2.526400e+02,2.782600e+02,3.044200e+02,3.245000e+02,3.300200e+02,3.062400e+02,2.785800e+02,2.480700e+02,2.200400e+02,6.896400e+01,8.440400e+01,9.674700e+01,1.145600e+02,1.228000e+02,1.010700e+02,6.177400e+01,4.870300e+01,2.233700e+02,2.461600e+02,2.752800e+02,2.992900e+02,3.094800e+02,2.984300e+02,2.706800e+02,2.365200e+02,1.489300e+02,1.647300e+02,2.022400e+02,2.121300e+02,2.381600e+02,2.717400e+02,2.880900e+02,2.957400e+02,2.988000e+02,2.629400e+02,2.147100e+02,1.984900e+02,2.745900e+02,3.118300e+02,3.148200e+02,3.332900e+02,3.668200e+02,3.919600e+02,4.046400e+02,3.999700e+02,3.864200e+02,3.639000e+02,3.284000e+02,3.169500e+02,2.880600e+02,2.865600e+02,3.810800e+02,3.552600e+02,3.363600e+02,3.098900e+02,3.409400e+02,3.559800e+02,3.664000e+02
2.101500e+02,2.157100e+02,2.341400e+02,2.776200e+02,3.255800e+02,3.883300e+02,4.384600e+02,4.859800e+02,4.829100e+02,4.534900e+02,3.935900e+02,3.551100e+02,3.023200e+02,2.824500e+02,2.778500e+02,1.146300e+02,5.800000e+01,0.000000e+00,3.059400e+01,6.791200e+01,7.410800e+01,4.808300e+01,1.800000e+01,4.565100e+01,1.180200e+02,1.632300e+02,1.948300e+02,2.203300e+02,2.465200e+02,2.666100e+02,2.720300e+02,2.482900e+02,2.207400e+02,1.900900e+02,1.620500e+02,1.021800e+02,9.037700e+01,8.459300e+01,8.352200e+01,7.840900e+01,5.603600e+01,3.026500e+01,6.229000e+01,1.686200e+02,1.912700e+02,2.202700e+02,2.435200e+02,2.527400e+02,2.410100e+02,2.134100e+02,1.799800e+02,9.402100e+01,1.174600e+02,1.660100e+02,1.911300e+02,2.159400e+02,2.397700e+02,2.545300e+02,2.596000e+02,2.586400e+02,2.167500e+02,1.642000e+02,1.423400e+02,2.352300e+02,3.060100e+02,3.064200e+02,3.232200e+02,3.528000e+02,3.714500e+02,3.799500e+02,3.703000e+02,3.523500e+02,3.303200e+02,2.970600e+02,2.908000e+02,2.682500e+02,2.726600e+02,3.524600e+02,3.247200e+02,3.137000e+02,2.915700e+02,3.236600e+02,3.339600e+02,3.413200e+02
2.407100e+02,2.430200e+02,2.562600e+02,2.918200e+02,3.351700e+02,3.898400e+02,4.348800e+02,4.762300e+02,4.674600e+02,4.351800e+02,3.704100e+02,3.295900e+02,2.729500e+02,2.518600e+02,2.489200e+02,1.441200e+02,8.820400e+01,3.059400e+01,0.000000e+00,3.736300e+01,4.404500e+01,2.561200e+01,3.841900e+01,7.539200e+01,1.482200e+02,1.327400e+02,1.644400e+02,1.900900e+02,2.162300e+02,2.363000e+02,2.420100e+02,2.187400e+02,1.915100e+02,1.604500e+02,1.320200e+02,1.235500e+02,1.019800e+02,8.765800e+01,7.424300e+01,5.882200e+01,4.005000e+01,4.161700e+01,8.236500e+01,1.387100e+02,1.612500e+02,1.901600e+02,2.131400e+02,2.221700e+02,2.104500e+02,1.828200e+02,1.494500e+02,6.449800e+01,9.280100e+01,1.470800e+02,1.805400e+02,2.039300e+02,2.217200e+02,2.353700e+02,2.389500e+02,2.357800e+02,1.909700e+02,1.365000e+02,1.119500e+02,2.130600e+02,3.013000e+02,3.003300e+02,3.160100e+02,3.431400e+02,3.581600e+02,3.643700e+02,3.521600e+02,3.320100e+02,3.103900e+02,2.786300e+02,2.752800e+02,2.565400e+02,2.641200e+02,3.350000e+02,3.064700e+02,2.998100e+02,2.803200e+02,3.125700e+02,3.202000e+02,3.258500e+02
2.778300e+02,2.762000e+02,2.837000e+02,3.101000e+02,3.476700e+02,3.921900e+02,4.306700e+02,4.641100e+02,4.482300e+02,4.124900e+02,3.417600e+02,2.980700e+02,2.366800e+02,2.145600e+02,2.154200e+02,1.800400e+02,1.250300e+02,6.791200e+01,3.736300e+01,0.000000e+00,1.442200e+01,3.605600e+01,7.424300e+01,1.126100e+02,1.848800e+02,9.608300e+01,1.280200e+02,1.540500e+02,1.800000e+02,2.000100e+02,2.063500e+02,1.841400e+02,1.577100e+02,1.259400e+02,9.674700e+01,1.524300e+02,1.231700e+02,1.019800e+02,7.655100e+01,4.939600e+01,4.534300e+01,7.138600e+01,1.120900e+02,1.020000e+02,1.243400e+02,1.531100e+02,1.758400e+02,1.848400e+02,1.734000e+02,1.456700e+02,1.120900e+02,2.973200e+01,6.705200e+01,1.275800e+02,1.714200e+02,1.921700e+02,2.013300e+02,2.132100e+02,2.146700e+02,2.084700e+02,1.600000e+02,1.033200e+02,7.467300e+01,1.870400e+02,2.969800e+02,2.942800e+02,3.083500e+02,3.321000e+02,3.423400e+02,3.455800e+02,3.301500e+02,3.072600e+02,2.863400e+02,2.568900e+02,2.574500e+02,2.440000e+02,2.555400e+02,3.140100e+02,2.846800e+02,2.838100e+02,2.680000e+02,3.000300e+02,3.041400e+02,3.075200e+02
2.840400e+02,2.863600e+02,2.960700e+02,3.241000e+02,3.620500e+02,4.063200e+02,4.440600e+02,4.760000e+02,4.581700e+02,4.212200e+02,3.478200e+02,3.024200e+02,2.363000e+02,2.096200e+02,2.051800e+02,1.881700e+02,1.320600e+02,7.410800e+01,4.404500e+01,1.442200e+01,0.000000e+00,3.328700e+01,7.720100e+01,1.169300e+02,1.920900e+02,8.944300e+01,1.208100e+02,1.462200e+02,1.724200e+02,1.925100e+02,1.980000e+02,1.747300e+02,1.476500e+02,1.164300e+02,8.800000e+01,1.641600e+02,1.364800e+02,1.160000e+02,9.097300e+01,6.356100e+01,5.939700e+01,8.221900e+01,1.233700e+02,1.016100e+02,1.231700e+02,1.513300e+02,1.728100e+02,1.802800e+02,1.674900e+02,1.401900e+02,1.084600e+02,3.605600e+01,7.694200e+01,1.385200e+02,1.844600e+02,2.046300e+02,2.114400e+02,2.226500e+02,2.232600e+02,2.156800e+02,1.653600e+02,1.076500e+02,7.271900e+01,1.950000e+02,3.104600e+02,3.075200e+02,3.213100e+02,3.443700e+02,3.534500e+02,3.558000e+02,3.392800e+02,3.153300e+02,2.947700e+02,2.663100e+02,2.681600e+02,2.561200e+02,2.684300e+02,3.235400e+02,2.939900e+02,2.949800e+02,2.801100e+02,3.120300e+02,3.152500e+02,3.179600e+02
2.545000e+02,2.638000e+02,2.802600e+02,3.174000e+02,3.606300e+02,4.136600e+02,4.567900e+02,4.949100e+02,4.822200e+02,4.475800e+02,3.778100e+02,3.339300e+02,2.695800e+02,2.416100e+02,2.307000e+02,1.621000e+02,1.049400e+02,4.808300e+01,2.561200e+01,3.605600e+01,3.328700e+01,0.000000e+00,4.617400e+01,8.637100e+01,1.644400e+02,1.208800e+02,1.514200e+02,1.759300e+02,2.022400e+02,2.223200e+02,2.267200e+02,2.020100e+02,1.740500e+02,1.442200e+02,1.173900e+02,1.475700e+02,1.275600e+02,1.128700e+02,9.654000e+01,7.602600e+01,6.161200e+01,6.660300e+01,1.065100e+02,1.348500e+02,1.564600e+02,1.845600e+02,2.057700e+02,2.125700e+02,1.989200e+02,1.720500e+02,1.413600e+02,6.560500e+01,1.021600e+02,1.610500e+02,2.000100e+02,2.223200e+02,2.354400e+02,2.479500e+02,2.500100e+02,2.443800e+02,1.960100e+02,1.390500e+02,1.060000e+02,2.227200e+02,3.230100e+02,3.214000e+02,3.364800e+02,3.622000e+02,3.748300e+02,3.793300e+02,3.649900e+02,3.427900e+02,3.217000e+02,2.915700e+02,2.906900e+02,2.747300e+02,2.841100e+02,3.485100e+02,3.194100e+02,3.163000e+02,2.986700e+02,3.308700e+02,3.366900e+02,3.410400e+02
2.083500e+02,2.217200e+02,2.448800e+02,2.923400e+02,3.417100e+02,4.059600e+02,4.564400e+02,5.037700e+02,4.998000e+02,4.696000e+02,4.076600e+02,3.677100e+02,3.108300e+02,2.868100e+02,2.763500e+02,1.178800e+02,6.072900e+01,1.800000e+01,3.841900e+01,7.424300e+01,7.720100e+01,4.617400e+01,0.000000e+00,4.020000e+01,1.190800e+02,1.664000e+02,1.973100e+02,2.220400e+02,2.483400e+02,2.684300e+02,2.728900e+02,2.480700e+02,2.200000e+02,1.903800e+02,1.634900e+02,1.146300e+02,1.069800e+02,1.024900e+02,1.009000e+02,9.329500e+01,7.155400e+01,4.816600e+01,7.655100e+01,1.762400e+02,1.985600e+02,2.272700e+02,2.495800e+02,2.574700e+02,2.445000e+02,2.173400e+02,1.854000e+02,1.026300e+02,1.303800e+02,1.816500e+02,2.086900e+02,2.333200e+02,2.558200e+02,2.702400e+02,2.747600e+02,2.728000e+02,2.291000e+02,1.749200e+02,1.486500e+02,2.497000e+02,3.240100e+02,3.243900e+02,3.411500e+02,3.705700e+02,3.887300e+02,3.967700e+02,3.864300e+02,3.677000e+02,3.458100e+02,3.130500e+02,3.075800e+02,2.857300e+02,2.905000e+02,3.687800e+02,3.407900e+02,3.308500e+02,3.091300e+02,3.412600e+02,3.511400e+02,3.581500e+02
1.681900e+02,1.869500e+02,2.178100e+02,2.754900e+02,3.301600e+02,4.039900e+02,4.604300e+02,5.152300e+02,5.184400e+02,4.919300e+02,4.363200e+02,3.994500e+02,3.479400e+02,3.264700e+02,3.161600e+02,8.143700e+01,2.842500e+01,4.565100e+01,7.539200e+01,1.126100e+02,1.169300e+02,8.637100e+01,4.020000e+01,0.000000e+00,8.052300e+01,2.063200e+02,2.373900e+02,2.622100e+02,2.885100e+02,3.086000e+02,3.130800e+02,2.881700e+02,2.600300e+02,2.305600e+02,2.036700e+02,9.585400e+01,1.040200e+02,1.101600e+02,1.204200e+02,1.216600e+02,9.903500e+01,6.324600e+01,6.802900e+01,2.140400e+02,2.366200e+02,2.655500e+02,2.884400e+02,2.969800e+02,2.844000e+02,2.571000e+02,2.245400e+02,1.395600e+02,1.621100e+02,2.068100e+02,2.243200e+02,2.500100e+02,2.790300e+02,2.946000e+02,3.008300e+02,3.015000e+02,2.614600e+02,2.097000e+02,1.872800e+02,2.777000e+02,3.306800e+02,3.327500e+02,3.506600e+02,3.827600e+02,4.052200e+02,4.160000e+02,4.088600e+02,3.929200e+02,3.706200e+02,3.362400e+02,3.273700e+02,3.012600e+02,3.022400e+02,3.904700e+02,3.635900e+02,3.484900e+02,3.238400e+02,3.554500e+02,3.684600e+02,3.774900e+02
9.425500e+01,1.100000e+02,1.548300e+02,2.306300e+02,2.935400e+02,3.838900e+02,4.507800e+02,5.195800e+02,5.376400e+02,5.194300e+02,4.786000e+02,4.493200e+02,4.118100e+02,3.988500e+02,3.951400e+02,1.456000e+01,6.003300e+01,1.180200e+02,1.482200e+02,1.848800e+02,1.920900e+02,1.644400e+02,1.190800e+02,8.052300e+01,0.000000e+00,2.808600e+02,3.126400e+02,3.382900e+02,3.644400e+02,3.845200e+02,3.900500e+02,3.661400e+02,3.383800e+02,3.080300e+02,2.800600e+02,7.889200e+01,1.160000e+02,1.380600e+02,1.639800e+02,1.779100e+02,1.574900e+02,1.184100e+02,8.988900e+01,2.818400e+02,3.046300e+02,3.337300e+02,3.581600e+02,3.689100e+02,3.582400e+02,3.304300e+02,2.959200e+02,2.078800e+02,2.198600e+02,2.497000e+02,2.481700e+02,2.740000e+02,3.141600e+02,3.313600e+02,3.408300e+02,3.468800e+02,3.157800e+02,2.708400e+02,2.577800e+02,3.224700e+02,3.305500e+02,3.358900e+02,3.553800e+02,3.917600e+02,4.223000e+02,4.384900e+02,4.382000e+02,4.285300e+02,4.059000e+02,3.691300e+02,3.536400e+02,3.201600e+02,3.135600e+02,4.186900e+02,3.948700e+02,3.696700e+02,3.400800e+02,3.694200e+02,3.883300e+02,4.012000e+02
3.733600e+02,3.706200e+02,3.719000e+02,3.845700e+02,4.111000e+02,4.337800e+02,4.559000e+02,4.679700e+02,4.320700e+02,3.865100e+02,2.973200e+02,2.437000e+02,1.584900e+02,1.208100e+02,1.253000e+02,2.761200e+02,2.209100e+02,1.632300e+02,1.327400e+02,9.608300e+01,8.944300e+01,1.208800e+02,1.664000e+02,2.063200e+02,2.808600e+02,0.000000e+00,3.206200e+01,5.854900e+01,8.409500e+01,1.040200e+02,1.111600e+02,9.176100e+01,6.934000e+01,3.821000e+01,1.600000e+01,2.443700e+02,2.093900e+02,1.835200e+02,1.504800e+02,1.214900e+02,1.325700e+02,1.663000e+02,2.056500e+02,4.440700e+01,5.249800e+01,7.280100e+01,8.840800e+01,9.219500e+01,7.810200e+01,5.126400e+01,2.863600e+01,7.810200e+01,9.683000e+01,1.437400e+02,2.036700e+02,2.148500e+02,1.984000e+02,2.028700e+02,1.968200e+02,1.800100e+02,1.240000e+02,7.655100e+01,3.405900e+01,1.669700e+02,3.277100e+02,3.211100e+02,3.303900e+02,3.440900e+02,3.406300e+02,3.348600e+02,3.100600e+02,2.792100e+02,2.621900e+02,2.430000e+02,2.557700e+02,2.584900e+02,2.790600e+02,2.981700e+02,2.682700e+02,2.852700e+02,2.809100e+02,3.099700e+02,3.039800e+02,3.004100e+02
4.048600e+02,4.026400e+02,4.030500e+02,4.130400e+02,4.369800e+02,4.540000e+02,4.713800e+02,4.768300e+02,4.346600e+02,3.861900e+02,2.914300e+02,2.348900e+02,1.403600e+02,9.213000e+01,9.604200e+01,3.080600e+02,2.526400e+02,1.948300e+02,1.644400e+02,1.280200e+02,1.208100e+02,1.514200e+02,1.973100e+02,2.373900e+02,3.126400e+02,3.206200e+01,0.000000e+00,2.668300e+01,5.203800e+01,7.200000e+01,7.924600e+01,6.177400e+01,4.440700e+01,2.433100e+01,3.492800e+01,2.762000e+02,2.406700e+02,2.144100e+02,1.809500e+02,1.524900e+02,1.644000e+02,1.983600e+02,2.376600e+02,5.966600e+01,5.440600e+01,6.118800e+01,6.767600e+01,6.560500e+01,4.833200e+01,2.561200e+01,3.440900e+01,1.098400e+02,1.245300e+02,1.644400e+02,2.252200e+02,2.336600e+02,2.106200e+02,2.125100e+02,2.042200e+02,1.844600e+02,1.300000e+02,9.402100e+01,6.276900e+01,1.752800e+02,3.461300e+02,3.385700e+02,3.463700e+02,3.569300e+02,3.492700e+02,3.406300e+02,3.130800e+02,2.800600e+02,2.649200e+02,2.499000e+02,2.662700e+02,2.737700e+02,2.963800e+02,3.029300e+02,2.735600e+02,2.960000e+02,2.951900e+02,3.227700e+02,3.137900e+02,3.080600e+02
4.300600e+02,4.291600e+02,4.296800e+02,4.386300e+02,4.612000e+02,4.747900e+02,4.889500e+02,4.896500e+02,4.428300e+02,3.922500e+02,2.935400e+02,2.350900e+02,1.337000e+02,7.375600e+01,7.121800e+01,3.340000e+02,2.782600e+02,2.203300e+02,1.900900e+02,1.540500e+02,1.462200e+02,1.759300e+02,2.220400e+02,2.622100e+02,3.382900e+02,5.854900e+01,2.668300e+01,0.000000e+00,2.630600e+01,4.639000e+01,5.261200e+01,3.687800e+01,3.000000e+01,3.498600e+01,5.854900e+01,3.028500e+02,2.673300e+02,2.410100e+02,2.074600e+02,1.791200e+02,1.910500e+02,2.247200e+02,2.642000e+02,8.246200e+01,7.161000e+01,6.746900e+01,6.315100e+01,5.283900e+01,3.162300e+01,2.785700e+01,5.720100e+01,1.365000e+02,1.502700e+02,1.867000e+02,2.474900e+02,2.542800e+02,2.273000e+02,2.274400e+02,2.177000e+02,1.961600e+02,1.441800e+02,1.160000e+02,8.919600e+01,1.898700e+02,3.660100e+02,3.578400e+02,3.646400e+02,3.730100e+02,3.624000e+02,3.516900e+02,3.222200e+02,2.877800e+02,2.742300e+02,2.624900e+02,2.812600e+02,2.919200e+02,3.157300e+02,3.134600e+02,2.847400e+02,3.109300e+02,3.125700e+02,3.389900e+02,3.279600e+02,3.207100e+02
4.563200e+02,4.545400e+02,4.536200e+02,4.597400e+02,4.799100e+02,4.886400e+02,4.988400e+02,4.941600e+02,4.425700e+02,3.900600e+02,2.880300e+02,2.283200e+02,1.223800e+02,5.325400e+01,5.660400e+01,3.600200e+02,3.044200e+02,2.465200e+02,2.162300e+02,1.800000e+02,1.724200e+02,2.022400e+02,2.483400e+02,2.885100e+02,3.644400e+02,8.409500e+01,5.203800e+01,2.630600e+01,0.000000e+00,2.010000e+01,2.863600e+01,2.807100e+01,4.280200e+01,6.016600e+01,8.485300e+01,3.278400e+02,2.915700e+02,2.648800e+02,2.310400e+02,2.032700e+02,2.160900e+02,2.503900e+02,2.895600e+02,1.020000e+02,8.683300e+01,7.378300e+01,5.966600e+01,4.200000e+01,2.340900e+01,4.219000e+01,7.800000e+01,1.615100e+02,1.723300e+02,2.036600e+02,2.640200e+02,2.687200e+02,2.374300e+02,2.356700e+02,2.245100e+02,2.014400e+02,1.531000e+02,1.337000e+02,1.130300e+02,1.982500e+02,3.789900e+02,3.701400e+02,3.757100e+02,3.815300e+02,3.677000e+02,3.548400e+02,3.235400e+02,2.879000e+02,2.761000e+02,2.678700e+02,2.890700e+02,3.032100e+02,3.283000e+02,3.162900e+02,2.884400e+02,3.184800e+02,3.228400e+02,3.478200e+02,3.345700e+02,3.257100e+02
4.764200e+02,4.742400e+02,4.724600e+02,4.768000e+02,4.953600e+02,5.007600e+02,5.081300e+02,4.995400e+02,4.444900e+02,3.906400e+02,2.864500e+02,2.261400e+02,1.180700e+02,4.317400e+01,5.099000e+01,3.800500e+02,3.245000e+02,2.666100e+02,2.363000e+02,2.000100e+02,1.925100e+02,2.223200e+02,2.684300e+02,3.086000e+02,3.845200e+02,1.040200e+02,7.200000e+01,4.639000e+01,2.010000e+01,0.000000e+00,1.523200e+01,3.498600e+01,5.841200e+01,7.969900e+01,1.049400e+02,3.473300e+02,3.106600e+02,2.837800e+02,2.498200e+02,2.224000e+02,2.356700e+02,2.702700e+02,3.092700e+02,1.192300e+02,1.022200e+02,8.485300e+01,6.551300e+01,4.472100e+01,3.440900e+01,5.946400e+01,9.616700e+01,1.811100e+02,1.903800e+02,2.185800e+02,2.784000e+02,2.817200e+02,2.476900e+02,2.446400e+02,2.325700e+02,2.086300e+02,1.633800e+02,1.495900e+02,1.322000e+02,2.076200e+02,3.906900e+02,3.813700e+02,3.860800e+02,3.900800e+02,3.739600e+02,3.595600e+02,3.270300e+02,2.906600e+02,2.802400e+02,2.746100e+02,2.974400e+02,3.139500e+02,3.398400e+02,3.209300e+02,2.938600e+02,3.265300e+02,3.328000e+02,3.566800e+02,3.419000e+02,3.319100e+02
4.812000e+02,4.817500e+02,4.818700e+02,4.883600e+02,5.081300e+02,5.150500e+02,5.230900e+02,5.147700e+02,4.594600e+02,4.054100e+02,3.008100e+02,2.404100e+02,1.320200e+02,5.614300e+01,3.622200e+01,3.860800e+02,3.300200e+02,2.720300e+02,2.420100e+02,2.063500e+02,1.980000e+02,2.267200e+02,2.728900e+02,3.130800e+02,3.900500e+02,1.111600e+02,7.924600e+01,5.261200e+01,2.863600e+01,1.523200e+01,0.000000e+00,2.884400e+01,5.646200e+01,8.260800e+01,1.100000e+02,3.554500e+02,3.196600e+02,2.931300e+02,2.593800e+02,2.313900e+02,2.436500e+02,2.772200e+02,3.168000e+02,1.306000e+02,1.148600e+02,9.915600e+01,8.062300e+01,5.993300e+01,4.808300e+01,7.071100e+01,1.066200e+02,1.890800e+02,2.009300e+02,2.316000e+02,2.917300e+02,2.956600e+02,2.624200e+02,2.596000e+02,2.476400e+02,2.237900e+02,1.780400e+02,1.619900e+02,1.412100e+02,2.225000e+02,4.051000e+02,3.959000e+02,4.008200e+02,4.051300e+02,3.891800e+02,3.747700e+02,3.421900e+02,3.057600e+02,2.954400e+02,2.898100e+02,3.124900e+02,3.285900e+02,3.542800e+02,3.361500e+02,3.091000e+02,3.416300e+02,3.476100e+02,3.716800e+02,3.570700e+02,3.471300e+02
4.563600e+02,4.603200e+02,4.635900e+02,4.748100e+02,4.980200e+02,5.111200e+02,5.237600e+02,5.212000e+02,4.705100e+02,4.181100e+02,3.160100e+02,2.562000e+02,1.496300e+02,7.725300e+01,3.440900e+01,3.627900e+02,3.062400e+02,2.482900e+02,2.187400e+02,1.841400e+02,1.747300e+02,2.020100e+02,2.480700e+02,2.881700e+02,3.661400e+02,9.176100e+01,6.177400e+01,3.687800e+01,2.807100e+01,3.498600e+01,2.884400e+01,0.000000e+00,2.863600e+01,5.831000e+01,8.747600e+01,3.352000e+02,3.010500e+02,2.752800e+02,2.421600e+02,2.132500e+02,2.236500e+02,2.554800e+02,2.957400e+02,1.193300e+02,1.078100e+02,9.931800e+01,8.747600e+01,7.002900e+01,5.099000e+01,6.280100e+01,9.402100e+01,1.695400e+02,1.863000e+02,2.235200e+02,2.842900e+02,2.906900e+02,2.620500e+02,2.612000e+02,2.506000e+02,2.280400e+02,1.781300e+02,1.528400e+02,1.243400e+02,2.236500e+02,4.020400e+02,3.936300e+02,3.999400e+02,4.070600e+02,3.944500e+02,3.821700e+02,3.512300e+02,3.157500e+02,3.036600e+02,2.945200e+02,3.148400e+02,3.272700e+02,3.516000e+02,3.436800e+02,3.156000e+02,3.443800e+02,3.474800e+02,3.731900e+02,3.608500e+02,3.525300e+02
4.281700e+02,4.338200e+02,4.391400e+02,4.538900e+02,4.798800e+02,4.984000e+02,5.153000e+02,5.184000e+02,4.726500e+02,4.222300e+02,3.233900e+02,2.647400e+02,1.619100e+02,9.602100e+01,5.772300e+01,3.353400e+02,2.785800e+02,2.207400e+02,1.915100e+02,1.577100e+02,1.476500e+02,1.740500e+02,2.200000e+02,2.600300e+02,3.383800e+02,6.934000e+01,4.440700e+01,3.000000e+01,4.280200e+01,5.841200e+01,5.646200e+01,2.863600e+01,0.000000e+00,3.231100e+01,6.203200e+01,3.096100e+02,2.767000e+02,2.516000e+02,2.191300e+02,1.896900e+02,1.986000e+02,2.290900e+02,2.697000e+02,1.040200e+02,9.750900e+01,9.701500e+01,9.277900e+01,8.032400e+01,5.882200e+01,5.688600e+01,7.881600e+01,1.452300e+02,1.660100e+02,2.087000e+02,2.694300e+02,2.780600e+02,2.540900e+02,2.551600e+02,2.460300e+02,2.250800e+02,1.720700e+02,1.384100e+02,1.032300e+02,2.177000e+02,3.905100e+02,3.828700e+02,3.904700e+02,4.002500e+02,3.909900e+02,3.809300e+02,3.518600e+02,3.176200e+02,3.038200e+02,2.912000e+02,3.090100e+02,3.178000e+02,3.406900e+02,3.428100e+02,3.139000e+02,3.387300e+02,3.390000e+02,3.661400e+02,3.561200e+02,3.494500e+02
3.987200e+02,4.021400e+02,4.068500e+02,4.221600e+02,4.492900e+02,4.710600e+02,4.911600e+02,4.991900e+02,4.584400e+02,4.103100e+02,3.157500e+02,2.590800e+02,1.629800e+02,1.084100e+02,8.984400e+01,3.045300e+02,2.480700e+02,1.900900e+02,1.604500e+02,1.259400e+02,1.164300e+02,1.442200e+02,1.903800e+02,2.305600e+02,3.080300e+02,3.821000e+01,2.433100e+01,3.498600e+01,6.016600e+01,7.969900e+01,8.260800e+01,5.831000e+01,3.231100e+01,0.000000e+00,2.973200e+01,2.775000e+02,2.443900e+02,2.193200e+02,1.869500e+02,1.574400e+02,1.663400e+02,1.973100e+02,2.377600e+02,7.782000e+01,7.694200e+01,8.551000e+01,9.035500e+01,8.504100e+01,6.511500e+01,4.833200e+01,5.440600e+01,1.129200e+02,1.349500e+02,1.808900e+02,2.412100e+02,2.514400e+02,2.315300e+02,2.343500e+02,2.267200e+02,2.076300e+02,1.525900e+02,1.118900e+02,7.225000e+01,1.974300e+02,3.642600e+02,3.572400e+02,3.658300e+02,3.778100e+02,3.716200e+02,3.637400e+02,3.367200e+02,3.040100e+02,2.885600e+02,2.726200e+02,2.879200e+02,2.934800e+02,3.150900e+02,3.262200e+02,2.967100e+02,3.176200e+02,3.154000e+02,3.436300e+02,3.357400e+02,3.306500e+02
3.715600e+02,3.728600e+02,3.771200e+02,3.932900e+02,4.217800e+02,4.471500e+02,4.706200e+02,4.837100e+02,4.480700e+02,4.024100e+02,3.126400e+02,2.584900e+02,1.705500e+02,1.270100e+02,1.195500e+02,2.761200e+02,2.200400e+02,1.620500e+02,1.320200e+02,9.674700e+01,8.800000e+01,1.173900e+02,1.634900e+02,2.036700e+02,2.800600e+02,1.600000e+01,3.492800e+01,5.854900e+01,8.485300e+01,1.049400e+02,1.100000e+02,8.747600e+01,6.203200e+01,2.973200e+01,0.000000e+00,2.478800e+02,2.146700e+02,1.896900e+02,1.575400e+02,1.279100e+02,1.366200e+02,1.680200e+02,2.082800e+02,6.029900e+01,6.791200e+01,8.609300e+01,9.899500e+01,9.986000e+01,8.325900e+01,5.882200e+01,4.368100e+01,8.325900e+01,1.074800e+02,1.575400e+02,2.169100e+02,2.289800e+02,2.139300e+02,2.186600e+02,2.127600e+02,1.960100e+02,1.400000e+02,9.176100e+01,4.604300e+01,1.828900e+02,3.417700e+02,3.354400e+02,3.450800e+02,3.593800e+02,3.564300e+02,3.508200e+02,3.260600e+02,2.951500e+02,2.781800e+02,2.589400e+02,2.714300e+02,2.734100e+02,2.934800e+02,3.141600e+02,2.842500e+02,3.008900e+02,2.960000e+02,3.252800e+02,3.196800e+02,3.162900e+02
1.616000e+02,1.280200e+02,1.327400e+02,1.798900e+02,2.346800e+02,3.140100e+02,3.764900e+02,4.417100e+02,4.588000e+02,4.414700e+02,4.052500e+02,3.802400e+02,3.549700e+02,3.540500e+02,3.673100e+02,6.490000e+01,6.896400e+01,1.021800e+02,1.235500e+02,1.524300e+02,1.641600e+02,1.475700e+02,1.146300e+02,9.585400e+01,7.889200e+01,2.443700e+02,2.762000e+02,3.028500e+02,3.278400e+02,3.473300e+02,3.554500e+02,3.352000e+02,3.096100e+02,2.775000e+02,2.478800e+02,0.000000e+00,4.308100e+01,7.034200e+01,1.029600e+02,1.260600e+02,1.118000e+02,8.229200e+01,4.118300e+01,2.340100e+02,2.560300e+02,2.842500e+02,3.101000e+02,3.241000e+02,3.172400e+02,2.893600e+02,2.527900e+02,1.663700e+02,1.646000e+02,1.807500e+02,1.711300e+02,1.966200e+02,2.396200e+02,2.572000e+02,2.679300e+02,2.766200e+02,2.523600e+02,2.155700e+02,2.153400e+02,2.523600e+02,2.529800e+02,2.577500e+02,2.770800e+02,3.130800e+02,3.434500e+02,3.600000e+02,3.608500e+02,3.529600e+02,3.303900e+02,2.931600e+02,2.760700e+02,2.416000e+02,2.346700e+02,3.411800e+02,3.182300e+02,2.912000e+02,2.612700e+02,2.905200e+02,3.096800e+02,3.229700e+02
2.035800e+02,1.689600e+02,1.625400e+02,1.898400e+02,2.353000e+02,3.009500e+02,3.564500e+02,4.140000e+02,4.244600e+02,4.040000e+02,3.636300e+02,3.374300e+02,3.127000e+02,3.147700e+02,3.340500e+02,1.033200e+02,8.440400e+01,9.037700e+01,1.019800e+02,1.231700e+02,1.364800e+02,1.275600e+02,1.069800e+02,1.040200e+02,1.160000e+02,2.093900e+02,2.406700e+02,2.673300e+02,2.915700e+02,3.106600e+02,3.196600e+02,3.010500e+02,2.767000e+02,2.443900e+02,2.146700e+02,4.308100e+01,0.000000e+00,2.807100e+01,6.203200e+01,8.829500e+01,7.871500e+01,6.212900e+01,3.622200e+01,1.948300e+02,2.163300e+02,2.440300e+02,2.701200e+02,2.850100e+02,2.794900e+02,2.518700e+02,2.150300e+02,1.315800e+02,1.240200e+02,1.377500e+02,1.324400e+02,1.584000e+02,1.984900e+02,2.158700e+02,2.260100e+02,2.339400e+02,2.093900e+02,1.742900e+02,1.785400e+02,2.096200e+02,2.275400e+02,2.304200e+02,2.489100e+02,2.827900e+02,3.095400e+02,3.239800e+02,3.224000e+02,3.126200e+02,2.900000e+02,2.531500e+02,2.380300e+02,2.061600e+02,2.027800e+02,3.029800e+02,2.788900e+02,2.552500e+02,2.272000e+02,2.577200e+02,2.744000e+02,2.862500e+02
