8.238900e+01,0.000000e+00,7.410800e+01,1.626000e+02,2.324200e+02,3.235800e+02,3.781600e+02,4.201200e+02,4.311700e+02,4.398400e+02,4.110300e+02,3.870900e+02,3.738700e+02,3.744300e+02,3.885600e+02,7.161000e+01,8.411900e+01,7.843500e+01,7.102100e+01,6.456000e+01,8.683300e+01,9.651900e+01,9.368000e+01,1.013900e+02,9.305900e+01,1.344000e+02,1.449400e+02,1.692000e+02,2.057200e+02,2.299000e+02,2.590800e+02,2.650100e+02,2.397300e+02,2.075500e+02,1.692900e+02,2.416600e+01,1.612500e+01,1.414200e+01,2.953000e+01,5.004000e+01,3.773600e+01,3.605600e+01,3.328700e+01,1.300600e+02,1.624400e+02,1.863900e+02,2.240000e+02,2.267200e+02,1.933800e+02,1.712300e+02,1.470900e+02,5.578500e+01,5.249800e+01,7.912000e+01,1.626000e+02,1.596600e+02,1.664800e+02,1.623100e+02,1.791100e+02,1.838700e+02,1.156000e+02,9.176100e+01,1.005000e+02,1.177100e+02,2.365400e+02,2.428300e+02,2.706800e+02,2.817800e+02,2.915500e+02,3.005700e+02,2.912400e+02,2.880600e+02,2.662900e+02,2.325900e+02,2.207700e+02,2.285700e+02,2.141600e+02,2.170100e+02,2.528700e+02,2.634700e+02,2.733900e+02,2.542400e+02,2.479500e+02,2.406100e+02
1.564600e+02,7.410800e+01,0.000000e+00,8.856600e+01,1.583200e+02,2.499000e+02,3.048000e+02,3.479100e+02,3.668800e+02,3.873200e+02,3.714300e+02,3.605400e+02,3.640900e+02,3.812700e+02,4.098400e+02,1.397900e+02,1.544000e+02,1.510100e+02,1.448900e+02,1.367200e+02,1.602000e+02,1.705800e+02,1.667200e+02,1.731700e+02,1.632200e+02,1.858300e+02,1.885200e+02,2.123000e+02,2.448600e+02,2.628000e+02,2.840400e+02,2.929800e+02,2.768200e+02,2.518700e+02,2.208700e+02,8.793200e+01,6.841100e+01,6.003300e+01,6.390600e+01,8.883700e+01,9.808200e+01,1.101600e+02,1.043500e+02,1.481900e+02,1.697300e+02,1.922700e+02,2.321100e+02,2.403100e+02,2.160900e+02,1.992500e+02,1.744000e+02,1.012100e+02,4.534300e+01,2.400000e+01,8.856600e+01,8.731600e+01,9.570800e+01,9.560300e+01,1.173900e+02,1.368900e+02,8.809100e+01,9.213000e+01,1.275600e+02,4.494400e+01,1.624400e+02,1.687600e+02,1.969600e+02,2.082800e+02,2.194600e+02,2.307900e+02,2.277000e+02,2.291200e+02,2.051800e+02,1.664700e+02,1.511800e+02,1.571000e+02,1.412100e+02,1.436100e+02,1.792500e+02,1.917200e+02,2.051500e+02,1.869900e+02,1.780000e+02,1.682400e+02
2.449900e+02,1.626000e+02,8.856600e+01,0.000000e+00,7.000000e+01,1.616200e+02,2.168300e+02,2.614800e+02,2.927700e+02,3.309700e+02,3.345700e+02,3.421500e+02,3.667900e+02,4.024900e+02,4.456900e+02,2.270200e+02,2.421000e+02,2.393700e+02,2.334500e+02,2.240400e+02,2.480100e+02,2.591100e+02,2.551500e+02,2.612300e+02,2.508000e+02,2.596200e+02,2.567000e+02,2.783700e+02,3.056400e+02,3.170400e+02,3.295400e+02,3.408500e+02,3.340100e+02,3.165900e+02,2.928300e+02,1.757300e+02,1.565200e+02,1.484900e+02,1.484900e+02,1.679000e+02,1.828900e+02,1.986500e+02,1.926800e+02,2.025100e+02,2.107200e+02,2.282200e+02,2.652200e+02,2.781100e+02,2.649200e+02,2.544000e+02,2.318700e+02,1.804900e+02,1.236300e+02,8.910700e+01,0.000000e+00,2.088100e+01,3.206200e+01,4.947700e+01,7.424300e+01,1.178800e+02,1.206200e+02,1.486100e+02,1.923000e+02,4.639000e+01,7.402700e+01,8.022500e+01,1.086800e+02,1.203300e+02,1.341600e+02,1.500000e+02,1.597600e+02,1.700000e+02,1.440300e+02,9.848900e+01,7.560400e+01,7.528600e+01,5.557000e+01,5.646200e+01,9.121400e+01,1.077000e+02,1.287000e+02,1.140200e+02,9.903500e+01,8.335500e+01
3.147700e+02,2.324200e+02,1.583200e+02,7.000000e+01,0.000000e+00,9.434000e+01,1.500500e+02,1.977700e+02,2.474200e+02,3.052200e+02,3.280200e+02,3.512300e+02,3.909900e+02,4.382900e+02,4.898400e+02,2.953600e+02,3.107300e+02,3.086000e+02,3.031200e+02,2.940300e+02,3.180100e+02,3.288800e+02,3.244700e+02,3.301200e+02,3.193100e+02,3.258500e+02,3.209300e+02,3.414000e+02,3.658900e+02,3.739700e+02,3.817000e+02,3.940100e+02,3.920500e+02,3.784300e+02,3.580100e+02,2.446600e+02,2.257400e+02,2.183300e+02,2.183300e+02,2.367500e+02,2.526400e+02,2.684800e+02,2.619600e+02,2.629700e+02,2.651500e+02,2.792600e+02,3.129300e+02,3.277900e+02,3.206200e+02,3.133400e+02,2.924800e+02,2.492300e+02,1.930400e+02,1.586200e+02,7.000000e+01,7.858800e+01,7.879100e+01,9.501600e+01,1.060800e+02,1.516400e+02,1.798000e+02,2.125700e+02,2.568300e+02,1.161600e+02,4.472100e+00,1.166200e+01,4.326700e+01,5.603600e+01,7.810200e+01,1.029600e+02,1.335100e+02,1.540100e+02,1.302500e+02,8.876900e+01,6.462200e+01,4.947700e+01,3.560900e+01,2.842500e+01,3.000000e+01,6.016600e+01,9.414900e+01,9.000000e+01,6.802900e+01,4.204800e+01
4.058800e+02,3.235800e+02,2.499000e+02,1.616200e+02,9.434000e+01,0.000000e+00,5.571400e+01,1.048600e+02,1.777800e+02,2.600700e+02,3.080600e+02,3.508400e+02,4.085500e+02,4.696000e+02,5.313300e+02,3.885700e+02,4.037100e+02,4.008900e+02,3.945900e+02,3.831800e+02,4.075900e+02,4.200200e+02,4.166200e+02,4.228400e+02,4.123900e+02,4.044700e+02,3.961600e+02,4.142500e+02,4.338700e+02,4.367700e+02,4.374300e+02,4.508000e+02,4.560700e+02,4.486500e+02,4.342000e+02,3.373400e+02,3.181000e+02,3.094400e+02,3.067900e+02,3.220100e+02,3.403800e+02,3.594900e+02,3.542000e+02,3.342200e+02,3.284200e+02,3.375000e+02,3.652100e+02,3.820100e+02,3.832800e+02,3.807500e+02,3.629300e+02,3.340500e+02,2.803500e+02,2.468100e+02,1.616200e+02,1.646000e+02,1.600100e+02,1.705800e+02,1.688100e+02,2.043100e+02,2.538400e+02,2.905000e+02,3.340700e+02,2.059100e+02,8.988900e+01,8.287300e+01,5.295300e+01,4.204800e+01,4.604300e+01,6.767600e+01,1.192800e+02,1.476300e+02,1.357600e+02,1.216700e+02,1.149800e+02,1.009800e+02,1.101600e+02,1.066800e+02,7.071100e+01,6.957000e+01,8.937600e+01,1.043100e+02,9.247700e+01,8.637100e+01
4.603200e+02,3.781600e+02,3.048000e+02,2.168300e+02,1.500500e+02,5.571400e+01,0.000000e+00,5.249800e+01,1.500000e+02,2.469100e+02,3.095400e+02,3.624100e+02,4.285300e+02,4.957200e+02,5.619300e+02,4.438500e+02,4.588900e+02,4.558000e+02,4.491800e+02,4.368700e+02,4.614100e+02,4.744600e+02,4.714700e+02,4.779000e+02,4.676100e+02,4.537700e+02,4.440700e+02,4.609900e+02,4.782800e+02,4.788000e+02,4.761600e+02,4.898700e+02,4.984800e+02,4.939500e+02,4.822700e+02,3.924600e+02,3.731200e+02,3.640300e+02,3.604600e+02,3.744300e+02,3.936500e+02,4.139600e+02,4.091400e+02,3.810800e+02,3.720700e+02,3.788500e+02,4.033900e+02,4.207900e+02,4.258500e+02,4.254400e+02,4.091200e+02,3.862500e+02,3.337400e+02,3.006700e+02,2.168300e+02,2.186600e+02,2.131400e+02,2.220800e+02,2.169200e+02,2.473900e+02,3.029500e+02,3.404800e+02,3.833400e+02,2.604600e+02,1.456000e+02,1.385800e+02,1.082400e+02,9.654000e+01,9.020000e+01,9.693300e+01,1.431200e+02,1.704200e+02,1.663700e+02,1.651300e+02,1.641100e+02,1.521200e+02,1.640700e+02,1.612100e+02,1.256300e+02,1.180200e+02,1.258700e+02,1.445500e+02,1.387100e+02,1.385200e+02
5.016000e+02,4.201200e+02,3.479100e+02,2.614800e+02,1.977700e+02,1.048600e+02,5.249800e+01,0.000000e+00,1.151300e+02,2.201500e+02,2.940100e+02,3.549900e+02,4.280200e+02,5.005300e+02,5.708200e+02,4.876400e+02,5.023000e+02,4.983500e+02,4.908900e+02,4.765800e+02,5.012800e+02,5.156800e+02,5.137800e+02,5.208800e+02,5.111200e+02,4.860000e+02,4.744200e+02,4.896400e+02,5.037700e+02,5.013300e+02,4.948100e+02,5.088000e+02,5.213100e+02,5.204600e+02,5.125600e+02,4.358400e+02,4.162800e+02,4.060800e+02,4.004800e+02,4.121000e+02,4.327300e+02,4.554800e+02,4.519200e+02,4.105900e+02,3.976800e+02,4.016500e+02,4.222500e+02,4.401100e+02,4.495400e+02,4.517400e+02,4.374800e+02,4.234600e+02,3.734100e+02,3.415000e+02,2.614800e+02,2.607200e+02,2.536900e+02,2.601000e+02,2.508000e+02,2.747300e+02,3.363800e+02,3.746500e+02,4.160800e+02,3.030600e+02,1.933000e+02,1.861200e+02,1.547400e+02,1.422300e+02,1.285800e+02,1.240600e+02,1.586200e+02,1.821600e+02,1.855300e+02,1.961600e+02,2.009000e+02,1.916000e+02,2.068100e+02,2.050600e+02,1.709900e+02,1.566800e+02,1.540100e+02,1.740500e+02,1.739500e+02,1.796900e+02
5.071400e+02,4.311700e+02,3.668800e+02,2.927700e+02,2.474200e+02,1.777800e+02,1.500000e+02,1.151300e+02,0.000000e+00,1.070700e+02,1.900300e+02,2.597000e+02,3.407900e+02,4.200400e+02,4.958500e+02,5.024900e+02,5.152500e+02,5.083800e+02,4.982600e+02,4.778700e+02,5.022000e+02,5.205800e+02,5.224700e+02,5.316900e+02,5.241800e+02,4.651900e+02,4.491100e+02,4.593600e+02,4.652400e+02,4.560200e+02,4.411600e+02,4.552700e+02,4.760000e+02,4.838300e+02,4.856700e+02,4.511400e+02,4.316500e+02,4.181100e+02,4.062400e+02,4.100000e+02,4.338900e+02,4.635300e+02,4.644300e+02,3.861600e+02,3.643300e+02,3.614200e+02,3.720500e+02,3.900800e+02,4.089600e+02,4.172500e+02,4.087500e+02,4.193900e+02,3.795800e+02,3.534200e+02,2.927700e+02,2.837500e+02,2.730000e+02,2.713300e+02,2.521000e+02,2.563200e+02,3.272300e+02,3.647200e+02,3.998100e+02,3.236400e+02,2.435200e+02,2.368600e+02,2.078800e+02,1.960100e+02,1.698100e+02,1.452400e+02,1.399400e+02,1.467800e+02,1.654700e+02,2.004200e+02,2.182500e+02,2.178100e+02,2.392100e+02,2.410100e+02,2.174500e+02,1.892800e+02,1.641500e+02,1.805400e+02,1.937500e+02,2.128100e+02
5.066300e+02,4.398400e+02,3.873200e+02,3.309700e+02,3.052200e+02,2.600700e+02,2.469100e+02,2.201500e+02,1.070700e+02,0.000000e+00,9.247700e+01,1.689600e+02,2.551500e+02,3.385000e+02,4.175700e+02,5.107700e+02,5.212000e+02,5.119600e+02,4.998600e+02,4.748400e+02,4.976100e+02,5.188700e+02,5.241900e+02,5.349600e+02,5.298300e+02,4.418600e+02,4.222800e+02,4.271000e+02,4.245100e+02,4.089500e+02,3.863800e+02,3.999400e+02,4.280000e+02,4.440700e+02,4.553900e+02,4.624700e+02,4.442100e+02,4.285300e+02,4.117300e+02,4.079500e+02,4.332800e+02,4.675500e+02,4.724800e+02,3.644300e+02,3.354400e+02,3.257100e+02,3.250400e+02,3.419800e+02,3.693600e+02,3.832800e+02,3.810900e+02,4.148500e+02,3.874900e+02,3.687800e+02,3.309700e+02,3.162900e+02,3.039100e+02,2.956600e+02,2.708600e+02,2.559800e+02,3.258700e+02,3.589000e+02,3.850200e+02,3.495000e+02,3.022400e+02,2.968600e+02,2.738900e+02,2.644600e+02,2.361800e+02,2.064900e+02,1.734600e+02,1.612500e+02,1.870700e+02,2.325500e+02,2.568900e+02,2.633500e+02,2.856100e+02,2.898000e+02,2.774800e+02,2.454500e+02,2.113000e+02,2.198600e+02,2.397400e+02,2.643900e+02
4.675500e+02,4.110300e+02,3.714300e+02,3.345700e+02,3.280200e+02,3.080600e+02,3.095400e+02,2.940100e+02,1.900300e+02,9.247700e+01,0.000000e+00,7.727900e+01,1.640700e+02,2.480700e+02,3.277700e+02,4.788000e+02,4.869600e+02,4.760500e+02,4.627300e+02,4.348300e+02,4.555200e+02,4.784100e+02,4.863600e+02,4.980800e+02,4.950700e+02,3.868100e+02,3.652600e+02,3.657000e+02,3.568800e+02,3.372400e+02,3.099700e+02,3.228000e+02,3.551100e+02,3.765600e+02,3.945300e+02,4.349000e+02,4.184900e+02,4.017400e+02,3.816400e+02,3.717000e+02,3.969900e+02,4.336300e+02,4.417400e+02,3.142700e+02,2.811700e+02,2.664400e+02,2.567300e+02,2.719800e+02,3.046300e+02,3.223000e+02,3.252200e+02,3.761800e+02,3.608400e+02,3.497300e+02,3.345700e+02,3.163000e+02,3.037100e+02,2.906600e+02,2.640100e+02,2.345500e+02,2.957400e+02,3.224200e+02,3.394200e+02,3.409200e+02,3.261000e+02,3.223000e+02,3.066200e+02,3.001900e+02,2.733900e+02,2.440500e+02,1.974600e+02,1.741000e+02,1.980400e+02,2.426700e+02,2.687500e+02,2.801100e+02,3.005400e+02,3.063200e+02,3.048000e+02,2.732400e+02,2.372200e+02,2.380300e+02,2.600700e+02,2.860600e+02
4.327300e+02,3.870900e+02,3.605400e+02,3.421500e+02,3.512300e+02,3.508400e+02,3.624100e+02,3.549900e+02,2.597000e+02,1.689600e+02,7.727900e+01,0.000000e+00,8.683300e+01,1.709500e+02,2.508000e+02,4.500000e+02,4.559500e+02,4.438500e+02,4.297800e+02,4.000500e+02,4.183100e+02,4.421100e+02,4.522000e+02,4.644900e+02,4.634200e+02,3.396000e+02,3.168300e+02,3.130800e+02,2.985300e+02,2.754300e+02,2.442000e+02,2.560700e+02,2.917800e+02,3.178700e+02,3.416700e+02,4.112500e+02,3.970300e+02,3.799500e+02,3.576900e+02,3.425700e+02,3.668200e+02,4.043600e+02,4.150600e+02,2.746100e+02,2.392400e+02,2.202300e+02,2.013200e+02,2.140100e+02,2.508000e+02,2.715400e+02,2.794100e+02,3.446200e+02,3.409200e+02,3.371500e+02,3.421500e+02,3.220200e+02,3.101000e+02,2.940100e+02,2.680300e+02,2.288800e+02,2.764400e+02,2.954700e+02,3.029500e+02,3.379200e+02,3.502200e+02,3.478400e+02,3.385000e+02,3.346300e+02,3.105200e+02,2.835600e+02,2.325900e+02,2.051000e+02,2.238900e+02,2.624900e+02,2.875100e+02,3.017600e+02,3.193100e+02,3.259500e+02,3.327600e+02,3.036400e+02,2.692600e+02,2.643900e+02,2.860100e+02,3.110000e+02
4.040800e+02,3.738700e+02,3.640900e+02,3.667900e+02,3.909900e+02,4.085500e+02,4.285300e+02,4.280200e+02,3.407900e+02,2.551500e+02,1.640700e+02,8.683300e+01,0.000000e+00,8.421400e+01,1.642000e+02,4.283400e+02,4.313500e+02,4.181300e+02,4.036000e+02,3.726700e+02,3.870900e+02,4.112500e+02,4.237600e+02,4.363900e+02,4.377800e+02,2.981900e+02,2.748700e+02,2.651500e+02,2.425300e+02,2.149800e+02,1.785500e+02,1.880400e+02,2.280400e+02,2.604600e+02,2.920300e+02,3.973400e+02,3.863800e+02,3.696800e+02,3.459300e+02,3.251900e+02,3.468300e+02,3.838000e+02,3.972800e+02,2.480800e+02,2.129600e+02,1.898400e+02,1.584000e+02,1.649800e+02,2.051500e+02,2.290600e+02,2.437000e+02,3.240300e+02,3.350100e+02,3.400900e+02,3.667900e+02,3.459100e+02,3.354400e+02,3.173200e+02,2.941100e+02,2.489100e+02,2.760300e+02,2.840400e+02,2.785700e+02,3.515700e+02,3.909000e+02,3.899700e+02,3.869200e+02,3.855200e+02,3.648200e+02,3.411000e+02,2.896200e+02,2.612000e+02,2.741200e+02,3.042400e+02,3.265000e+02,3.425700e+02,3.563900e+02,3.634900e+02,3.778300e+02,3.523500e+02,3.213100e+02,3.118500e+02,3.316900e+02,3.543600e+02
3.873200e+02,3.744300e+02,3.812700e+02,4.024900e+02,4.382900e+02,4.696000e+02,4.957200e+02,5.005300e+02,4.200400e+02,3.385000e+02,2.480700e+02,1.709500e+02,8.421400e+01,0.000000e+00,8.002500e+01,4.179200e+02,4.177700e+02,4.039000e+02,3.894900e+02,3.587100e+02,3.683300e+02,3.918400e+02,4.064300e+02,4.189500e+02,4.228700e+02,2.731300e+02,2.510300e+02,2.348900e+02,2.039000e+02,1.730800e+02,1.337000e+02,1.377700e+02,1.798900e+02,2.183300e+02,2.575000e+02,3.960800e+02,3.888700e+02,3.733700e+02,3.494700e+02,3.243900e+02,3.420100e+02,3.764300e+02,3.921300e+02,2.444000e+02,2.141100e+02,1.903800e+02,1.510800e+02,1.480000e+02,1.848800e+02,2.093800e+02,2.303100e+02,3.200200e+02,3.449100e+02,3.580200e+02,4.024900e+02,3.819400e+02,3.731900e+02,3.543600e+02,3.347700e+02,2.881200e+02,2.954100e+02,2.923100e+02,2.741200e+02,3.785100e+02,4.389500e+02,4.392200e+02,4.412400e+02,4.418100e+02,4.242600e+02,4.036100e+02,3.533900e+02,3.254800e+02,3.338600e+02,3.564500e+02,3.756000e+02,3.924100e+02,4.027500e+02,4.099600e+02,4.297900e+02,4.079200e+02,3.804300e+02,3.679700e+02,3.857000e+02,4.057400e+02
3.843300e+02,3.885600e+02,4.098400e+02,4.456900e+02,4.898400e+02,5.313300e+02,5.619300e+02,5.708200e+02,4.958500e+02,4.175700e+02,3.277700e+02,2.508000e+02,1.642000e+02,8.002500e+01,0.000000e+00,4.199100e+02,4.166900e+02,4.027200e+02,3.890100e+02,3.598100e+02,3.642000e+02,3.860100e+02,4.020800e+02,4.140200e+02,4.203000e+02,2.686000e+02,2.498100e+02,2.285600e+02,1.920900e+02,1.626000e+02,1.295200e+02,1.250300e+02,1.601100e+02,2.003600e+02,2.441300e+02,4.076100e+02,4.041500e+02,3.904100e+02,3.674800e+02,3.398400e+02,3.527300e+02,3.830500e+02,4.001700e+02,2.633500e+02,2.406200e+02,2.195400e+02,1.808500e+02,1.700000e+02,1.960600e+02,2.173400e+02,2.417600e+02,3.327800e+02,3.687900e+02,3.881900e+02,4.456900e+02,4.260000e+02,4.188800e+02,4.001200e+02,3.840100e+02,3.382400e+02,3.299700e+02,3.178000e+02,2.896900e+02,4.153700e+02,4.910800e+02,4.922800e+02,4.982000e+02,5.002800e+02,4.853900e+02,4.673200e+02,4.188100e+02,3.917800e+02,3.968700e+02,4.135700e+02,4.299300e+02,4.469000e+02,4.543300e+02,4.614600e+02,4.851300e+02,4.664100e+02,4.420400e+02,4.276500e+02,4.434600e+02,4.611100e+02
4.161700e+01,7.161000e+01,1.397900e+02,2.270200e+02,2.953600e+02,3.885700e+02,4.438500e+02,4.876400e+02,5.024900e+02,5.107700e+02,4.788000e+02,4.500000e+02,4.283400e+02,4.179200e+02,4.199100e+02,0.000000e+00,1.612500e+01,2.262700e+01,3.231100e+01,6.013300e+01,6.082800e+01,4.967900e+01,3.577700e+01,3.622200e+01,2.408300e+01,1.516000e+02,1.702900e+02,1.915100e+02,2.285400e+02,2.573200e+02,2.921700e+02,2.949800e+02,2.620700e+02,2.241200e+02,1.805000e+02,5.200000e+01,7.169400e+01,8.438000e+01,9.903500e+01,1.077000e+02,8.318700e+01,4.565100e+01,3.841900e+01,1.802800e+02,2.156800e+02,2.385000e+02,2.722500e+02,2.709700e+02,2.330400e+02,2.086100e+02,1.881000e+02,1.056000e+02,1.240200e+02,1.494100e+02,2.270200e+02,2.270900e+02,2.350900e+02,2.325500e+02,2.503900e+02,2.549500e+02,1.853100e+02,1.564700e+02,1.498900e+02,1.847200e+02,2.996700e+02,3.063400e+02,3.356700e+02,3.473300e+02,3.592400e+02,3.700200e+02,3.625500e+02,3.596700e+02,3.378200e+02,3.033000e+02,2.901900e+02,2.968200e+02,2.808600e+02,2.829600e+02,3.182200e+02,3.314900e+02,3.435200e+02,3.246800e+02,3.172400e+02,3.080100e+02
3.298500e+01,8.411900e+01,1.544000e+02,2.421000e+02,3.107300e+02,4.037100e+02,4.588900e+02,5.023000e+02,5.152500e+02,5.212000e+02,4.869600e+02,4.559500e+02,4.313500e+02,4.177700e+02,4.166900e+02,1.612500e+01,0.000000e+00,1.400000e+01,2.828400e+01,5.922800e+01,5.336700e+01,3.720200e+01,2.126000e+01,2.010000e+01,8.944300e+00,1.481200e+02,1.681100e+02,1.881700e+02,2.247200e+02,2.542000e+02,2.900600e+02,2.921100e+02,2.577500e+02,2.189800e+02,1.749500e+02,6.648300e+01,8.602300e+01,9.750900e+01,1.100000e+02,1.152600e+02,9.000000e+01,5.374000e+01,5.099000e+01,1.838500e+02,2.195400e+02,2.418100e+02,2.741800e+02,2.718300e+02,2.331200e+02,2.084700e+02,1.891900e+02,1.115200e+02,1.359100e+02,1.628700e+02,2.421000e+02,2.416100e+02,2.493000e+02,2.461300e+02,2.632200e+02,2.658200e+02,1.953500e+02,1.646600e+02,1.539400e+02,1.992500e+02,3.150200e+02,3.216500e+02,3.507800e+02,3.623500e+02,3.738100e+02,3.840200e+02,3.753300e+02,3.716600e+02,3.502300e+02,3.166300e+02,3.041700e+02,3.111900e+02,2.956000e+02,2.978600e+02,3.332600e+02,3.459500e+02,3.572000e+02,3.381900e+02,3.312800e+02,3.226100e+02
1.969800e+01,7.843500e+01,1.510100e+02,2.393700e+02,3.086000e+02,4.008900e+02,4.558000e+02,4.983500e+02,5.083800e+02,5.119600e+02,4.760500e+02,4.438500e+02,4.181300e+02,4.039000e+02,4.027200e+02,2.262700e+01,1.400000e+01,0.000000e+00,1.456000e+01,4.560700e+01,3.985000e+01,2.720300e+01,1.600000e+01,2.332400e+01,1.969800e+01,1.341300e+02,1.541200e+02,1.741800e+02,2.107700e+02,2.402100e+02,2.760700e+02,2.781200e+02,2.438500e+02,2.051800e+02,1.612100e+02,6.412500e+01,8.287300e+01,9.234700e+01,1.022200e+02,1.046900e+02,7.924600e+01,4.494400e+01,4.669000e+01,1.709900e+02,2.067400e+02,2.287800e+02,2.607200e+02,2.581500e+02,2.193200e+02,1.946500e+02,1.756000e+02,1.000000e+02,1.288300e+02,1.575400e+02,2.393700e+02,2.377000e+02,2.448300e+02,2.406700e+02,2.567000e+02,2.572000e+02,1.861700e+02,1.542100e+02,1.413200e+02,1.954900e+02,3.128300e+02,3.193300e+02,3.479400e+02,3.592900e+02,3.697800e+02,3.789900e+02,3.685900e+02,3.640100e+02,3.430800e+02,3.107000e+02,2.992100e+02,3.068900e+02,2.920300e+02,2.946000e+02,3.302600e+02,3.417600e+02,3.517100e+02,3.324700e+02,3.263900e+02,3.187300e+02
1.264900e+01,7.102100e+01,1.448900e+02,2.334500e+02,3.031200e+02,3.945900e+02,4.491800e+02,4.908900e+02,4.982600e+02,4.998600e+02,4.627300e+02,4.297800e+02,4.036000e+02,3.894900e+02,3.890100e+02,3.231100e+01,2.828400e+01,1.456000e+01,0.000000e+00,3.104800e+01,2.884400e+01,2.607700e+01,2.441300e+01,3.538400e+01,3.417600e+01,1.204200e+02,1.400100e+02,1.604500e+02,1.972300e+02,2.264300e+02,2.620100e+02,2.642700e+02,2.305200e+02,1.922100e+02,1.484300e+02,6.082800e+01,7.802600e+01,8.515900e+01,9.219500e+01,9.202200e+01,6.660300e+01,3.544000e+01,4.242600e+01,1.565900e+02,1.923500e+02,2.143100e+02,2.461600e+02,2.436100e+02,2.048400e+02,1.801900e+02,1.610500e+02,8.655600e+01,1.192300e+02,1.494500e+02,2.334500e+02,2.306300e+02,2.372000e+02,2.321100e+02,2.471400e+02,2.457700e+02,1.744000e+02,1.414500e+02,1.270600e+02,1.887300e+02,3.072800e+02,3.136400e+02,3.416800e+02,3.528000e+02,3.623500e+02,3.706200e+02,3.586800e+02,3.532900e+02,3.328200e+02,3.015700e+02,2.910000e+02,2.992900e+02,2.851600e+02,2.880300e+02,3.238800e+02,3.342200e+02,3.429400e+02,3.235100e+02,3.182000e+02,3.115100e+02
3.280200e+01,6.456000e+01,1.367200e+02,2.240400e+02,2.940300e+02,3.831800e+02,4.368700e+02,4.765800e+02,4.778700e+02,4.748400e+02,4.348300e+02,4.000500e+02,3.726700e+02,3.587100e+02,3.598100e+02,6.013300e+01,5.922800e+01,4.560700e+01,3.104800e+01,0.000000e+00,2.473900e+01,4.404500e+01,5.215400e+01,6.449800e+01,6.514600e+01,9.178200e+01,1.101600e+02,1.315300e+02,1.686900e+02,1.972300e+02,2.320800e+02,2.348500e+02,2.024100e+02,1.651300e+02,1.222000e+02,6.560500e+01,7.696800e+01,7.766600e+01,7.642000e+01,6.800000e+01,4.427200e+01,3.280200e+01,4.951800e+01,1.261300e+02,1.619000e+02,1.835800e+02,2.151300e+02,2.126000e+02,1.739500e+02,1.493500e+02,1.300000e+02,6.000000e+01,1.032500e+02,1.363700e+02,2.240400e+02,2.185900e+02,2.237600e+02,2.165200e+02,2.289600e+02,2.230200e+02,1.513300e+02,1.160200e+02,9.709800e+01,1.780100e+02,2.980100e+02,3.040100e+02,3.306100e+02,3.411500e+02,3.485300e+02,3.545900e+02,3.390900e+02,3.318400e+02,3.125300e+02,2.840900e+02,2.757500e+02,2.854100e+02,2.730600e+02,2.765900e+02,3.126400e+02,3.202500e+02,3.261000e+02,3.063200e+02,3.028400e+02,2.984300e+02
2.039600e+01,8.683300e+01,1.602000e+02,2.480100e+02,3.180100e+02,4.075900e+02,4.614100e+02,5.012800e+02,5.022000e+02,4.976100e+02,4.555200e+02,4.183100e+02,3.870900e+02,3.683300e+02,3.642000e+02,6.082800e+01,5.336700e+01,3.985000e+01,2.884400e+01,2.473900e+01,0.000000e+00,2.416600e+01,3.821000e+01,5.063600e+01,5.614300e+01,9.618700e+01,1.173900e+02,1.360600e+02,1.721000e+02,2.020100e+02,2.386800e+02,2.400300e+02,2.047900e+02,1.657500e+02,1.216600e+02,8.325900e+01,9.752900e+01,1.005000e+02,1.009800e+02,9.219500e+01,6.896400e+01,5.192300e+01,6.529900e+01,1.436900e+02,1.791800e+02,1.997000e+02,2.287800e+02,2.245400e+02,1.848900e+02,1.601600e+02,1.433900e+02,8.335500e+01,1.279100e+02,1.608000e+02,2.480100e+02,2.430000e+02,2.483400e+02,2.412400e+02,2.536500e+02,2.469400e+02,1.753200e+02,1.392800e+02,1.162800e+02,2.021600e+02,3.220200e+02,3.281000e+02,3.549500e+02,3.655800e+02,3.731900e+02,3.793300e+02,3.635900e+02,3.560000e+02,3.369300e+02,3.088000e+02,3.004700e+02,3.100600e+02,2.975200e+02,3.009600e+02,3.370000e+02,3.449100e+02,3.508300e+02,3.310400e+02,3.275700e+02,3.230100e+02
1.414200e+01,9.651900e+01,1.705800e+02,2.591100e+02,3.288800e+02,4.200200e+02,4.744600e+02,5.156800e+02,5.205800e+02,5.188700e+02,4.784100e+02,4.421100e+02,4.112500e+02,3.918400e+02,3.860100e+02,4.967900e+01,3.720200e+01,2.720300e+01,2.607700e+01,4.404500e+01,2.416600e+01,0.000000e+00,1.708800e+01,2.807100e+01,3.677000e+01,1.190800e+02,1.408100e+02,1.586200e+02,1.940400e+02,2.243200e+02,2.615000e+02,2.623700e+02,2.261400e+02,1.865300e+02,1.423500e+02,8.683300e+01,1.040800e+02,1.106500e+02,1.157400e+02,1.115200e+02,8.683300e+01,6.053100e+01,6.846900e+01,1.675200e+02,2.031000e+02,2.237900e+02,2.529300e+02,2.485600e+02,2.088100e+02,1.841000e+02,1.675500e+02,1.040200e+02,1.429400e+02,1.742000e+02,2.591100e+02,2.558100e+02,2.620500e+02,2.563200e+02,2.703800e+02,2.665100e+02,1.948300e+02,1.600000e+02,1.396300e+02,2.141100e+02,3.330200e+02,3.393300e+02,3.671500e+02,3.781700e+02,3.872200e+02,3.948200e+02,3.813700e+02,3.749500e+02,3.551300e+02,3.251700e+02,3.153900e+02,3.241000e+02,3.103900e+02,3.133900e+02,3.493100e+02,3.590300e+02,3.668200e+02,3.472500e+02,3.425800e+02,3.365400e+02
1.969800e+01,9.368000e+01,1.667200e+02,2.551500e+02,3.244700e+02,4.166200e+02,4.714700e+02,5.137800e+02,5.224700e+02,5.241900e+02,4.863600e+02,4.522000e+02,4.237600e+02,4.064300e+02,4.020800e+02,3.577700e+01,2.126000e+01,1.600000e+01,2.441300e+01,5.215400e+01,3.821000e+01,1.708800e+01,0.000000e+00,1.264900e+01,1.969800e+01,1.343700e+02,1.555600e+02,1.741800e+02,2.100100e+02,2.400700e+02,2.768800e+02,2.781200e+02,2.424000e+02,2.029900e+02,1.588100e+02,8.010000e+01,9.873200e+01,1.077000e+02,1.162800e+02,1.162800e+02,9.090700e+01,5.909300e+01,6.251400e+01,1.781300e+02,2.138900e+02,2.352600e+02,2.657100e+02,2.620800e+02,2.226500e+02,1.979100e+02,1.802800e+02,1.103400e+02,1.431800e+02,1.726600e+02,2.551500e+02,2.532100e+02,2.601600e+02,2.556200e+02,2.711300e+02,2.701900e+02,1.988100e+02,1.656100e+02,1.492500e+02,2.110700e+02,3.286900e+02,3.351700e+02,3.636800e+02,3.749800e+02,3.852100e+02,3.940600e+02,3.828200e+02,3.776400e+02,3.570700e+02,3.253900e+02,3.143300e+02,3.222500e+02,3.076100e+02,3.102600e+02,3.459700e+02,3.571400e+02,3.665900e+02,3.472500e+02,3.415300e+02,3.342200e+02
3.231100e+01,1.013900e+02,1.731700e+02,2.612300e+02,3.301200e+02,4.228400e+02,4.779000e+02,5.208800e+02,5.316900e+02,5.349600e+02,4.980800e+02,4.644900e+02,4.363900e+02,4.189500e+02,4.140200e+02,3.622200e+01,2.010000e+01,2.332400e+01,3.538400e+01,6.449800e+01,5.063600e+01,2.807100e+01,1.264900e+01,0.000000e+00,1.341600e+01,1.466700e+02,1.680200e+02,1.863900e+02,2.220100e+02,2.522000e+02,2.891700e+02,2.902500e+02,2.542000e+02,2.146000e+02,1.704200e+02,8.551000e+01,1.047900e+02,1.151700e+02,1.255400e+02,1.273100e+02,1.018600e+02,6.826400e+01,6.896400e+01,1.905900e+02,2.263500e+02,2.478100e+02,2.783500e+02,2.747200e+02,2.352600e+02,2.105200e+02,1.929200e+02,1.219200e+02,1.521200e+02,1.805000e+02,2.612300e+02,2.601600e+02,2.675300e+02,2.637000e+02,2.799600e+02,2.804100e+02,2.092700e+02,1.767800e+02,1.615500e+02,2.178600e+02,3.343900e+02,3.409700e+02,3.698900e+02,3.813700e+02,3.923300e+02,4.019200e+02,3.918800e+02,3.873200e+02,3.664000e+02,3.338600e+02,3.221000e+02,3.295400e+02,3.143500e+02,3.167600e+02,3.523000e+02,3.643700e+02,3.747700e+02,3.555800e+02,3.492600e+02,3.412000e+02
3.600000e+01,9.305900e+01,1.632200e+02,2.508000e+02,3.193100e+02,4.123900e+02,4.676100e+02,5.111200e+02,5.241800e+02,5.298300e+02,4.950700e+02,4.634200e+02,4.377800e+02,4.228700e+02,4.203000e+02,2.408300e+01,8.944300e+00,1.969800e+01,3.417600e+01,6.514600e+01,5.614300e+01,3.677000e+01,1.969800e+01,1.341600e+01,0.000000e+00,1.520100e+02,1.725700e+02,1.920000e+02,2.282200e+02,2.580100e+02,2.943300e+02,2.960000e+02,2.609300e+02,2.217700e+02,1.776300e+02,7.528600e+01,9.486800e+01,1.064500e+02,1.188100e+02,1.234300e+02,9.808200e+01,6.229000e+01,5.993300e+01,1.906800e+02,2.264300e+02,2.484700e+02,2.802600e+02,2.774800e+02,2.384800e+02,2.137800e+02,1.950600e+02,1.192800e+02,1.448000e+02,1.718100e+02,2.508000e+02,2.504600e+02,2.581900e+02,2.550700e+02,2.721500e+02,2.745500e+02,2.039600e+02,1.729000e+02,1.610000e+02,2.080900e+02,3.236100e+02,3.302600e+02,3.594800e+02,3.710800e+02,3.826500e+02,3.929400e+02,3.842600e+02,3.805300e+02,3.591400e+02,3.255800e+02,3.130900e+02,3.200600e+02,3.044000e+02,3.066200e+02,3.419800e+02,3.548100e+02,3.661400e+02,3.471300e+02,3.401900e+02,3.314500e+02
1.160200e+02,1.344000e+02,1.858300e+02,2.596200e+02,3.258500e+02,4.044700e+02,4.537700e+02,4.860000e+02,4.651900e+02,4.418600e+02,3.868100e+02,3.396000e+02,2.981900e+02,2.731300e+02,2.686000e+02,1.516000e+02,1.481200e+02,1.341300e+02,1.204200e+02,9.178200e+01,9.618700e+01,1.190800e+02,1.343700e+02,1.466700e+02,1.520100e+02,0.000000e+00,2.332400e+01,4.005000e+01,7.694200e+01,1.060800e+02,1.425100e+02,1.440100e+02,1.106300e+02,7.432400e+01,3.538400e+01,1.476500e+02,1.504300e+02,1.416800e+02,1.247400e+02,9.720100e+01,9.683000e+01,1.184700e+02,1.363100e+02,7.912000e+01,1.066800e+02,1.206200e+02,1.409100e+02,1.333000e+02,9.305900e+01,6.934000e+01,6.161200e+01,8.527600e+01,1.409800e+02,1.735400e+02,2.596200e+02,2.473300e+02,2.478800e+02,2.345500e+02,2.368500e+02,2.129400e+02,1.508500e+02,1.141400e+02,7.045600e+01,2.148500e+02,3.291200e+02,3.338100e+02,3.549700e+02,3.633300e+02,3.635900e+02,3.620200e+02,3.341700e+02,3.196800e+02,3.061200e+02,2.901100e+02,2.900000e+02,3.035100e+02,2.974200e+02,3.026900e+02,3.373400e+02,3.361500e+02,3.320100e+02,3.120300e+02,3.150700e+02,3.182800e+02
1.367200e+02,1.449400e+02,1.885200e+02,2.567000e+02,3.209300e+02,3.961600e+02,4.440700e+02,4.744200e+02,4.491100e+02,4.222800e+02,3.652600e+02,3.168300e+02,2.748700e+02,2.510300e+02,2.498100e+02,1.702900e+02,1.681100e+02,1.541200e+02,1.400100e+02,1.101600e+02,1.173900e+02,1.408100e+02,1.555600e+02,1.680200e+02,1.725700e+02,2.332400e+01,0.000000e+00,2.441300e+01,6.092600e+01,8.747600e+01,1.220000e+02,1.247900e+02,9.507900e+01,6.378100e+01,3.821000e+01,1.608200e+02,1.610600e+02,1.503300e+02,1.308700e+02,1.021800e+02,1.073300e+02,1.338800e+02,1.513800e+02,6.403100e+01,8.692500e+01,9.881300e+01,1.176400e+02,1.100200e+02,6.977100e+01,4.604300e+01,4.123100e+01,9.160800e+01,1.431800e+02,1.736800e+02,2.567000e+02,2.429200e+02,2.423000e+02,2.277700e+02,2.275400e+02,2.000000e+02,1.426200e+02,1.084600e+02,6.440500e+01,2.133500e+02,3.239800e+02,3.282700e+02,3.478400e+02,3.555800e+02,3.541400e+02,3.508200e+02,3.205100e+02,3.046400e+02,2.924400e+02,2.794100e+02,2.812300e+02,2.954700e+02,2.910000e+02,2.966300e+02,3.304900e+02,3.271800e+02,3.207600e+02,3.009600e+02,3.054800e+02,3.104600e+02
1.560000e+02,1.692000e+02,2.123000e+02,2.783700e+02,3.414000e+02,4.142500e+02,4.609900e+02,4.896400e+02,4.593600e+02,4.271000e+02,3.657000e+02,3.130800e+02,2.651500e+02,2.348900e+02,2.285600e+02,1.915100e+02,1.881700e+02,1.741800e+02,1.604500e+02,1.315300e+02,1.360600e+02,1.586200e+02,1.741800e+02,1.863900e+02,1.920000e+02,4.005000e+01,2.441300e+01,0.000000e+00,3.736300e+01,6.603000e+01,1.029600e+02,1.040000e+02,7.147000e+01,3.959800e+01,2.884400e+01,1.846200e+02,1.853200e+02,1.747300e+02,1.552400e+02,1.265100e+02,1.315300e+02,1.568900e+02,1.745600e+02,8.005000e+01,9.503700e+01,1.013900e+02,1.118000e+02,1.009000e+02,6.229000e+01,4.386300e+01,5.215400e+01,1.160200e+02,1.669700e+02,1.968100e+02,2.783700e+02,2.638900e+02,2.626200e+02,2.474300e+02,2.454500e+02,2.149300e+02,1.619900e+02,1.297700e+02,8.653300e+01,2.357700e+02,3.443100e+02,3.483700e+02,3.668800e+02,3.741700e+02,3.714500e+02,3.666500e+02,3.340100e+02,3.166300e+02,3.060300e+02,2.959200e+02,2.992900e+02,3.140100e+02,3.106400e+02,3.164800e+02,3.497500e+02,3.449300e+02,3.366300e+02,3.170700e+02,3.228200e+02,3.291200e+02
1.922600e+02,2.057200e+02,2.448600e+02,3.056400e+02,3.658900e+02,4.338700e+02,4.782800e+02,5.037700e+02,4.652400e+02,4.245100e+02,3.568800e+02,2.985300e+02,2.425300e+02,2.039000e+02,1.920900e+02,2.285400e+02,2.247200e+02,2.107700e+02,1.972300e+02,1.686900e+02,1.721000e+02,1.940400e+02,2.100100e+02,2.220100e+02,2.282200e+02,7.694200e+01,6.092600e+01,3.736300e+01,0.000000e+00,3.104800e+01,7.022800e+01,6.873100e+01,3.417600e+01,1.969800e+01,5.385200e+01,2.217200e+02,2.218200e+02,2.106200e+02,1.902600e+02,1.614200e+02,1.681900e+02,1.942500e+02,2.119000e+02,1.032500e+02,1.063000e+02,1.040200e+02,1.003200e+02,8.508800e+01,5.632100e+01,5.314100e+01,7.378300e+01,1.516000e+02,1.998100e+02,2.278000e+02,3.056400e+02,2.898300e+02,2.873100e+02,2.710100e+02,2.659300e+02,2.308900e+02,1.863000e+02,1.580500e+02,1.173900e+02,2.648800e+02,3.685200e+02,3.720900e+02,3.884800e+02,3.949000e+02,3.898400e+02,3.824600e+02,3.460900e+02,3.263900e+02,3.185200e+02,3.134600e+02,3.195300e+02,3.350000e+02,3.337200e+02,3.399100e+02,3.718600e+02,3.643000e+02,3.527300e+02,3.337300e+02,3.415800e+02,3.502300e+02
2.220100e+02,2.299000e+02,2.628000e+02,3.170400e+02,3.739700e+02,4.367700e+02,4.788000e+02,5.013300e+02,4.560200e+02,4.089500e+02,3.372400e+02,2.754300e+02,2.149800e+02,1.730800e+02,1.626000e+02,2.573200e+02,2.542000e+02,2.402100e+02,2.264300e+02,1.972300e+02,2.020100e+02,2.243200e+02,2.400700e+02,2.522000e+02,2.580100e+02,1.060800e+02,8.747600e+01,6.603000e+01,3.104800e+01,0.000000e+00,3.939500e+01,3.805300e+01,2.010000e+01,4.604300e+01,8.490000e+01,2.473300e+02,2.458600e+02,2.335600e+02,2.120100e+02,1.833600e+02,1.929200e+02,2.212700e+02,2.386600e+02,1.160000e+02,1.091800e+02,1.000000e+02,8.459300e+01,6.708200e+01,5.366600e+01,6.378100e+01,8.840800e+01,1.746400e+02,2.185800e+02,2.440500e+02,3.170400e+02,3.000000e+02,2.962400e+02,2.790300e+02,2.710600e+02,2.324900e+02,1.964700e+02,1.727400e+02,1.359100e+02,2.786300e+02,3.763000e+02,3.793600e+02,3.935500e+02,3.990800e+02,3.918600e+02,3.821700e+02,3.428100e+02,3.213100e+02,3.158500e+02,3.153300e+02,3.238300e+02,3.398800e+02,3.406200e+02,3.471100e+02,3.775300e+02,3.674000e+02,3.529300e+02,3.346000e+02,3.443100e+02,3.550900e+02
2.583800e+02,2.590800e+02,2.840400e+02,3.295400e+02,3.817000e+02,4.374300e+02,4.761600e+02,4.948100e+02,4.411600e+02,3.863800e+02,3.099700e+02,2.442000e+02,1.785500e+02,1.337000e+02,1.295200e+02,2.921700e+02,2.900600e+02,2.760700e+02,2.620100e+02,2.320800e+02,2.386800e+02,2.615000e+02,2.768800e+02,2.891700e+02,2.943300e+02,1.425100e+02,1.220000e+02,1.029600e+02,7.022800e+01,3.939500e+01,0.000000e+00,1.414200e+01,4.951800e+01,8.508800e+01,1.239700e+02,2.781200e+02,2.747200e+02,2.612000e+02,2.385400e+02,2.106100e+02,2.232200e+02,2.540200e+02,2.709700e+02,1.360000e+02,1.189300e+02,1.024500e+02,7.280100e+01,5.546200e+01,6.800000e+01,8.793200e+01,1.126100e+02,2.033000e+02,2.415000e+02,2.635300e+02,3.295400e+02,3.111800e+02,3.059400e+02,2.878700e+02,2.764400e+02,2.342700e+02,2.097800e+02,1.920800e+02,1.608200e+02,2.945400e+02,3.836300e+02,3.860100e+02,3.972900e+02,4.016600e+02,3.917600e+02,3.792300e+02,3.364800e+02,3.129300e+02,3.106400e+02,3.158900e+02,3.273400e+02,3.439300e+02,3.472000e+02,3.540100e+02,3.821900e+02,3.689000e+02,3.509100e+02,3.336400e+02,3.455800e+02,3.589400e+02
2.600000e+02,2.650100e+02,2.929800e+02,3.408500e+02,3.940100e+02,4.508000e+02,4.898700e+02,5.088000e+02,4.552700e+02,3.999400e+02,3.228000e+02,2.560700e+02,1.880400e+02,1.377700e+02,1.250300e+02,2.949800e+02,2.921100e+02,2.781200e+02,2.642700e+02,2.348500e+02,2.400300e+02,2.623700e+02,2.781200e+02,2.902500e+02,2.960000e+02,1.440100e+02,1.247900e+02,1.040000e+02,6.873100e+01,3.805300e+01,1.414200e+01,0.000000e+00,4.219000e+01,8.099400e+01,1.223800e+02,2.833000e+02,2.808100e+02,2.678000e+02,2.455400e+02,2.172600e+02,2.285700e+02,2.581300e+02,2.753500e+02,1.448000e+02,1.301400e+02,1.148600e+02,8.664900e+01,6.908000e+01,7.720100e+01,9.484700e+01,1.198700e+02,2.093500e+02,2.498200e+02,2.729700e+02,3.408500e+02,3.227500e+02,3.178000e+02,2.998700e+02,2.890300e+02,2.473300e+02,2.206900e+02,2.013800e+02,1.681900e+02,3.050000e+02,3.960100e+02,3.985000e+02,4.102400e+02,4.147700e+02,4.051900e+02,3.929400e+02,3.504200e+02,3.269700e+02,3.245000e+02,3.291900e+02,3.402700e+02,3.568000e+02,3.596700e+02,3.664300e+02,3.949900e+02,3.821300e+02,3.645200e+02,3.471300e+02,3.588300e+02,3.718500e+02
2.250800e+02,2.397300e+02,2.768200e+02,3.340100e+02,3.920500e+02,4.560700e+02,4.984800e+02,5.213100e+02,4.760000e+02,4.280000e+02,3.551100e+02,2.917800e+02,2.280400e+02,1.798900e+02,1.601100e+02,2.620700e+02,2.577500e+02,2.438500e+02,2.305200e+02,2.024100e+02,2.047900e+02,2.261400e+02,2.424000e+02,2.542000e+02,2.609300e+02,1.106300e+02,9.507900e+01,7.147000e+01,3.417600e+01,2.010000e+01,4.951800e+01,4.219000e+01,0.000000e+00,4.044700e+01,8.402400e+01,2.558900e+02,2.558200e+02,2.443800e+02,2.236600e+02,1.948300e+02,2.022700e+02,2.283600e+02,2.460300e+02,1.318900e+02,1.279500e+02,1.198200e+02,1.043100e+02,8.657900e+01,7.280100e+01,7.964900e+01,1.032500e+02,1.853200e+02,2.320800e+02,2.589000e+02,3.340100e+02,3.173700e+02,3.140000e+02,2.970400e+02,2.898000e+02,2.518700e+02,2.136600e+02,1.881400e+02,1.493100e+02,2.946500e+02,3.944600e+02,3.976600e+02,4.123900e+02,4.181200e+02,4.112900e+02,4.019200e+02,3.628200e+02,3.413900e+02,3.358100e+02,3.347400e+02,3.427900e+02,3.587400e+02,3.589900e+02,3.654100e+02,3.962300e+02,3.866300e+02,3.726100e+02,3.541800e+02,3.635900e+02,3.739600e+02
1.861200e+02,2.075500e+02,2.518700e+02,3.165900e+02,3.784300e+02,4.486500e+02,4.939500e+02,5.204600e+02,4.838300e+02,4.440700e+02,3.765600e+02,3.178700e+02,2.604600e+02,2.183300e+02,2.003600e+02,2.241200e+02,2.189800e+02,2.051800e+02,1.922100e+02,1.651300e+02,1.657500e+02,1.865300e+02,2.029900e+02,2.146000e+02,2.217700e+02,7.432400e+01,6.378100e+01,3.959800e+01,1.969800e+01,4.604300e+01,8.508800e+01,8.099400e+01,4.044700e+01,0.000000e+00,4.418100e+01,2.218200e+02,2.236600e+02,2.136600e+02,1.946200e+02,1.659500e+02,1.698100e+02,1.927700e+02,2.106200e+02,1.155500e+02,1.228000e+02,1.224100e+02,1.200200e+02,1.047100e+02,7.531300e+01,6.873100e+01,8.616300e+01,1.552400e+02,2.065500e+02,2.361400e+02,3.165900e+02,3.015300e+02,2.996700e+02,2.838900e+02,2.801800e+02,2.467100e+02,1.986400e+02,1.681200e+02,1.256000e+02,2.746100e+02,3.812000e+02,3.850200e+02,4.024000e+02,4.092000e+02,4.050500e+02,3.985600e+02,3.632400e+02,3.440900e+02,3.355300e+02,3.289000e+02,3.339600e+02,3.491400e+02,3.469200e+02,3.529500e+02,3.855400e+02,3.791200e+02,3.687100e+02,3.495000e+02,3.566100e+02,3.643300e+02
1.420400e+02,1.692900e+02,2.208700e+02,2.928300e+02,3.580100e+02,4.342000e+02,4.822700e+02,5.125600e+02,4.856700e+02,4.553900e+02,3.945300e+02,3.416700e+02,2.920300e+02,2.575000e+02,2.441300e+02,1.805000e+02,1.749500e+02,1.612100e+02,1.484300e+02,1.222000e+02,1.216600e+02,1.423500e+02,1.588100e+02,1.704200e+02,1.776300e+02,3.538400e+01,3.821000e+01,2.884400e+01,5.385200e+01,8.490000e+01,1.239700e+02,1.223800e+02,8.402400e+01,4.418100e+01,0.000000e+00,1.814700e+02,1.852300e+02,1.769200e+02,1.601100e+02,1.324400e+02,1.318900e+02,1.511800e+02,1.690700e+02,1.020200e+02,1.217500e+02,1.297700e+02,1.403600e+02,1.287600e+02,9.090700e+01,7.247100e+01,7.694200e+01,1.206200e+02,1.758400e+02,2.078800e+02,2.928300e+02,2.797300e+02,2.795600e+02,2.654000e+02,2.656700e+02,2.380300e+02,1.804900e+02,1.454600e+02,1.011900e+02,2.486500e+02,3.611400e+02,3.655800e+02,3.856300e+02,3.935100e+02,3.923100e+02,3.890100e+02,3.582700e+02,3.419000e+02,3.302200e+02,3.176200e+02,3.193100e+02,3.334300e+02,3.285700e+02,3.340900e+02,3.682000e+02,3.653000e+02,3.589400e+02,3.391600e+02,3.436600e+02,3.483900e+02
7.334800e+01,2.416600e+01,8.793200e+01,1.757300e+02,2.446600e+02,3.373400e+02,3.924600e+02,4.358400e+02,4.511400e+02,4.624700e+02,4.349000e+02,4.112500e+02,3.973400e+02,3.960800e+02,4.076100e+02,5.200000e+01,6.648300e+01,6.412500e+01,6.082800e+01,6.560500e+01,8.325900e+01,8.683300e+01,8.010000e+01,8.551000e+01,7.528600e+01,1.476500e+02,1.608200e+02,1.846200e+02,2.217200e+02,2.473300e+02,2.781200e+02,2.833000e+02,2.558900e+02,2.218200e+02,1.814700e+02,0.000000e+00,1.969800e+01,3.394100e+01,5.366600e+01,7.244300e+01,5.491800e+01,3.280200e+01,1.843900e+01,1.521200e+02,1.853100e+02,2.091600e+02,2.462000e+02,2.481300e+02,2.135900e+02,1.907000e+02,1.672000e+02,7.610500e+01,7.507300e+01,9.775500e+01,1.757300e+02,1.751900e+02,1.831000e+02,1.807100e+02,1.991400e+02,2.065500e+02,1.392700e+02,1.158800e+02,1.220000e+02,1.328200e+02,2.489200e+02,2.554800e+02,2.844000e+02,2.959200e+02,3.073800e+02,3.180300e+02,3.112400e+02,3.092500e+02,2.869000e+02,2.515600e+02,2.382000e+02,2.448600e+02,2.291200e+02,2.313900e+02,2.668300e+02,2.795700e+02,2.916000e+02,2.728400e+02,2.652400e+02,2.561600e+02
9.020000e+01,1.612500e+01,6.841100e+01,1.565200e+02,2.257400e+02,3.181000e+02,3.731200e+02,4.162800e+02,4.316500e+02,4.442100e+02,4.184900e+02,3.970300e+02,3.863800e+02,3.888700e+02,4.041500e+02,7.169400e+01,8.602300e+01,8.287300e+01,7.802600e+01,7.696800e+01,9.752900e+01,1.040800e+02,9.873200e+01,1.047900e+02,9.486800e+01,1.504300e+02,1.610600e+02,1.853200e+02,2.218200e+02,2.458600e+02,2.747200e+02,2.808100e+02,2.558200e+02,2.236600e+02,1.852300e+02,1.969800e+01,0.000000e+00,1.708800e+01,4.044700e+01,6.477700e+01,5.385200e+01,4.560700e+01,3.622200e+01,1.445000e+02,1.760500e+02,2.000400e+02,2.381300e+02,2.414000e+02,2.086900e+02,1.868200e+02,1.625100e+02,7.147000e+01,5.768900e+01,7.823000e+01,1.565200e+02,1.555900e+02,1.634100e+02,1.610600e+02,1.797400e+02,1.885200e+02,1.228000e+02,1.028400e+02,1.154100e+02,1.132300e+02,2.299700e+02,2.364600e+02,2.651500e+02,2.765900e+02,2.877800e+02,2.983300e+02,2.917800e+02,2.901700e+02,2.676200e+02,2.319500e+02,2.185000e+02,2.252100e+02,2.096200e+02,2.119800e+02,2.475200e+02,2.599500e+02,2.719100e+02,2.531800e+02,2.455400e+02,2.365900e+02
