0,111.46,188.52,282.03,338.02,415.27,482.65,566.47,585.28,578.8,544.84,529.18,497.39,476.86,446.02,48.703,65.115,54.037,63.781,82.462,93.038,118.61,130.92,166.37,169.54,290.83,288.78,318.31,319.81,346.09,353.11,386.01,391.66,432.25,432.19,119.23,155.87,177.23,198.31,207.62,167.73,136.48,121.75,115.55,307.26,342.46,378.51,397.9,407.49,384.19,351.71,325.56,222.28,241.21,268.83,293.63,327.87,342.05,361.42,384.67,378.19,331.2,297.72,277.6,325.27,348.08,359.25,399.84,434,469.77,477.21,482.27,482.25,475.39,446.29,406.99,365.67,357.69,372.09,400.9,414.47,429.11,440.46,457.2
111.46,0,78.102,172.57,229.06,310.01,382.96,475.8,510.77,518.02,501.78,493.58,483.35,482,477.8,72.471,54.918,96.83,86.279,133.06,123.71,167.63,157.44,199.62,189.74,320.32,311.96,349.45,344.49,378.02,378.98,418.19,414.66,452.84,448.79,64,105.91,136.13,167.45,186.39,163.77,133.88,101.98,64.125,300.24,334.72,372.77,398.08,412.04,390.25,358.56,332.87,210.01,213.06,219.54,221.77,259.26,278.54,302.95,332.18,331.91,296.01,277.2,272.01,275.51,252.25,264.97,307.36,347.36,387.32,400.52,416.12,426.6,417.17,385.71,342.41,288.51,269.7,288.62,314.82,339.41,352.28,373.61,388.33
188.52,78.102,0,94.53,151.08,233.52,309.55,407.81,454.04,471.34,468.67,466.21,472.04,484.32,498.46,145.13,126.7,163.87,150.78,192.51,177.5,220,200.9,239.34,223.65,346.37,334.52,374.83,365.98,402.49,399.44,441.13,431.65,466.77,460.16,98.407,115.6,140.77,171.41,193.6,188.06,167.26,137.19,101.61,303.27,334.72,371.94,400.17,416.56,396.81,367.31,343.49,219.57,210.24,198.16,179.08,216.16,238.54,265.63,298.08,302.84,278.26,272.39,278.57,247.59,184.01,197.72,240.51,284.34,326.76,344.21,367.7,386.05,374.92,342.66,297.87,235.77,208.01,230.22,253.18,286.25,297.2,325.97,338.57
282.03,172.57,94.53,0,56.569,141.55,222.44,328.29,391.02,422.57,438.86,444.16,470.31,498.61,533.19,236.85,218.59,252.23,238.48,275.14,257.5,296.28,272,304.53,285.27,392.47,377.71,418.94,406.43,444.5,437.32,480.1,464.49,494.97,485.7,179.12,176.65,190.54,213.55,234.91,245.6,234.67,210.38,182.96,327.71,353.41,387.39,417.55,435.99,419.49,393.95,373.55,259.45,238.56,206.74,161.21,190.38,214.34,242.21,276.18,287.57,280.26,290.69,308.97,239.71,114.49,128.83,168.63,217.12,261.73,285.39,320.11,349.19,336.15,304.47,260.5,191.05,149.89,175.86,190.55,236.01,242.98,281.84,290.41
338.02,229.06,151.08,56.569,0,88.204,172.9,283.75,358.22,399.37,428.04,438.21,476.29,513.4,558.86,292.25,274.12,306.37,292.48,326.96,308.55,345.36,319.4,348.86,328.49,426.21,410.28,451.19,437.05,475.25,466.05,508.74,490.1,517.6,507.01,231.84,223.58,232.72,251.34,271.2,288.28,281.54,259.98,235.77,352.05,373.87,405.11,435.63,454.81,440.44,417.61,399.5,293.97,268.72,229.27,173.91,194.29,216.93,243.13,276.01,291,294.35,313.21,337.01,250.48,94.085,106.08,137.36,186.6,230.87,258.57,300.41,336.02,322.1,292.03,250.8,181.34,134.24,160.05,166.05,218.33,221.77,266.19,271.45
415.27,310.01,233.52,141.55,88.204,0,86.556,200.81,288.62,342.21,388.33,405.55,460.83,510.83,572.97,367.77,350.29,378.13,364.14,393,373.37,405.41,376.94,400,378.34,456.89,439.48,478.71,462.21,499.65,487.29,528.83,505.59,527.55,515.05,302.06,284.04,285.27,296,312.34,338.73,339.35,323.39,306.06,370.14,384.83,410.47,440.48,460.25,449.73,432,418.23,331.06,300.59,253.14,191.44,195.24,212.43,232.8,260.77,280.18,299.81,330.48,361.67,254.57,90.554,90.907,91.389,131.24,170.01,202.16,252.58,296.38,281.84,256.16,222.8,163.22,118.83,136.48,125.54,180.95,178.04,227.2,226.72
482.65,382.96,309.55,222.44,172.9,86.556,0,115.41,214.46,279.49,342.19,366.01,436.66,497.88,574.78,434.15,417.67,440.6,426.82,449.61,429.35,456,426.04,442.4,420.31,478.02,459.79,496.1,477.87,513.4,498.35,537.57,510.5,526.42,512.41,365.17,339.51,334.01,337.34,349.59,382.88,390.05,379.71,369.09,382.9,390,408.96,437.2,456.81,450.44,438.37,429.35,363.61,330.39,279.89,220.95,209.35,218.33,229.82,249.26,271.2,305.19,344.82,381.09,263.04,135.48,126.25,93.744,97.837,117.18,150.31,205.72,255.26,241.14,222.8,202.47,165.71,139.44,141.68,115.39,157.29,147.11,193.66,186.39
566.47,475.8,407.81,328.29,283.75,200.81,115.41,0,118.93,199.7,284.68,316.83,405.25,478.83,572.5,517.87,503.02,519.45,506.32,521.16,500.82,520.1,489.51,497.16,475.55,504.88,486.5,517.37,497.74,529.22,511.33,545.85,514.87,522.1,506.66,447.24,414.27,401.7,396.59,403.37,442.57,456.95,453.51,450.92,404.78,401.64,410.49,434.53,452.77,452.31,448.36,446.02,410.95,377.04,327.98,279.89,254.28,252.2,250.65,255.35,277.03,324.99,371.75,411.41,292.17,224.12,210.95,168.44,133.52,108.02,122.8,167.45,216.33,205.46,202.78,206.81,209.12,208.78,196.16,166.34,172.01,156.05,181.04,165.08
585.28,510.77,454.04,391.02,358.22,288.62,214.46,118.93,0,84.9,180.28,216.81,314.36,394.73,499.19,538.47,526.43,533.67,521.97,526.26,506.82,516.43,486.69,484.09,464.25,461.91,444.39,468.21,448.22,474.21,454.44,483.03,449.76,448.83,432.78,469.23,429.44,409.59,395.42,395.6,438.36,460.02,464.93,472.41,363.46,350.37,348.69,367.15,383.05,388.07,392.08,396.41,395.6,364,322.02,292.42,257.41,244.6,230.08,218.4,235.37,290.08,338.64,378.13,271.86,276.88,262.46,222.83,173.91,129.32,110.31,110.16,140.23,136.13,152.32,181.6,222.4,246.45,223.89,202.04,171.83,158.49,147.65,129.69
578.8,518.02,471.34,422.57,399.37,342.21,279.49,199.7,84.9,0,99.539,137.9,238.74,321.71,431.15,534.57,524.9,525.36,515.05,511.68,493.51,495.9,467.79,457.95,440.11,415.23,398.9,416.98,397.34,418.76,398.22,422.08,388.02,381.7,365.58,468.72,425.79,401.73,381.81,377.2,420.41,446.36,457.06,471.41,322.1,302.24,292.75,306.32,320,328.74,338.34,347.34,371.68,343.64,309.97,296.44,258.8,239.94,217.81,194.91,205.25,258.99,305,341.97,254.03,309.38,295.6,262.43,214.11,172.29,141.42,103.77,98.184,103.48,133.06,175.6,236.14,272.71,246.98,233.83,187.24,179.62,145.44,133.28
544.84,501.78,468.67,438.86,428.04,388.33,342.19,284.68,180.28,99.539,0,38.833,140.43,224.29,336.29,504.83,498.22,490.82,482.45,470.37,454.28,448.33,423.04,405.27,390.42,340.98,326.47,337.82,319.06,335.22,314.35,333.19,298.96,288.01,272.03,445.29,400.65,372.91,347.36,337.34,378.76,408.55,425.52,447.29,258.07,231.21,212.81,220.23,231.14,243.51,258.9,272.84,325.58,303.64,282.84,289.84,253.69,230.5,203.07,170.88,170,213.65,251.75,282.99,226.29,334.01,322.16,299.25,257.57,225.44,192.01,137.24,92.542,106.92,136.01,178.55,248.52,294.01,268.01,265.93,210.77,210.76,162.79,161.62
529.18,493.58,466.21,444.16,438.21,405.55,366.01,316.83,216.81,137.9,38.833,0,101.61,185.56,298.06,491.2,485.88,475.4,467.89,452.41,437.32,428.03,404.18,383.32,369.89,310.62,297.04,305.42,287.2,301.05,280.18,296.95,262.8,250.2,234.31,434.85,390.14,361.35,333.93,321.82,361.77,392.73,412.04,436.55,233.56,204.01,181.65,185.95,195.49,209.35,227.19,243.19,307.62,288.8,274.12,289.36,255.13,231.25,203.19,169.43,163.49,199.53,232.42,260.23,219.54,344.33,333.47,314.87,276.7,248.85,216.09,160.52,110.92,125.3,149.45,187.54,256.94,304.14,278.88,280.86,225.08,227.68,178.37,180.94
497.39,483.35,472.04,470.31,476.29,460.83,436.66,405.25,314.36,238.74,140.43,101.61,0,84.214,198.36,466.12,464.56,445.71,440.88,416.12,404.47,385.65,366.96,337.63,329.17,240.43,230.87,228.04,212.6,217.12,196.96,205.06,172.01,152.59,137.32,420.48,377.47,347.22,316.14,298.8,332.05,364.93,390.12,421.29,190.16,154.95,120.07,108.9,110.44,130.38,157.29,180,278.35,270.3,274.01,309.11,282.42,259.38,233.42,201.69,185.31,194.09,206.32,219.86,230.82,386.26,378.16,369.88,340.85,322.64,292.77,239.71,189.28,201.32,214.11,238.73,299.93,347.7,325.63,336.15,282.9,290.41,243.02,251.87
476.86,482,484.32,498.61,513.4,510.83,497.88,478.83,394.73,321.71,224.29,185.56,84.214,0,115.41,452.55,454.33,428.79,426.53,394.41,386.39,359.61,346.73,311,307.9,194.99,191.27,174.73,164.6,155.97,138.81,133.22,104.65,74.243,61.612,418,378.53,348.83,316.76,296.24,320.9,353.45,382.52,418.02,182.4,149.63,112.59,84.38,70.257,93.059,125.6,151.91,272.01,274.37,292.91,340.15,320.76,300.19,278.06,251.21,230.84,219.32,212.2,210.01,262.98,429.11,423.25,422.3,400.22,388.56,361.3,311.45,263.06,273.39,280,295.57,347.61,393.29,374.4,390.04,340.83,350.91,307.05,318.8
446.02,477.8,498.46,533.19,558.86,572.97,574.78,572.5,499.19,431.15,336.29,298.06,198.36,115.41,0,432.9,439.29,405.78,407.33,366.79,364.66,328.39,325.27,283.81,289.09,158.15,165.94,129.26,133.52,100.72,99.298,60.299,68.819,50.596,66.483,415.93,384.13,357.69,327.57,305.22,315.13,343.92,375.94,414.85,206.81,188.14,165.86,138.71,119.87,124.4,141.68,159.76,279.23,294.98,329.61,387.01,377.72,361.62,345.6,326.27,304.03,273.39,245.84,224.32,318.45,485.13,482.3,490.41,477.6,474.24,450.92,406.37,361.87,370,369.79,374.9,413.57,454.33,440.19,461.2,418.92,431.49,393.55,408.02
48.703,72.471,145.13,236.85,292.25,367.77,434.15,517.87,538.47,534.57,504.83,491.2,466.12,452.55,432.9,0,18.439,28.636,26.077,69.08,68.264,107.52,108.07,149.09,146.05,275.05,270.07,303.69,302.24,332.18,336.48,372.61,374.13,414,412.24,70.682,109.34,133.21,157.54,169.94,134.1,101.19,79.322,67.082,276.64,312.08,349.27,371.05,382.42,359.49,326.97,300.67,187.97,202.43,225.22,246.29,281.2,296.33,316.8,341.48,336.44,291.92,262.37,246.98,282.23,299.45,310.57,351.14,385.56,421.73,429.89,436.69,438.85,431.39,401.68,361.42,318,309.1,323.8,352.46,367.22,381.66,394.61,411.05
65.115,54.918,126.7,218.59,274.12,350.29,417.67,503.02,526.43,524.9,498.22,485.88,464.56,454.33,439.29,18.439,0,42.426,34,80.994,75.895,118.07,114.14,156.2,150.65,281.15,275.05,310.06,307.47,338.66,341.9,379.1,379.04,418.48,416.02,57.201,99.156,125.36,152.05,166.43,133.82,100.98,74.673,54.037,276.16,311.51,349.09,371.94,384.09,361.42,329.03,302.8,186.29,197.8,216.81,234.01,269.65,285.73,307.15,332.96,329,286.36,259.38,246.71,274.01,283.37,294.77,335.74,371.21,408.17,417.33,425.96,429.96,422.04,391.86,350.83,305.1,294.33,309.85,338.14,354.82,368.98,383.69,399.81
54.037,96.83,163.87,252.23,306.37,378.13,440.6,519.45,533.67,525.36,490.82,475.4,445.71,428.79,405.78,28.636,42.426,0,14,40.497,42.426,79.12,82.389,122.15,121.06,248.29,244.07,276.72,276,305.11,310.06,345.49,348.01,388.13,386.87,76.105,105.6,124.4,144.36,153.69,114.49,82.68,68.819,72.111,255.62,291,327.63,348.28,358.89,335.77,303.22,276.93,169.07,187.2,215.43,243.31,276.46,289.69,308.32,330.97,324.23,277.2,244.38,225.89,271.59,305.18,315.42,354.68,386.26,420.48,426.43,429.61,428.57,421.9,393.09,354.4,315.73,311.18,323.86,353.24,363.67,378.61,388.05,405.03
63.781,86.279,150.78,238.48,292.48,364.14,426.82,506.32,521.97,515.05,482.45,467.89,440.88,426.53,407.33,26.077,34,14,0,47.202,42.755,84.095,82.219,123.63,120.02,249.36,244.13,278.09,276.35,306.62,310.64,347.06,348.21,388.02,386.19,62.129,93.059,113.45,135.25,146.12,108.85,76.158,58,58.138,251.15,286.59,323.64,345.17,356.43,333.47,300.95,274.64,163.08,179.18,205.1,230.97,264.61,278.4,297.64,321.05,314.99,269.05,237.93,221.45,261.66,291.43,301.76,341.2,373.25,407.87,414.34,418.55,418.62,411.66,382.51,343.28,303.3,297.89,310.93,340.19,351.57,366.4,376.81,393.63
82.462,133.06,192.51,275.14,326.96,393,449.61,521.16,526.26,511.68,470.37,452.41,416.12,394.41,366.79,69.08,80.994,40.497,47.202,0,20.396,38.833,49.193,84.38,87.316,210.01,206.97,238.08,238.41,266.27,272.12,306.53,310.41,350.82,350.29,96.208,110.16,119.55,131.03,134.71,91.935,66.242,70.029,92.477,226.29,261.23,296.77,315.6,325.04,301.73,269.26,243.13,144.94,168.58,204.43,241.61,271.54,281.78,297.44,316.81,307.62,257.4,220,196.82,258.07,314.52,323.39,360.38,387.66,418.81,421.58,419.55,413.86,408.4,381.12,345.08,313.74,315.38,325.04,355.08,359.25,374.77,379.06,396.68
93.038,123.71,177.5,257.5,308.55,373.37,429.35,500.82,506.82,493.51,454.28,437.32,404.47,386.39,364.66,68.264,75.895,42.426,42.755,20.396,0,44.045,40.05,80.895,78.638,206.78,202,235.44,234.08,263.95,268.27,304.38,306.03,346.02,344.58,79.649,90.022,99.298,112.07,117.39,75.604,47.202,50.04,76.158,214.31,249.58,285.9,306.1,316.54,293.39,260.84,234.55,129.8,151.33,185.3,221.36,251.6,262.25,278.46,298.61,290.08,240.83,205.25,184.62,239.62,294.33,303.12,340,367.31,398.65,401.74,400.52,395.9,390.13,362.46,325.86,293.56,294.98,304.69,334.71,339.33,354.79,359.81,377.33
118.61,167.63,220,296.28,345.36,405.41,456,520.1,516.43,495.9,448.33,428.03,385.65,359.61,328.39,107.52,118.07,79.12,84.095,38.833,44.045,0,30.594,48.703,58.138,172.29,170.32,200.01,201.21,228.04,234.55,268.19,273.06,313.64,313.69,121.61,122.26,122.02,123.69,120.83,78.435,66.272,85.907,118.41,197.47,231.53,265.67,282.63,290.93,267.53,235.3,209.5,124.4,153.08,195.48,240.71,266.81,273.91,286.36,302.19,290.68,238.03,196.58,168.81,245.09,322.62,330.1,364.44,387.32,415.23,414.92,407.86,397.72,393.47,367.92,334.86,311.08,318.63,325.27,355.53,353.64,369.53,368.78,386.85
130.92,157.44,200.9,272,319.4,376.94,426.04,489.51,486.69,467.79,423.04,404.18,366.96,346.73,325.27,108.07,114.14,82.389,82.219,49.193,40.05,30.594,0,42.379,38.833,167.2,162.01,196.01,194.16,224.59,228.43,265.04,266.07,306.01,304.53,103.48,95.854,92.347,93.145,91.302,48.332,37.947,63.781,100.9,177.1,212.05,247.72,267.04,277.03,253.81,221.27,195.03,97.591,124.26,165.28,210.15,236.28,243.68,256.7,273.5,262.8,211.1,171.83,147.65,215.82,293.16,300.33,334.22,356.75,384.69,384.63,378.47,369.67,364.99,338.89,305.08,280.49,288.34,294.73,324.99,323.22,339.08,339.05,357.04
166.37,199.62,239.34,304.53,348.86,400,442.4,497.16,484.09,457.95,405.27,383.32,337.63,311,283.81,149.09,156.2,122.15,123.63,84.38,80.895,48.703,42.379,0,22.091,126.14,122.59,154.64,154.12,183.1,188,223.52,226.14,266.48,265.93,143.69,128.41,116.36,105.22,94.085,61.351,72.139,102.8,141.45,150.86,184.17,217.57,234,242.23,218.83,186.6,160.82,88.544,121.28,169.19,222.23,243,246.33,254.97,266.83,253.18,198.96,154.4,123.11,212.51,313.04,318.61,349.12,366.44,390.33,386.62,374.36,359.96,356.89,333.26,303.64,288.69,303.12,306,336.02,327.18,343.28,337.1,355.45
169.54,189.74,223.65,285.27,328.49,378.34,420.31,475.55,464.25,440.11,390.42,369.89,329.17,307.9,289.09,146.05,150.65,121.06,120.02,87.316,78.638,58.138,38.833,22.091,0,131.03,124.4,160.1,156.82,188.73,191.27,229.09,228.43,268.07,266.19,130.6,110.34,95.771,83.187,72.25,40.249,57.306,89.443,128.81,139.94,174.47,209.57,228.36,238.2,214.98,182.44,156.2,68.877,100.58,147.65,200.16,221.31,225.18,234.65,247.76,234.96,181.39,138.71,110.94,192.42,291.12,296.59,327.04,344.58,368.91,365.76,354.79,341.98,338.4,314.03,283.35,266.91,281.03,284.01,314.06,305.94,322.02,316.97,335.26
290.83,320.32,346.37,392.47,426.21,456.89,478.02,504.88,461.91,415.23,340.98,310.62,240.43,194.99,158.15,275.05,281.15,248.29,249.36,210.01,206.78,172.29,167.2,126.14,131.03,0,18.439,29.12,30.463,57.723,62.29,98.061,100.98,141.72,143.14,259.38,230.82,206.93,179.62,157.75,159.41,186.6,218.83,258.05,100.32,113.03,129,131.59,132.44,110.45,84.404,68.352,133.06,158.05,203.74,265.48,268.92,260.58,255.35,250.65,230.14,179.89,134.37,96.933,216.48,366.34,367.15,386.05,387.36,397.85,383.69,354.2,323.88,325.99,312.06,298.18,312.53,343.46,336.48,363.11,334.97,350.27,326.61,344.37
288.78,311.96,334.52,377.71,410.28,439.48,459.79,486.5,444.39,398.9,326.47,297.04,230.87,191.27,165.94,270.07,275.05,244.07,244.13,206.97,202,170.32,162.01,122.59,124.4,18.439,0,41.231,32.558,68,67.082,106.98,104.08,144.06,143.4,250,219.32,194.26,165.86,143.69,149.26,178.1,210.04,248.91,82.098,96.768,116.02,122.15,125.54,102.63,73.593,53.852,118.41,141.68,186.39,248.04,250.8,242.23,236.91,232.42,212.04,161.51,115.95,78.791,198.08,348.97,349.54,367.96,368.96,379.44,365.4,336.38,306.79,308.6,294.17,279.84,294.24,325.58,318.31,344.82,316.54,331.84,308.42,326.22
318.31,349.45,374.83,418.94,451.19,478.71,496.1,517.37,468.21,416.98,337.82,305.42,228.04,174.73,129.26,303.69,310.06,276.72,278.09,238.08,235.44,200.01,196.01,154.64,160.1,29.12,41.231,0,20,28.636,36.77,69.051,75.286,115.95,119.23,288.44,259.38,234.96,206.94,184.84,188.31,215.71,247.94,287.14,113.84,118.02,125.28,121.08,117.8,98.184,79.12,72.111,159.62,182.48,226.01,287.39,288.03,277.85,270.12,262.07,240.71,193.68,151.29,117.05,233.24,388.33,388.39,405.18,403.6,411.36,395.22,362.35,328.74,332.1,320.76,310.66,330.39,363.67,355.13,380.79,349.45,364.34,337.43,354.74
319.81,344.49,365.98,406.43,437.05,462.21,477.87,497.74,448.22,397.34,319.06,287.2,212.6,164.6,133.52,302.24,307.47,276,276.35,238.41,234.08,201.21,194.16,154.12,156.82,30.463,32.558,20,0,38.21,34.525,75.153,72.028,112.45,113.03,282.42,251.08,225.4,196.22,173.91,181.6,210.65,242.55,281.37,95.079,98.02,106.28,104.4,103.32,82.219,60.166,52.154,148.19,168.58,210.24,271.2,270.41,259.54,251.09,242.4,220.95,174.56,133.3,100.9,214.85,372.02,371.66,387.41,384.83,391.94,375.49,342.37,308.78,312.1,300.81,291.12,312.22,346.43,337.22,362.49,330.26,345.05,317.65,334.9
346.09,378.02,402.49,444.5,475.25,499.65,513.4,529.22,474.21,418.76,335.22,301.05,217.12,155.97,100.72,332.18,338.66,305.11,306.62,266.27,263.95,228.04,224.59,183.1,188.73,57.723,68,28.636,38.21,0,20.881,40.447,52.154,91.389,97.098,316.87,287.2,262.25,233.62,211.38,216.54,244.25,276.44,315.6,130.74,127.58,126.25,115.13,107.33,91.761,82.219,84.309,185.83,206.78,248.17,308.91,306.99,295.19,285.24,274.18,252.25,208.78,169.81,138.85,250.48,409.61,408.96,423.7,419.39,424.51,406.55,370.62,334.05,338.59,329.81,323.36,348.01,383.34,373.36,398.02,363.79,378.22,348.39,365.17
353.11,378.98,399.44,437.32,466.05,487.29,498.35,511.33,454.44,398.22,314.35,280.18,196.96,138.81,99.298,336.48,341.9,310.06,310.64,272.12,268.27,234.55,228.43,188,191.27,62.29,67.082,36.77,34.525,20.881,0,42.802,38.833,79.624,82.462,316.8,284.89,258.71,228.98,206.62,215.94,245.15,277.03,315.78,117.2,110.05,106.02,94.255,86.833,70.88,63.151,69.34,180.71,198.81,237.59,297.47,293.46,280.59,269.32,256.78,234.68,193.2,156.82,129.07,235.98,397.68,396.43,409.59,403.55,407.3,388.56,351.57,314.23,319.06,311.08,306.11,333.42,370.14,359.14,383.08,347.25,361.42,330.34,346.88
386.01,418.19,441.13,480.1,508.74,528.83,537.57,545.85,483.03,422.08,333.19,296.95,205.06,133.22,60.299,372.61,379.1,345.49,347.06,306.53,304.38,268.19,265.04,223.52,229.09,98.061,106.98,69.051,75.153,40.447,42.802,0,34.234,60.828,71.61,356.74,326.17,300.54,271.19,248.85,256.16,284.34,316.48,355.55,158.8,147.65,135.82,116.16,102.31,95.037,99.298,110.63,223.02,241.6,280.07,339.6,334.4,320.62,307.9,293.08,270.77,232.57,198.49,171.83,276.26,439.51,437.92,449.86,441.9,443.44,423.12,383.32,343.1,349.19,343.98,342.46,373.36,411.2,399.38,422.57,384.71,398.42,364.93,380.84
391.66,414.66,431.65,464.49,490.1,505.59,510.5,514.87,449.76,388.02,298.96,262.8,172.01,104.65,68.819,374.13,379.04,348.01,348.21,310.41,306.03,273.06,266.07,226.14,228.43,100.98,104.08,75.286,72.028,52.154,38.833,34.234,0,40.792,44.944,351.87,318.2,291,260.35,238.08,251.03,281.15,312.7,351.05,138.06,121.21,104.4,82.608,68.118,62.642,73.593,90.973,212.08,226.5,260.84,318.58,310.44,295.22,280.71,263.86,241.5,206.81,177.23,155.79,251.47,417.21,414.77,424.4,414.04,413.65,392.33,351.2,310.06,316.54,312.47,313.08,347.61,387.22,374.01,396.07,356.12,369.4,334.28,349.79
432.25,452.84,466.77,494.97,517.6,527.55,526.42,522.1,448.83,381.7,288.01,250.2,152.59,74.243,50.596,414,418.48,388.13,388.02,350.82,346.02,313.64,306.01,266.48,268.07,141.72,144.06,115.95,112.45,91.389,79.624,60.828,40.792,0,16.125,389.63,354.59,326.64,295.41,273.36,289.07,319.81,351.03,388.97,167.3,144.01,117.8,89.308,69.971,77.897,101.07,123.37,247.52,258.94,289.17,344.4,332.58,315.4,298.07,277.4,255.28,227.8,204.79,188.68,273.12,440.82,437.27,443.46,428.96,424.46,400.72,355.82,311.29,319.41,319.46,325.66,366.74,408.73,393.52,413.57,370,382.26,343.53,357.8
432.19,448.79,460.16,485.7,507.01,515.05,512.41,506.66,432.78,365.58,272.03,234.31,137.32,61.612,66.483,412.24,416.02,386.87,386.19,350.29,344.58,313.69,304.53,265.93,266.19,143.14,143.4,119.23,113.03,97.098,82.462,71.61,44.944,16.125,0,385.26,349.09,320.66,289.11,267.29,285.19,316.51,347.3,384.76,158.62,133.15,104.65,75.286,55.606,66.573,92.973,116.93,241.66,251.18,279.34,333.43,320.41,302.69,284.68,263.21,241.21,215.63,195.06,181.6,260.97,428.92,425.03,430.26,414.82,409.58,385.5,340.19,295.41,303.64,304.14,311.19,353.66,396.23,380.49,400.02,355.72,367.77,328.49,342.57
119.23,64,98.407,179.12,231.84,302.06,365.17,447.24,469.23,468.72,445.29,434.85,420.48,418,415.93,70.682,57.201,76.105,62.129,96.208,79.649,121.61,103.48,143.69,130.6,259.38,250,288.44,282.42,316.87,316.8,356.74,351.87,389.63,385.26,0,44.721,74,104.35,122.59,100.9,73.348,41.183,4,236.3,270.89,308.93,334.1,348.05,326.3,294.68,269.07,146.01,150.37,162.6,176.82,212.6,229.12,251.21,278.06,275.43,235.85,214.16,208.01,219.67,229.96,240.67,280.81,314.88,351.27,360.14,369.18,374.51,366.19,335.67,294.16,247.95,238.46,253.18,281.78,297.62,311.8,326.83,342.81
155.87,105.91,115.6,176.65,223.58,284.04,339.51,414.27,429.44,425.79,400.65,390.14,377.47,378.53,384.13,109.34,99.156,105.6,93.059,110.16,90.022,122.26,95.854,128.41,110.34,230.82,219.32,259.38,251.08,287.2,284.89,326.17,318.2,354.59,349.09,44.721,0,30.265,62.032,82.389,72.801,58.138,40.2,46.648,196.16,230.01,268.03,294.24,309.1,288.01,257.13,232.21,107.52,107.2,118.15,137.93,172.05,187.02,208.01,234.01,230.87,191.27,171.42,168.96,175.32,204.35,213.35,251.03,280.91,314.88,321.4,327.37,330.85,322.89,292.77,252.13,210.24,206.65,218.4,247.95,258.64,273.39,285.27,301.73
177.23,136.13,140.77,190.54,232.72,285.27,334.01,401.7,409.59,401.73,372.91,361.35,347.22,348.83,357.69,133.21,125.36,124.4,113.45,119.55,99.298,122.02,92.347,116.36,95.771,206.93,194.26,234.96,225.4,262.25,258.71,300.54,291,326.64,320.66,74,30.265,0,32.062,53.367,55.57,56.143,55.606,75.392,166.43,200.01,238,264.48,279.61,258.8,228.28,203.74,79.12,76.942,92.022,122.07,152.96,165.32,184.2,208.28,203.67,162.05,141.15,139.74,149.04,200.81,208.09,242.83,268.25,299.39,303.22,305.22,305.68,298.4,269.07,230,194.29,197.23,205.68,235.81,240.61,255.91,263.65,280.69
198.31,167.45,171.41,213.55,251.34,296,337.34,396.59,395.42,381.81,347.36,333.93,316.14,316.76,327.57,157.54,152.05,144.36,135.25,131.03,112.07,123.69,93.145,105.22,83.187,179.62,165.86,206.94,196.22,233.62,228.98,271.19,260.35,295.41,289.11,104.35,62.032,32.062,0,22.361,46.174,64.9,78.23,105.26,134.37,168,206.01,232.42,247.59,226.87,196.54,172.26,48.332,46.174,73.43,118.15,143.14,151.29,166.43,187.02,179.88,134.46,109.84,107.87,127.78,208.1,213.41,244.29,264.2,291.55,291.92,288.53,284.54,278.35,250.42,214.08,187.49,198.25,202.63,232.86,230.22,246.03,248.07,265.77
207.62,186.39,193.6,234.91,271.2,312.34,349.59,403.37,395.6,377.2,337.34,321.82,298.8,296.24,305.22,169.94,166.43,153.69,146.12,134.71,117.39,120.83,91.302,94.085,72.25,157.75,143.69,184.84,173.91,211.38,206.62,248.85,238.08,273.36,267.29,122.59,82.389,53.367,22.361,0,43.267,71.218,91.761,123.04,114,148.34,186.39,212.04,226.72,205.65,174.95,150.37,26,33.941,75.71,128.76,149.09,153.84,165.53,182.53,172.9,123.69,92.973,86.579,124.53,223.26,227.52,256.01,272.36,296.95,294.82,287.18,279.26,274.12,247.64,214.04,194.66,210.15,212.04,242,234.31,250.34,247.95,266.03
167.73,163.77,188.06,245.6,288.28,338.73,382.88,442.57,438.36,420.41,378.76,361.77,332.05,320.9,315.13,134.1,133.82,114.49,108.85,91.935,75.604,78.435,48.332,61.351,40.249,159.41,149.26,188.31,181.6,216.54,215.94,256.16,251.03,289.07,285.19,100.9,72.801,55.57,46.174,43.267,0,32.985,62.129,100.02,142.62,178.04,215.42,238.16,250.65,228.22,196.04,170,54.589,76.837,117.05,164.3,188.73,195.48,208.4,225.79,215.87,165.52,130,113.03,167.73,252.23,258.25,290.11,310.34,337.15,336.49,330.25,322.42,317.37,290.87,256.76,233.45,244.07,248.81,279.03,275.28,291.2,290.72,308.71
136.48,133.88,167.26,234.67,281.54,339.35,390.05,456.95,460.02,446.36,408.55,392.73,364.93,353.45,343.92,101.19,100.98,82.68,76.158,66.242,47.202,66.272,37.947,72.139,57.306,186.6,178.1,215.71,210.65,244.25,245.15,284.34,281.15,319.81,316.51,73.348,58.138,56.143,64.9,71.218,32.985,0,32.311,71.694,175.6,211.03,248.39,270.97,283.2,260.62,228.32,202.16,86.925,105,138.23,177.05,205.77,215.56,231.33,251.47,243.26,194.91,161.9,146.01,192.43,256.38,264.01,298.96,323.66,353.55,355.58,353.42,348.83,342.96,315.26,278.86,248.65,253.34,261.23,291.43,293.4,309.01,312.83,330.44
121.75,101.98,137.19,210.38,259.98,323.39,379.71,453.51,464.93,457.06,425.52,412.04,390.12,382.52,375.94,79.322,74.673,68.819,58,70.029,50.04,85.907,63.781,102.8,89.443,218.83,210.04,247.94,242.55,276.44,277.03,316.48,312.7,351.03,347.3,41.183,40.2,55.606,78.23,91.761,62.129,32.311,0,39.395,202.54,237.74,275.54,299.31,312.31,290.06,258,232.03,112.18,123.43,147.11,175.45,207.88,220.87,239.71,263.1,257.38,212.66,184.72,173.4,203.73,244.52,253.55,291.05,320.02,352.95,358.02,360.83,360.65,353.66,324.55,285.6,247.95,246.45,257.41,287.18,295.3,310.39,319.23,336.21
115.55,64.125,101.61,182.96,235.77,306.06,369.09,450.92,472.41,471.41,447.29,436.55,421.29,418.02,414.85,67.082,54.037,72.111,58.138,92.477,76.158,118.41,100.9,141.45,128.81,258.05,248.91,287.14,281.37,315.6,315.78,355.55,351.05,388.97,384.76,4,46.648,75.392,105.26,123.04,100.02,71.694,39.395,0,236.54,271.25,309.27,334.22,348.01,326.15,294.44,268.75,146.12,151.38,164.75,180,215.63,231.93,253.81,280.41,277.51,237.4,214.98,208.09,221.88,233.85,244.52,284.6,318.5,354.74,363.41,372.07,377,368.78,338.35,297,251.28,242.16,256.73,285.39,300.85,315.09,329.76,345.81
307.26,300.24,303.27,327.71,352.05,370.14,382.9,404.78,363.46,322.1,258.07,233.56,190.16,182.4,206.81,276.64,276.16,255.62,251.15,226.29,214.31,197.47,177.1,150.86,139.94,100.32,82.098,113.84,95.079,130.74,117.2,158.8,138.06,167.3,158.62,236.3,196.16,166.43,134.37,114,142.62,175.6,202.54,236.54,0,35.44,72.993,98.082,113.44,93.68,66.242,48.166,90.554,93.145,122.8,181.02,176.41,164.58,156.32,150.33,130,80.05,39.699,29.732,119.87,280.71,279.26,292.97,289.8,298.1,283.39,254.79,227.52,228.28,212.46,197.99,217.35,252.98,242.63,267.51,235.76,250.8,226.32,244.13
342.46,334.72,334.72,353.41,373.87,384.83,390,401.64,350.37,302.24,231.21,204.01,154.95,149.63,188.14,312.08,311.51,291,286.59,261.23,249.58,231.53,212.05,184.17,174.47,113.03,96.768,118.02,98.02,127.58,110.05,147.65,121.21,144.01,133.15,270.89,230.01,200.01,168,148.34,178.04,211.03,237.74,271.25,35.44,0,38.053,65.513,82.873,66.573,48.374,46.043,125.6,124.79,146.7,200.42,189.59,174.01,160.26,146.75,124.72,85.604,63.246,65.146,130.38,297.2,294.17,303.21,294.28,297.25,278.98,244.4,211.37,214.23,202.99,196.06,226.45,266.25,252.8,275.19,237.4,251.44,220.84,237.74
378.51,372.77,371.94,387.39,405.11,410.47,408.96,410.49,348.69,292.75,212.81,181.65,120.07,112.59,165.86,349.27,349.09,327.63,323.64,296.77,285.9,265.67,247.72,217.57,209.57,129,116.02,125.28,106.28,126.25,106.02,135.82,104.4,117.8,104.65,308.93,268.03,238,206.01,186.39,215.42,248.39,275.54,309.27,72.993,38.053,0,30.529,50,42.048,46.174,62.482,163.49,162.44,180.95,231.21,216.15,198.07,180.28,160.52,138.23,111.61,99.639,102.39,156.82,324.86,320.62,325.71,311.74,309.55,287.92,247.52,208.47,213.84,208.24,209.42,249.05,291.67,275.86,295.8,253.14,265.94,229.9,245.41
397.9,398.08,400.17,417.55,435.63,440.48,437.2,434.53,367.15,306.32,220.23,185.95,108.9,84.38,138.71,371.05,371.94,348.28,345.17,315.6,306.1,282.63,267.04,234,228.36,131.59,122.15,121.08,104.4,115.13,94.255,116.16,82.608,89.308,75.286,334.1,294.24,264.48,232.42,212.04,238.16,270.97,299.31,334.22,98.082,65.513,30.529,0,19.799,23.409,48.826,73.348,188.1,190.07,210.95,261.73,246.45,228.04,209.48,188.1,166.01,142.06,128.58,126.14,187.2,355.22,350.82,355.11,339.68,335.53,312.53,269.53,227.54,234.31,231.76,236.38,278.6,321.73,305.47,324.75,280.69,292.98,254.95,269.7
407.49,412.04,416.56,435.99,454.81,460.25,456.81,452.77,383.05,320,231.14,195.49,110.44,70.257,119.87,382.42,384.09,358.89,356.43,325.04,316.54,290.93,277.03,242.23,238.2,132.44,125.54,117.8,103.32,107.33,86.833,102.31,68.118,69.971,55.606,348.05,309.1,279.61,247.59,226.72,250.65,283.2,312.31,348.01,113.44,82.873,50,19.799,0,23.409,55.785,82,202.16,206.32,229.27,280.92,266.12,247.81,229.26,207.62,185.6,161.6,146.11,140.23,206.81,374.85,370.54,374.9,359.23,354.52,331.06,287.14,244.05,251.37,250.01,255.73,298.4,341.48,325.27,344.49,300.17,312.32,273.7,288.17
384.19,390.25,396.81,419.49,440.44,449.73,450.44,452.31,388.07,328.74,243.51,209.35,130.38,93.059,124.4,359.49,361.42,335.77,333.47,301.73,293.39,267.53,253.81,218.83,214.98,110.45,102.63,98.184,82.219,91.761,70.88,95.037,62.642,77.897,66.573,326.3,288.01,258.8,226.87,205.65,228.22,260.62,290.06,326.15,93.68,66.573,42.048,23.409,23.409,0,32.558,58.856,180.71,186.82,212.94,266.91,254.7,237.74,221.21,202.43,180.1,149.93,128.81,119.08,195.24,362.93,359.39,366.19,353.42,351.6,329.83,288.62,248.07,254.2,249.84,251.41,289.39,330.93,316.08,336.81,294.98,307.9,271.86,287.24
351.71,358.56,367.31,393.95,417.61,432,438.37,448.36,392.08,338.34,258.9,227.19,157.29,125.6,141.68,326.97,329.03,303.22,300.95,269.26,260.84,235.3,221.27,186.6,182.44,84.404,73.593,79.12,60.166,82.219,63.151,99.298,73.593,101.07,92.973,294.68,257.13,228.28,196.54,174.95,196.04,228.32,258,294.44,66.242,48.374,46.174,48.826,55.785,32.558,0,26.306,149.63,158.24,188.61,245.35,236.89,222.04,208.63,194.29,172.07,133.7,104.4,88.769,178.04,343.66,341.18,351.3,342.61,344.82,325.56,288.51,252,256.38,247.94,243.68,274.61,313.69,300.85,323.51,285.52,299.39,267.33,283.78
325.56,332.87,343.49,373.55,399.5,418.23,429.35,446.02,396.41,347.34,272.84,243.19,180,151.91,159.76,300.67,302.8,276.93,274.64,243.13,234.55,209.5,195.03,160.82,156.2,68.352,53.852,72.111,52.154,84.309,69.34,110.63,90.973,123.37,116.93,269.07,232.21,203.74,172.26,150.37,170,202.16,232.03,268.75,48.166,46.043,62.482,73.348,82,58.856,26.306,0,124.74,135.96,170.29,229.12,224.14,211.36,200.93,190.68,169.06,124.48,87.864,65.391,166.71,328.88,327.34,340.27,335.09,340.66,323.61,290.25,257.32,260.28,248.65,239.63,264.2,300.85,289.83,314.01,279.57,294.11,265.67,282.84
222.28,210.01,219.57,259.45,293.97,331.06,363.61,410.95,395.6,371.68,325.58,307.62,278.35,272.01,279.23,187.97,186.29,169.07,163.08,144.94,129.8,124.4,97.591,88.544,68.877,133.06,118.41,159.62,148.19,185.83,180.71,223.02,212.08,247.52,241.66,146.01,107.52,79.12,48.332,26,54.589,86.925,112.18,146.12,90.554,125.6,163.49,188.1,202.16,180.71,149.63,124.74,0,34,84.38,143.14,158.11,159.02,166.48,178.89,166.43,113.7,75.472,62,123.97,241.08,244.18,269.87,282.18,303.49,298.51,286,273.5,269.65,245.15,215.13,204.16,224.59,223.76,253.14,239.88,256.01,248.56,266.91
241.21,213.06,210.24,238.56,268.72,300.59,330.39,377.04,364,343.64,303.64,288.8,270.3,274.37,294.98,202.43,197.8,187.2,179.18,168.58,151.33,153.08,124.26,121.28,100.58,158.05,141.68,182.48,168.58,206.78,198.81,241.6,226.5,258.94,251.18,150.37,107.2,76.942,46.174,33.941,76.837,105,123.43,151.38,93.145,124.79,162.44,190.07,206.32,186.82,158.24,135.96,34,0,50.636,110.72,124.15,125.3,134.13,149.25,139.05,90,64.281,70.711,92.195,210.19,212.46,236.72,248.2,269.67,265.35,254.95,245.6,240.74,214.85,182.83,170.19,191.76,190.07,219.32,206.19,222.32,216.54,234.79
268.83,219.54,198.16,206.74,229.27,253.14,279.89,327.98,322.02,309.97,282.84,274.12,274.01,292.91,329.61,225.22,216.81,215.43,205.1,204.43,185.3,195.48,165.28,169.19,147.65,203.74,186.39,226.01,210.24,248.17,237.59,280.07,260.84,289.17,279.34,162.6,118.15,92.022,73.43,75.71,117.05,138.23,147.11,164.75,122.8,146.7,180.95,210.95,229.27,212.94,188.61,170.29,84.38,50.636,0,61.774,74.027,78.435,93.231,116.28,112.87,80.1,84.38,109.34,57.201,162.6,163.68,186.29,198.01,221.29,219.46,215.23,213.66,206.55,177.73,140.66,120,141.68,139.44,168.76,158.62,174.64,174.64,192.35
293.63,221.77,179.08,161.21,173.91,191.44,220.95,279.89,292.42,296.44,289.84,289.36,309.11,340.15,387.01,246.29,234.01,243.31,230.97,241.61,221.36,240.71,210.15,222.23,200.16,265.48,248.04,287.39,271.2,308.91,297.47,339.6,318.58,344.4,333.43,176.82,137.93,122.07,118.15,128.76,164.3,177.05,175.45,180,181.02,200.42,231.21,261.73,280.92,266.91,245.35,229.12,143.14,110.72,61.774,0,37.736,59.464,86.833,120.03,128.02,120.83,141.45,170.42,78.588,100.96,101.98,127.28,146.7,177.54,183.62,194.37,207.51,196.98,164.98,120.93,72.498,81.584,84.593,114.86,120.93,135.48,151.86,166.9
327.87,259.26,216.16,190.38,194.29,195.24,209.35,254.28,257.41,258.8,253.69,255.13,282.42,320.76,377.72,281.2,269.65,276.46,264.61,271.54,251.6,266.81,236.28,243,221.31,268.92,250.8,288.03,270.41,306.99,293.46,334.4,310.44,332.58,320.41,212.6,172.05,152.96,143.14,149.09,188.73,205.77,207.88,215.63,176.41,189.59,216.15,246.45,266.12,254.7,236.89,224.14,158.11,124.15,74.027,37.736,0,24,52.038,86.023,97.673,104.8,137.2,172.01,59.464,108.81,104.69,117.2,124.06,148.43,150.27,157.14,170,159.3,127.26,83.235,46.043,76.837,67.676,95.708,87.727,103.25,114.63,130.23
342.05,278.54,238.54,214.34,216.93,212.43,218.33,252.2,244.6,239.94,230.5,231.25,259.38,300.19,361.62,296.33,285.73,289.69,278.4,281.78,262.25,273.91,243.68,246.33,225.18,260.58,242.23,277.85,259.54,295.19,280.59,320.62,295.22,315.4,302.69,229.12,187.02,165.32,151.29,153.84,195.48,215.56,220.87,231.93,164.58,174.01,198.07,228.04,247.81,237.74,222.04,211.36,159.02,125.3,78.435,59.464,24,0,28.071,62.032,74.216,88.408,126.65,164.01,44.721,129,123.22,129.27,127.12,144.5,141.04,140.36,148.61,138.68,107.2,65.115,52.839,93.723,78.816,102.96,80.895,97.015,98.407,115.38
361.42,302.95,265.63,242.21,243.13,232.8,229.82,250.65,230.08,217.81,203.07,203.19,233.42,278.06,345.6,316.8,307.15,308.32,297.64,297.44,278.46,286.36,256.7,254.97,234.65,255.35,236.91,270.12,251.09,285.24,269.32,307.9,280.71,298.07,284.68,251.21,208.01,184.2,166.43,165.53,208.4,231.33,239.71,253.81,156.32,160.26,180.28,209.48,229.26,221.21,208.63,200.93,166.48,134.13,93.231,86.833,52.038,28.071,0,34,48.332,76.551,121.34,160.8,42.755,153.11,145.89,145.67,134.24,142.9,132.97,122.11,123.71,114.98,84.9,48.703,69.656,115.6,96.54,115.6,79.624,95.037,82.462,100.66
384.67,332.18,298.08,276.18,276.01,260.77,249.26,255.35,218.4,194.91,170.88,169.43,201.69,251.21,326.27,341.48,332.96,330.97,321.05,316.81,298.61,302.19,273.5,266.83,247.76,250.65,232.42,262.07,242.4,274.18,256.78,293.08,263.86,277.4,263.21,278.06,234.01,208.28,187.02,182.53,225.79,251.47,263.1,280.41,150.33,146.75,160.52,188.1,207.62,202.43,194.29,190.68,178.89,149.25,116.28,120.03,86.023,62.032,34,0,22.361,72.443,121.06,161.01,59.397,184.72,176.48,171.21,151.6,150.55,133.22,108.24,97.591,91.608,66.483,49.396,98.387,146.01,124.53,138.85,92.65,105.55,76.026,94.021
378.19,331.91,302.84,287.57,291,280.18,271.2,277.03,235.37,205.25,170,163.49,185.31,230.84,304.03,336.44,329,324.23,314.99,307.62,290.08,290.68,262.8,253.18,234.96,230.14,212.04,240.71,220.95,252.25,234.68,270.77,241.5,255.28,241.21,275.43,230.87,203.67,179.88,172.9,215.87,243.26,257.38,277.51,130,124.72,138.23,166.01,185.6,180.1,172.07,169.06,166.43,139.05,112.87,128.02,97.673,74.216,48.332,22.361,0,55.027,103.32,142.77,56.462,201.44,194.12,191.55,173.68,172.75,154.56,125.6,107.07,103.79,83.187,71.694,117.05,163.77,143.69,159.81,114.91,127.91,96.747,114.28
331.2,296.01,278.26,280.26,294.35,299.81,305.19,324.99,290.08,258.99,213.65,199.53,194.09,219.32,273.39,291.92,286.36,277.2,269.05,257.4,240.83,238.03,211.1,198.96,181.39,179.89,161.51,193.68,174.56,208.78,193.2,232.57,206.81,227.8,215.63,235.85,191.27,162.05,134.46,123.69,165.52,194.91,212.66,237.4,80.05,85.604,111.61,142.06,161.6,149.93,133.7,124.48,113.7,90,80.1,120.83,104.8,88.408,76.551,72.443,55.027,0,48.662,88.566,45.343,213.34,209.48,217.62,210.62,218.08,204.24,180.06,161.06,158.62,137.77,118.42,140.91,181.04,167.2,190.03,155.77,170.75,148.12,166.3
297.72,277.2,272.39,290.69,313.21,330.48,344.82,371.75,338.64,305,251.75,232.42,206.32,212.2,245.84,262.37,259.38,244.38,237.93,220,205.25,196.58,171.83,154.4,138.71,134.37,115.95,151.29,133.3,169.81,156.82,198.49,177.23,204.79,195.06,214.16,171.42,141.15,109.84,92.973,130,161.9,184.72,214.98,39.699,63.246,99.639,128.58,146.11,128.81,104.4,87.864,75.472,64.281,84.38,141.45,137.2,126.65,121.34,121.06,103.32,48.662,0,40.05,82.219,241.01,239.62,254.12,253.06,264.2,252.01,228.67,207.74,206.24,186.34,166.01,179.11,213.56,203.93,229.54,200.9,216.38,196.5,214.76
277.6,272.01,278.57,308.97,337.01,361.67,381.09,411.41,378.13,341.97,282.99,260.23,219.86,210.01,224.32,246.98,246.71,225.89,221.45,196.82,184.62,168.81,147.65,123.11,110.94,96.933,78.791,117.05,100.9,138.85,129.07,171.83,155.79,188.68,181.6,208.01,168.96,139.74,107.87,86.579,113.03,146.01,173.4,208.09,29.732,65.146,102.39,126.14,140.23,119.08,88.769,65.391,62,70.711,109.34,170.42,172.01,164.01,160.8,161.01,142.77,88.566,40.05,0,120.42,271.33,271.36,289.17,291.05,303.69,292,268.33,245.55,244.83,225.94,206,215.68,246.94,239.55,266.27,240.14,255.77,236.54,254.79
325.27,275.51,247.59,239.71,250.48,254.57,263.04,292.17,271.86,254.03,226.29,219.54,230.82,262.98,318.45,282.23,274.01,271.59,261.66,258.07,239.62,245.09,215.82,212.51,192.42,216.48,198.08,233.24,214.85,250.48,235.98,276.26,251.47,273.12,260.97,219.67,175.32,149.04,127.78,124.53,167.73,192.43,203.73,221.88,119.87,130.38,156.82,187.2,206.81,195.24,178.04,166.71,123.97,92.195,57.201,78.588,59.464,44.721,42.755,59.397,56.462,45.343,82.219,120.42,0,168.05,164.15,173.64,170.88,184.17,175.65,162.79,156.98,150.57,123.17,91.214,97.529,135.88,123.17,147.65,120.27,136.13,124.6,142.94
348.08,252.25,184.01,114.49,94.085,90.554,135.48,224.12,276.88,309.38,334.01,344.33,386.26,429.11,485.13,299.45,283.37,305.18,291.43,314.52,294.33,322.62,293.16,313.04,291.12,366.34,348.97,388.33,372.02,409.61,397.68,439.51,417.21,440.82,428.92,229.96,204.35,200.81,208.1,223.26,252.23,256.38,244.52,233.85,280.71,297.2,324.86,355.22,374.85,362.93,343.66,328.88,241.08,210.19,162.6,100.96,108.81,129,153.11,184.72,201.44,213.34,241.01,271.33,168.05,0,14.422,56.639,103.23,147.57,170.99,208.28,242.13,228.32,198,156.82,87.864,40.2,66,76.158,125.03,130,172.57,178.89
359.25,264.97,197.72,128.83,106.08,90.907,126.25,210.95,262.46,295.6,322.16,333.47,378.16,423.25,482.3,310.57,294.77,315.42,301.76,323.39,303.12,330.1,300.33,318.61,296.59,367.15,349.54,388.39,371.66,408.96,396.43,437.92,414.77,437.27,425.03,240.67,213.35,208.09,213.41,227.52,258.25,264.01,253.55,244.52,279.26,294.17,320.62,350.82,370.54,359.39,341.18,327.34,244.18,212.46,163.68,101.98,104.69,123.22,145.89,176.48,194.12,209.48,239.62,271.36,164.15,14.422,0,42.802,88.814,133.15,156.78,194.99,230,216.04,186.17,145.99,78.435,30.463,54.589,62.032,112.29,116.5,160.11,165.75
399.84,307.36,240.51,168.63,137.36,91.389,93.744,168.44,222.83,262.43,299.25,314.87,369.88,422.3,490.41,351.14,335.74,354.68,341.2,360.38,340,364.44,334.22,349.12,327.04,386.05,367.96,405.18,387.41,423.7,409.59,449.86,424.4,443.46,430.26,280.81,251.03,242.83,244.29,256.01,290.11,298.96,291.05,284.6,292.97,303.21,325.71,355.11,374.9,366.19,351.3,340.27,269.87,236.72,186.29,127.28,117.2,129.27,145.67,171.21,191.55,217.62,254.12,289.17,173.64,56.639,42.802,0,49.396,94.021,121.28,166,206.81,192.35,165.42,131.48,76.837,46.043,50.478,34.176,89.844,88.566,136.89,138.36
434,347.36,284.34,217.12,186.6,131.24,97.837,133.52,173.91,214.11,257.57,276.7,340.85,400.22,477.6,385.56,371.21,386.26,373.25,387.66,367.31,387.32,356.75,366.44,344.58,387.36,368.96,403.6,384.83,419.39,403.55,441.9,414.04,428.96,414.82,314.88,280.91,268.25,264.2,272.36,310.34,323.66,320.02,318.5,289.8,294.28,311.74,339.68,359.23,353.42,342.61,335.09,282.18,248.2,198.01,146.7,124.06,127.12,134.24,151.6,173.68,210.62,253.06,291.05,170.88,103.23,88.814,49.396,0,44.721,72.691,121.34,166.34,151.79,128.83,104.69,78.026,77.666,62.642,33.106,59.464,50.478,99.298,96.167
469.77,387.32,326.76,261.73,230.87,170.01,117.18,108.02,129.32,172.29,225.44,248.85,322.64,388.56,474.24,421.73,408.17,420.48,407.87,418.81,398.65,415.23,384.69,390.33,368.91,397.85,379.44,411.36,391.94,424.51,407.3,443.44,413.65,424.46,409.58,351.27,314.88,299.39,291.55,296.95,337.15,353.55,352.95,354.74,298.1,297.25,309.55,335.53,354.52,351.6,344.82,340.66,303.49,269.67,221.29,177.54,148.43,144.5,142.9,150.55,172.75,218.08,264.2,303.69,184.17,147.57,133.15,94.021,44.721,0,33.526,88.566,138.23,124.26,108.98,101.19,105.11,118.79,98.813,73.593,64,48.042,81.609,70.767
