-7.706803167863862658e-02,-1.481447445758353743e-01,-2.973652256907289848e-01
2.171504183344186156e-01,3.793295248500718753e-01,3.944311945875395020e-01
-5.512988917491912222e-02,7.539467743612071615e-02,-3.547180007247853206e-01
1.073187763784140270e-01,-4.460881494374380196e-02,-4.212731349528986424e-02
3.218988435483541855e-01,3.224445485168236925e-01,4.750888604654270875e-01
-1.209775789125375756e-01,-4.056359006390020117e-02,-4.532403431548103212e-01
-1.519699189296195296e-01,-2.474173476760949120e-01,-3.792360692634971775e-01
1.922999528511849521e-01,-2.995959711096790601e-01,4.009921781379707229e-01
-1.517875475140381125e-01,1.567366896352099248e-01,-4.573205729195349845e-01
-2.298130127763952091e-01,1.826366315705371113e-01,4.679827244498412364e-01
-4.317193949802344832e-02,5.053421387670553599e-02,9.865949634890136544e-02
2.243883587524553302e-01,2.346394367649511370e-01,3.591506206892727260e-01
9.819660815149688915e-02,1.419417638419832040e-01,1.207826772678493032e-01
-1.191008928688496171e-01,1.869242954829899439e-01,2.868080874774824318e-01
1.425594848914712998e-02,-1.468766132637672195e-01,-1.145333115666807844e-01
-8.637093669354634073e-02,-1.274727840545819557e-02,-5.102218617457587868e-02
9.546900690104642706e-02,2.332086441563112622e-01,2.203470673819090120e-01
1.586717795632702765e-01,8.033842251968947856e-02,2.165569617392627544e-01
-2.721407406587292854e-01,-3.447776586823558809e-01,3.565851117983220853e-01
6.055331880947578682e-02,-6.764342273498491487e-02,-7.404373253212526151e-03
2.414948232957717655e-01,-1.650182356610276901e-01,3.479522410541365796e-01
2.102900588160968587e-01,2.242834308087280348e-01,3.158906599805607618e-01
-1.054190272797669303e-01,5.505083266700172562e-02,1.486137402288316700e-01
-2.344750860503583834e-01,3.630495323741572689e-01,4.800223862797133867e-01
4.278419478365125261e-02,-2.804459155062666298e-03,4.275925941891733917e-02
-2.906363407734369186e-02,-4.861498082435544710e-02,-2.295084796324364795e-02
-1.334929882605135898e-01,1.164374444544939990e-01,1.085688994397778773e-01
1.887410003474699893e-01,2.716644292981280628e-01,3.063318589517824986e-01
1.256432998354664043e-01,1.403050345088612261e-01,9.810456851966053993e-02
-1.391606779301389762e-01,1.511552955951530608e-01,2.915167044987290179e-01
-1.032648362368204786e-02,5.637267892171105022e-02,-6.698499092561804868e-02
1.884496338428575113e-01,-3.393179937402901469e-01,3.713576945554453168e-01
1.451547387073648387e-03,1.590127068946101119e-02,-5.300244089839145634e-02
-1.283281683558821218e-01,-2.546625734378200612e-01,-3.170845775871022898e-01
-9.293263469487833550e-02,2.362918006735953425e-01,-3.968434878787099329e-01
2.007237542851688650e-01,2.162615579397318966e-01,4.368427005412586217e-01
7.552879126481226724e-02,-5.681408712210167522e-02,-1.074526092414478384e-01
1.196890958190267584e-01,1.326555654468856149e-01,2.021539480048153425e-01
1.628703372767057456e-01,9.671445461987293601e-02,9.318194308548466420e-02
3.901449228301667738e-02,-1.681436233180166884e-02,-1.457660012617334466e-01
-1.049916112557012227e-01,6.863693073778842635e-02,7.659034107002293812e-02
2.918735236186748017e-01,3.862962913507389517e-01,4.407073909214154206e-01
-5.303348217047876290e-02,8.928626765420166755e-02,1.013915357770545089e-02
-1.287559447945437752e-01,3.308037071526984674e-01,-4.083492743959102889e-01
4.330086677758515634e-02,-4.553452813307568015e-02,2.116524269464326036e-02
2.895752351967995075e-02,-3.916462784289209687e-02,-1.063589164561006273e-01
-1.651276724304578947e-01,-3.019343812431668495e-01,-4.033203589023022229e-01
-1.523049583186506517e-01,3.523919611466523882e-01,3.584076788626456844e-01
-1.240695710922259387e-01,2.845647225255700796e-01,-3.440258090497593235e-01
1.066491018232076371e-01,-9.124265767004202665e-03,7.221800752824969472e-03
-1.892323486442565317e-01,-1.324357207823227967e-01,3.530328415900708672e-01
-5.633006856024369569e-02,-1.977802525031685521e-01,-1.463495824777535370e-01
-1.604637738188248175e-01,-2.488447438676462120e-01,3.205953222804001079e-01
-1.925566982359809831e-01,3.166714081126479341e-01,3.139825014324536534e-01
-5.385176976435379625e-02,-1.210165703423370376e-01,-1.404498857440129589e-01
-1.758774408604329986e-01,-2.491656948696354679e-01,-4.828746660689831049e-01
-1.910635519898060686e-01,2.614613558237947055e-01,2.277295132027807867e-01
1.033378672238568496e-01,1.296990101162602826e-01,1.115885947364647635e-01
2.163402164816191631e-01,-3.575130832492501298e-01,3.588989490204701482e-01
1.948496524964657972e-01,1.810413004601455489e-01,1.594758865006814519e-01
2.184409751640133956e-01,2.043496183668768174e-01,2.973727286804659364e-01
1.658952039112134846e-01,2.347960309387743250e-01,3.617873406414390258e-01
-1.453530552720702085e-01,1.771497960277278461e-01,2.348092482431481942e-01
1.695299963326422077e-01,1.088109159217359734e-01,4.122307790652992576e-01
-8.190229826104789002e-02,-9.264092355778164034e-02,-9.059799747160657279e-02
1.976355079087909195e-01,3.739220602040421726e-01,4.666309250423242849e-01
-9.968950162525225256e-02,2.546037412077361006e-01,-3.370997171552893024e-01
2.076351333631331064e-01,-2.698222664537290871e-01,4.102930669966144972e-01
-2.531524243431546584e-01,-2.418410049379660087e-01,4.661546665615635687e-01
-9.503219976328003415e-02,2.868203220110558949e-01,-3.494570000784981145e-01
-1.810696782971521479e-02,-6.957403522997607226e-02,-2.354994924043903870e-01
1.727227021929773620e-01,1.179113363326944608e-01,3.967350582280094740e-01
2.198443852399774023e-01,-3.611682268474992741e-01,3.213232174585411993e-01
-1.757658719263721636e-01,3.699964063630651889e-01,3.778662996155519593e-01
-5.516295624621492255e-02,-1.329602310588574587e-01,-1.320281352526181395e-01
-2.886383840524068267e-01,-3.309646090553597375e-01,4.034797753956620436e-01
-2.100646360655871181e-01,-3.657357136677674703e-01,4.556586039266157240e-01
-2.773783591475709187e-01,-3.499464678666951434e-01,4.614954968670297308e-01
2.464521498662877175e-01,-2.681798584104247984e-01,4.563513563377997739e-01
-1.953901234303005996e-01,-1.679833351149939702e-01,3.202342858107334322e-01
-1.157682302058611334e-01,-1.161502435938737143e-01,-4.593405968679383777e-01
2.293208126297510141e-01,2.193154412766581407e-01,4.517615996970055781e-01
2.414961721647651549e-01,-2.547641499586710268e-01,4.885814821343179570e-01
-2.657443245015482791e-01,-2.687371200028383367e-01,3.178085929246980967e-01
-6.092668136385603894e-02,-1.534907886197823812e-01,-3.241281059942417997e-01
-1.655985403510545906e-01,-1.942110707106105005e-01,-4.960810235889856479e-01
7.634529145938129258e-02,1.336675325500306100e-01,5.121810784361457980e-02
1.768839911107800145e-02,-2.482575215547710989e-02,-8.071424026462414858e-02
-8.904461070815494761e-02,-2.136874888092992197e-01,-4.014595980034786349e-01
-6.461036289536037369e-02,1.278547482789660350e-03,2.618480702134073912e-02
1.794270397193360456e-01,-2.985745649850587435e-01,3.981402894661022485e-01
-3.737444692414360059e-02,9.482529671409722916e-03,-3.702156609799377440e-01
-6.127142857591172387e-02,2.485398695700091753e-02,3.908132442060485712e-02
-1.548094218264965960e-01,2.765570513364071781e-01,2.628194416359160845e-01
-1.733364220264497213e-01,-2.567518044346263073e-01,-4.159261685237922723e-01
-8.656221579777978459e-02,1.339383924512166368e-01,-3.189628854002440894e-01
-2.489606491870821614e-01,-3.301080909196111302e-01,4.169315994302597028e-01
2.385065817201067473e-01,3.285618760573646435e-01,3.953020020570423565e-01
-1.618080012890578123e-01,1.561626424214479503e-01,-3.914584638135129024e-01
-1.909295586119571508e-01,2.321842740094751667e-01,2.579481676151312852e-01
-1.952723008019044970e-01,4.041275309105193392e-01,4.573361499167231115e-01
-1.349192998861470372e-01,-8.512637896792218939e-02,-3.206548957365153996e-01
-5.183480996498956994e-02,-7.651474136845071161e-02,-3.374315401094032385e-01
1.657220436366739769e-01,1.066499617295427749e-01,3.606893437875632324e-01
-1.389050330893535357e-01,-3.146217003622514552e-01,-4.083254290941175091e-01
-1.266387733276488348e-01,1.556592502947726775e-01,2.565135837189874701e-01
-1.191043740283421748e-01,1.757131487541216952e-01,-3.461371448485623947e-01
-3.802159333208143810e-02,4.983325274110350644e-02,4.582687285989284209e-02
-6.852285094435317525e-02,-1.522660984958457142e-03,-4.102658228470601465e-01
-2.989947806188186785e-02,-7.094614958441292085e-02,-1.685495852894735025e-01
1.402393868345317429e-01,2.609842933042573199e-01,2.668620931114652484e-01
-1.406851876181585137e-01,2.270119398382843823e-01,3.446253262830776265e-01
-1.020527560726371963e-01,2.300708710531589318e-01,2.454258825925589305e-01
-2.412743296631542078e-01,2.123177015289632319e-01,3.051799541563029461e-01
6.404622771930545966e-02,-1.205218585617828797e-01,-6.585176930376057669e-02
2.326701615175380544e-01,1.864270395584117779e-01,2.723531342938401156e-01
-1.531523658902803620e-01,-7.034906867227253002e-02,-4.067289858265945579e-01
1.057370364164972321e-01,-4.235023859625464127e-02,3.294647219313728836e-02
-9.359923198856345827e-02,-1.474575395929830224e-01,-3.186052976361921640e-01
1.923640135580430011e-01,-2.357673400707633871e-01,3.666174493398237644e-01
-1.865435273677463757e-01,2.194234304378772649e-01,3.108742545432288118e-01
-1.000468105941874075e-01,6.419761436385162945e-02,-4.008418861241070941e-01
-2.374286777020713224e-01,3.240973491685705810e-01,3.308560486339715556e-01
1.667099755956547025e-02,-1.541854926316743590e-01,-2.009211936420697286e-01
-1.678062447697735715e-01,-2.238436424136029945e-01,3.985073516580329711e-01
2.245689292999852871e-01,-3.413504935261477691e-01,3.408193016704686995e-01
1.538619573597762580e-01,1.063946934703441372e-01,3.651375191404839793e-01
1.715370506496096681e-01,-3.108178445824764102e-01,3.503847784823166389e-01
7.818653068993242083e-02,-2.797057705056327226e-02,-2.457788352825396316e-04
-1.477487866024539409e-01,-1.226150302556950900e-01,-4.346340614004423619e-01
-2.734641528955282785e-01,2.711379179111236271e-01,4.481225017270591415e-01
1.661428950555688955e-01,1.466531924281849752e-01,1.928887010301245652e-01
6.670131771434617551e-02,-1.604868090918184498e-01,-1.377844159875775132e-01
-5.656954789667656414e-03,-2.044457057925941346e-02,-1.694677301469502684e-01
-1.216424592843623476e-02,4.776637284633111769e-02,1.744975049630503872e-02
1.459584807530368566e-01,2.853860151911715715e-01,2.932821061522946637e-01
2.258643298784670517e-01,2.355253874884792875e-01,3.799229846521982035e-01
-6.723312149659466108e-02,-6.945128404141698297e-02,-2.084488497534457974e-01
-1.559394001966551979e-02,-1.212584460248807838e-01,-5.427710974203880934e-02
-6.333071634988873821e-02,1.734706253858210312e-01,-3.333768322890601210e-01
-1.151164471650022447e-01,-2.135423396325977219e-01,-2.658947986514388351e-01
2.297512275999160636e-01,2.575573289125319132e-01,2.659989349734164232e-01
-2.174349895283708145e-01,3.458832656513959325e-01,4.832236191711110074e-01
1.694252379825695876e-01,-1.424696173852511016e-01,3.406436352510733290e-01
-8.490517380726236851e-02,9.811663758056843321e-02,-3.870850175254543224e-01
1.425746202225746107e-01,-1.804141456488884687e-01,3.215730495463584582e-01
1.808925024667795700e-02,-5.996948752228625779e-02,-2.214005535411429637e-01
-8.085404924444128394e-02,1.117897131994332049e-01,-4.484854821494281829e-01
-1.885836510897831442e-01,1.547361310068369189e-01,4.309045367075247102e-01
-1.800579559856726464e-01,1.335489193887897663e-01,3.885431559832839277e-01
-1.648740226521568930e-01,3.634206423097416927e-01,-4.920638907739113277e-01
-1.242474346406141628e-02,4.371334930972337052e-02,-6.574341621913804001e-02
-8.129723584650805357e-03,-1.242194444560807964e-01,-2.094703848671650714e-01
1.818936560437031114e-01,-2.310668357764714687e-01,4.021574420654469018e-01
1.416734726193471516e-01,2.681022707829089358e-01,2.477836824732776444e-01
-2.562734637958492545e-01,2.342333609560537377e-01,3.408812171883295328e-01
-2.301824436130511797e-01,-2.889482332783116503e-01,3.380785310560647794e-01
-7.650291964418576285e-02,-2.306020969837865309e-01,-3.165770195630951411e-01
2.861924777864158775e-01,-3.817670474958291260e-01,4.310285776523229417e-01
1.137190538234672532e-01,1.346097657699250050e-01,2.357032224009012467e-01
2.678179647437175515e-01,2.765311582187216510e-01,4.933670242123842087e-01
-1.281927846885537736e-01,5.659459026463631304e-02,-4.841228729646376294e-01
-1.796428282507643859e-01,-1.127618764941389351e-01,-4.796069696179798836e-01
-1.899316056229756189e-01,-2.855502953327457849e-01,3.269028333537226105e-01
-6.169897760680143062e-02,-4.103052438739318575e-03,1.059510529404253942e-01
2.559797348364578617e-01,-1.924762280424521244e-01,4.132483432650521094e-01
-8.706510819849366811e-02,-1.406038214715527035e-01,-6.466517881349098662e-02
-1.644384900886275425e-01,2.268930169930808427e-01,-3.922206336547436889e-01
-2.806148112288466834e-01,-3.684197805339113341e-01,3.774633522591345214e-01
-2.104884049861750484e-01,2.955751201724896582e-01,3.837993928816686440e-01
2.892216389924477937e-01,-2.493388132146650005e-01,4.632530073852009211e-01
-9.122765064368365540e-02,5.969434839547627103e-02,-3.731955010022633967e-01
1.425856431748570019e-01,2.367272656086513161e-01,3.192008401178931809e-01
-1.974118577522733231e-01,2.482536166170361547e-01,4.579400895777114844e-01
-1.984349346500076106e-01,3.465079015842562615e-01,3.515080874581223425e-01
-6.890280014563709976e-02,-1.344090455438406995e-02,1.030914908940711028e-01
-1.632499798556761306e-01,3.367243251568705631e-01,3.375284224581898140e-01
1.306772144314598538e-01,3.880629863323448170e-02,2.718712400223266545e-02
-1.087082476042470214e-01,-7.439455886610535362e-02,2.898606949981685776e-02
-1.925868928366740729e-01,-1.952779873234425922e-01,3.688556680565242551e-01
-4.290831102347747450e-02,7.383136829456127259e-03,-3.718353948801572662e-01
-1.805905045920501717e-01,-3.821050567969521694e-01,-4.803252422732396942e-01
-1.898915425049305661e-01,-3.731295578860222006e-01,-4.492160542014601576e-01
-1.221232760751741475e-01,-1.034049244739901896e-01,-4.302114258447463646e-01
2.550871538646737324e-02,-1.241423221851516434e-01,-1.217545495465935934e-01
-1.687815375118428829e-01,1.585899952673122115e-01,-4.874374069572965373e-01
2.481800271846367201e-01,-2.056129944783885444e-01,3.968107992095913916e-01
-4.295929511119656041e-02,-6.418365395275738017e-02,-4.859103358533334305e-02
1.502421153826335454e-01,2.843694979754084473e-01,3.306682374069640495e-01
2.763926751415988203e-01,-2.482240709918792643e-01,4.775861518010943163e-01
-2.165548149262036537e-01,-2.736441278356175344e-01,3.548075616423226331e-01
-1.539759011781268727e-01,2.199420734398173094e-01,-4.155623685063646322e-01
-1.229545556641604698e-01,-5.765399027972328838e-02,-3.366547937104442667e-01
2.599778350408366023e-02,-3.603313004856889545e-02,-1.031037630432776186e-01
2.833665120263300086e-01,4.080801632214806629e-01,4.368368389267774932e-01
-1.748466876776129109e-01,2.496180110041860134e-01,2.855474489612579436e-01
-3.197826569397277385e-02,-1.604401363285570259e-01,-2.137998497935247322e-01
1.851420698246741825e-01,1.452899259691485812e-01,3.044460090412099973e-01
3.132193853244535919e-02,-2.553562314752555462e-02,-1.110610405312558724e-01
-8.895585661389615595e-02,-1.672148639419983596e-01,-2.334491196526404799e-01
-6.988991411107758900e-03,-1.281401352723947618e-01,-4.137005955435169025e-02
2.679773608658917450e-01,2.365964263824547054e-01,4.301769009246788622e-01
-2.432545006190838244e-01,2.795251626351213936e-01,2.959823123371424503e-01
3.268317619159625265e-01,-2.849664413822646791e-01,4.854847729191124062e-01
-6.598307933262648195e-02,1.614594551869408257e-03,-1.781897949523225666e-02
-1.751672604547548362e-01,1.327156071590942510e-01,2.516553717263009249e-01
3.481708295832097733e-02,8.535005200983281082e-02,7.217302850613149801e-02
4.839201124579539659e-02,3.337220878425328774e-02,-2.050930675220985488e-02
-2.102060158236541687e-01,-1.935243099227431651e-01,3.537229157287470338e-01
-2.244552397363472895e-01,1.861869300794318782e-01,3.815508065105905899e-01
-2.442253101456250963e-01,3.370325564709409916e-01,4.158314900525738045e-01
-2.691911359566119266e-01,-3.206711554974782663e-01,4.729105421211562410e-01
2.455832412012248778e-01,-2.447507724133004547e-01,4.504793679364255121e-01
-1.305603718566440419e-01,6.343869656279421676e-02,6.503454804259800603e-02
2.676590794722754074e-01,-2.102228538953659909e-01,4.498844214792443452e-01
-1.110397074060981426e-01,-1.879346575328277869e-02,8.397400092153750606e-02
-1.486322624825505700e-01,-1.811015389603510828e-01,-4.159504038637603651e-01
-1.646896675679526689e-01,-2.633845461467164695e-01,-4.653880604361411155e-01
-1.780927750318694880e-01,1.461823190686938334e-01,-4.287002162805344518e-01
-6.311911510078060950e-02,-8.820781910367736511e-02,-4.550895322479719951e-02
1.870078967409668502e-01,2.046860761333878509e-01,1.748675611477937819e-01
-2.011483392273907267e-01,2.232890478438072090e-01,2.769414087702558591e-01
1.093825839222427598e-01,9.470458372434287231e-02,7.522323222475568727e-02
2.489405231215733316e-01,-3.139098169804854788e-01,4.092971765649198179e-01
-2.136490505195663969e-01,2.171588688620007535e-01,3.367512846673796911e-01
1.318232031242771995e-02,-7.532968494722735997e-03,-9.975584432680539848e-03
2.356938052113580762e-01,-1.979687858875558426e-01,4.228927395102762832e-01
-1.979264382000909261e-01,1.573961065839436513e-01,1.783583296629942527e-01
-4.620937322119200719e-02,-2.621313653188150905e-02,-3.828568367107597625e-01
2.868606819877868030e-01,-2.731056540387925002e-01,4.110333086722773865e-01
-6.217641260258000013e-02,8.318265551287362669e-02,-8.191465058597136029e-03
-6.053576794055159915e-03,-1.479655197371766429e-01,-8.905994852385767935e-02
1.107461923783270574e-02,-1.197753210277510139e-01,-1.698313721593818215e-01
1.614570039289561221e-01,-1.484432760749730962e-01,3.402133818274792887e-01
-8.803341256108676571e-02,1.354747207660595976e-01,-4.421444809977272961e-01
2.382426661128576040e-01,-1.820762272845597440e-01,3.973645830328668138e-01
-1.564581168973580017e-01,1.376768721433382359e-01,-4.749273613312902098e-01
-5.773077271132343036e-02,1.843159523373478770e-01,-3.703661613658152385e-01
-1.520950378413080673e-01,7.002921664821304404e-02,1.456270848074144864e-01
2.420050185787568919e-01,2.396979266939444075e-01,3.812276307037115730e-01
-7.088379391805554874e-02,3.539340235292343095e-02,-3.359618858722173140e-01
1.474361792653712255e-01,1.451807056390891359e-01,3.458807152806950835e-01
-2.035443247858675919e-01,3.589169758697611234e-01,4.590390076878673176e-01
2.227080791087227007e-01,2.587601299745249106e-01,4.329708840579938878e-01
-1.255323803543233474e-01,-1.867036090194993392e-01,-3.260252917549556484e-01
1.519504918332229559e-01,1.642051519051480613e-01,2.656701787384112556e-01
-8.857868895850129487e-02,2.704391685039780890e-01,-4.628220129701142715e-01
1.279255895551274502e-01,2.007146559781207706e-01,1.744793983739068022e-01
3.067930530602559491e-01,-2.751095101191788350e-01,4.117903144454082565e-01
-8.182070754972692317e-02,7.957068372408604429e-02,6.759011854379037842e-02
6.960976343621749773e-02,-1.404026153084065864e-01,-8.763206505810861024e-02
-1.508507976023923947e-01,1.412234214414076483e-01,-3.413253117115191415e-01
-6.708201788817391709e-02,3.168981598379982945e-02,-3.875080570582184469e-01
1.310665513575530738e-01,1.663808102062365180e-01,1.174712227641102613e-01
-1.047701196630463905e-01,9.854550967668729289e-02,1.256141346923989044e-01
-1.152870705690407505e-01,3.621821130216196227e-02,-4.017305252055621834e-01
1.740598512567546052e-01,-1.656751987610598498e-01,4.103894253204928289e-01
-1.012192718270863434e-01,4.043461577902807136e-02,1.430376779880566662e-01
-1.822274515721317156e-01,2.881383521608663623e-01,3.550033320639238710e-01
-5.023499135176701103e-02,4.614920426277535626e-02,-4.030685428985598673e-01
1.719220315803393628e-02,-9.063511097798138128e-02,-5.819925278654747292e-02
-1.705572695324613086e-01,-2.553113294432319824e-01,3.739742826119781816e-01
-6.650151077784494102e-02,-1.318739496431984293e-01,-1.123054394261018274e-01
-1.977696068417346131e-01,-3.728531409037532107e-01,3.781330034406867879e-01
-1.548565381276155728e-01,-1.946584745936683625e-01,-3.830029562832621970e-01
1.662169509196699257e-01,2.293911347336736739e-01,2.128609271113741652e-01
-8.140539050419104417e-02,-2.431659940437813638e-01,-2.836739027050699802e-01
1.305100684722979576e-01,1.362754405457853313e-01,1.160898894331324760e-01
1.643740442013235104e-01,-3.594397378917768560e-01,3.298613901701986650e-01
-1.446861420229376138e-01,-9.168977907331188337e-02,-3.791998169787558215e-01
-8.337163750915810301e-02,4.429316824248141771e-02,-3.762166694097413000e-01
-9.175243718172865215e-02,-2.320072408255352547e-01,-3.065387113631898863e-01
2.921845346106594077e-01,-3.477001889767064036e-01,4.323188138231384148e-01
2.035717332721033168e-01,2.107112823468185736e-01,2.321223665210213616e-01
-1.321394977448052677e-01,-5.257533831607830166e-02,-4.584015650565206323e-01
-1.049218987160905892e-01,4.102849160167454379e-03,4.875303720328372226e-02
2.140740477892396632e-01,-1.366983227047002813e-01,4.023755673948981038e-01
-4.471371422197822909e-02,-4.670793176516607748e-02,-2.026646210408974413e-01
-2.120296587434320479e-01,-1.973865744149064794e-01,3.943895575108764540e-01
-1.809286305482764590e-01,-3.588962065239483801e-01,-4.518519455323276590e-01
2.166005735739264804e-01,-2.864448104744721224e-01,3.829617652283157092e-01
-2.084820090311737539e-01,-2.214053517060602383e-01,3.492727575646623617e-01
-5.150670326619422035e-02,3.765660291415118266e-02,-3.756497391988622425e-02
-2.645424723408862366e-02,-9.539629355634104968e-02,-3.332877329895670426e-01
1.557609271084453573e-01,2.211322833293122292e-01,2.758768136935564330e-01
-3.011383088285835008e-02,-6.309993594612861578e-02,5.593625555670955762e-02
-1.532729552845463195e-01,8.707602404754333225e-02,-4.037189754434898914e-01
-1.648354346433945627e-01,2.464391852453275966e-01,2.634702800116319743e-01
1.861429058750724286e-01,-2.112315406385946170e-01,3.306280165898524137e-01
-2.215989181482104220e-01,-1.575315624074913323e-01,3.363133813121172988e-01
-1.854099033364242644e-02,-1.513674554449095933e-01,-9.136262598602618024e-02
-5.008317609894197275e-02,-2.774517266152631834e-03,-3.231671364157295834e-01
-5.206671349157365736e-02,-7.576178345387440949e-02,-2.365198531504456581e-01
-1.282016308388914672e-01,3.239206474611030506e-01,-3.428172296269436092e-01
-2.834359051435630938e-01,-2.808721418529703806e-01,4.739850997697444557e-01
-1.675806382686687579e-01,2.963394123112742529e-01,3.372834010682498329e-01
-3.866003854546096186e-02,-4.563242174473614021e-02,-8.596308747516923088e-02
-2.170335988810750960e-01,2.738896544014587375e-01,2.867829840205369241e-01
-1.784061081462805509e-01,2.049817188027831527e-01,-4.733580961773568019e-01
-8.495727466142355411e-02,-1.498766783166977090e-01,-9.104812591986233272e-02
-2.395572598621770188e-01,2.116520725338565390e-01,3.191464507150409968e-01
2.770355132355941663e-01,-2.830481549894173776e-01,4.654662079609294123e-01
-1.023386162815509426e-02,1.008224125396139925e-01,7.279596497054674487e-03
-1.050515819942958728e-01,7.063900052328486723e-03,-4.886662287350916900e-01
-4.726339740788498833e-02,-1.502182602703250325e-01,-3.109322021275396919e-01
-1.761423743885840443e-01,-8.069900125306705974e-02,4.242528268001237723e-01
-1.189571287243741393e-01,-2.481797916491131906e-01,-3.400454453350127970e-01
1.807178462987517609e-01,3.378022533977844688e-01,3.684063017157238606e-01
-1.256392448001975026e-01,2.472726827151056073e-01,-4.452264561875591831e-01
2.213824911933069961e-01,-1.435362168672873473e-01,3.631267449742732190e-01
3.852220847058107633e-02,-1.597464845575002901e-02,-1.106568143090786993e-01
1.989086926045330328e-01,3.293592850865314503e-01,3.968505307019695172e-01
-8.369624960130928049e-02,-2.203240967523052429e-01,-4.219737894662838329e-01
1.287364439108205083e-01,1.538887908052264386e-01,1.322621799502372575e-01
-2.096319169232306878e-01,2.674366253015734163e-01,4.690019459900873766e-01
-1.055093190109166468e-01,1.084734963856168743e-01,-3.269752275488048143e-01
1.260546312337208485e-01,1.858359360463816001e-01,1.963278729681701140e-01
-2.478944325402031579e-01,3.840407135362073898e-01,4.280906327564615310e-01
1.384375364301319022e-01,1.379055225488413639e-01,5.691312583395724545e-02
-1.694745591484014824e-02,-5.316822831892742407e-02,-3.254947795912644937e-01
1.549821827382141803e-01,-2.290661558492267380e-01,3.177454927914459271e-01
-2.217095926009573503e-01,-1.534423338332731035e-01,4.568183523518459799e-01
-2.263980521333506246e-01,1.978834661627676406e-01,3.500231195837250064e-01
-2.458230059796674416e-01,3.157597856276440629e-01,4.068635930840612813e-01
-9.579335681124934165e-02,-1.743252907767320892e-01,-2.404624702515613111e-01
-1.068414430656857705e-01,-4.245087524254387290e-02,-2.151942219203484274e-02
1.806449703395127671e-01,1.258192840466404450e-01,2.324599684798399624e-01
1.958197612851383385e-01,-3.443831330361040166e-01,3.509333506603757868e-01
-1.504039080695634967e-01,-8.240128547025649119e-02,-4.772675071435613647e-01
-8.431097223947636721e-02,2.207882213123162352e-01,1.792622267291028582e-01
-1.607442340667929459e-01,1.013094954441141615e-01,3.182336814831966398e-01
-1.945210932303386153e-01,1.481994594181484937e-01,4.585674435768680723e-01
-7.967195185781783540e-02,1.157539494561633520e-01,7.151100684758637804e-02
-5.422504899253766109e-02,1.853526165484754573e-01,-3.650171558530089788e-01
-5.869889814103346204e-02,7.940692331761312062e-03,9.375880691102467246e-02
-1.644372567083679515e-01,1.204192466487291613e-01,-4.867838252823505352e-01
2.709857324528659461e-01,3.692936218784881319e-01,4.288575254668312020e-01
2.758823412200213099e-01,3.501567422179820976e-01,3.992874635154830543e-01
-2.484545635288160081e-01,4.057376731696750172e-01,4.621185169277661764e-01
-1.758246523142266149e-01,3.176580494889470474e-01,-4.676765875118835680e-01
-1.961012816327853958e-01,-1.491642847654092163e-01,-4.961004415946634882e-01
-1.216153952955610906e-01,-1.406349861102862420e-01,-4.113423242644510536e-01
1.475152181052249434e-01,-9.924154702304677222e-02,3.238234811718707640e-01
3.322424843752114221e-02,-4.028189303745188798e-02,5.817919720353803559e-02
-5.059419803703102403e-02,-4.130732106879386745e-02,-1.766006806819242492e-01
-1.013861950371995890e-01,-4.130414703080198535e-02,-2.502340248874967976e-02
-7.263904346194716144e-02,-1.317520973371668624e-01,-4.494541052916912749e-01
1.185026940537359241e-01,2.625472297448361303e-01,2.670702196298180287e-01
-2.435758301212339605e-01,2.315531658229511569e-01,2.944856592105461468e-01
5.513451287847193072e-03,-5.667514336418943977e-02,-1.940130488675660958e-01
2.248250316379651892e-02,-1.420596656943946545e-01,-1.742973703983253797e-01
-7.657691406647337828e-02,-5.593387811254135755e-02,9.894480895090040917e-03
1.863134075676272650e-01,-3.470371687268325456e-01,3.950275879099276466e-01
1.620519421240125268e-01,8.077612402969192029e-02,1.698899422578359353e-01
-9.482435805240729820e-02,2.479692783109299636e-02,1.007551759254592394e-01
-1.247447643182693078e-01,2.595448210960933366e-01,2.520265661882473696e-01
-2.118806065359797319e-01,2.062557020727165957e-01,3.797344779045269680e-01
8.623758292966754446e-02,6.239056102039408636e-02,-2.801669083081448353e-02
-1.887944443270632711e-01,-2.626937492367730220e-01,4.299308698909037885e-01
2.708758367456955973e-01,3.241573562442143785e-01,3.960272360702479233e-01
-1.335846574933239328e-01,1.857301826565109781e-01,-3.680885939325331258e-01
1.649626252141649374e-01,1.283636280444362399e-01,3.256726979062898319e-01
-8.246059401200633854e-02,5.508332550799455163e-02,1.836042104867885438e-02
-9.570745736447883178e-02,-6.442502563156859985e-02,-3.977970613577147541e-01
-3.080591827641794289e-01,3.452627857777935683e-01,4.859766803064196061e-01
1.294450710035428553e-01,8.622779829930771189e-02,8.968416547313118325e-02
-2.622301671121801681e-01,-2.313277592251515857e-01,3.467873256964535411e-01
-2.314304044190329535e-01,-2.045450519117142374e-01,4.761223051772914827e-01
1.402865451236735561e-01,1.758641151033094596e-01,2.913681584491736309e-01
2.923175662068888681e-02,9.354760946791829124e-02,3.525870980099476970e-02
2.945016925578340938e-01,3.115329861062908767e-01,4.677041323786051974e-01
-1.509593689352819457e-01,3.438668304178741364e-01,-4.878927330903923831e-01
-9.241643216288608631e-02,-7.181427248936345098e-02,-3.551014589327310400e-01
-1.643658073162115318e-01,3.073060383141589247e-01,2.994590204253527732e-01
-8.493682768502275326e-02,2.413423733973035779e-01,-3.957795078402314148e-01
-2.467896222951772023e-01,2.994902466428803756e-01,3.971421746638017503e-01
1.608036691360595904e-01,-9.917918336906528243e-02,3.566522024691014536e-01
3.092985112397858005e-01,3.044848415865372138e-01,4.458392136306276177e-01
1.187057111958609301e-01,4.875831195352442471e-02,9.102051005715527943e-02
-1.867813667298205971e-01,3.170079376553041062e-01,2.930404925597130950e-01
-6.520258534596423683e-02,1.226497889935840302e-01,-4.422678442834950818e-01
7.623778642027578822e-02,9.889042819406435036e-02,1.481125392218761716e-01
-1.597987104059325203e-01,1.674948684660887421e-01,9.470952870317184136e-02
-1.210737653643528811e-01,2.931972223687472345e-01,2.897007930775757911e-01
-2.263490699272985296e-01,3.687701807059656778e-01,4.433704328669247907e-01
-1.549662002210455691e-01,2.388635792724860263e-01,-3.717120808645166807e-01
-1.675853399243742992e-02,-1.472001339099699990e-01,-2.983478984064124040e-01
-1.102330183305936240e-01,1.268453061356056288e-01,-3.184353929160493868e-01
-4.304571905746912286e-02,3.919013579260510749e-02,-9.059135666714202006e-02
6.539479312118123833e-02,-4.104279504985375304e-02,-8.558677871416819904e-02
2.091351685531233073e-01,4.002907434785419882e-01,4.301287288504703765e-01
7.373016033160217919e-02,4.685461923184897071e-02,1.835216264935529695e-01
-6.681418207077527427e-02,-4.538615529317957531e-02,-3.438406735415876492e-01
-1.067952494203022740e-01,-2.092951412218750917e-01,-2.815362897158876221e-01
3.254051579093990565e-01,4.065952561054706482e-01,4.975970866296112183e-01
2.036475086511148058e-01,2.551623705391167229e-01,3.401029005197340194e-01
-2.907020396199522239e-01,2.777069584389209034e-01,4.452276616816136512e-01
-1.158163714657090004e-02,-5.879055634660090846e-02,-1.551104994877091636e-01
2.253707540090089667e-01,-3.663671748652975735e-01,4.572248683333079988e-01
-3.971483252033114475e-03,-9.854307627947322956e-02,-5.726779947052684783e-02
-2.354734124765852643e-01,-1.788765287068276866e-01,4.775347703047545522e-01
-5.853192015338537502e-02,-1.000693412682063244e-01,-2.363716580538200995e-01
1.675026874007327082e-01,1.777912298731757490e-01,2.834536695737582823e-01
-2.144673308207660778e-01,3.875591156282610639e-01,4.823196119296315754e-01
-1.345136499722188184e-01,-2.760557916277803781e-01,3.231271676723137531e-01
-9.407557260522481091e-02,-1.793895266380972631e-01,-3.052001110412518869e-01
2.086608059064316567e-01,2.430042990474473585e-01,2.532211070505309136e-01
2.573597965428817691e-01,-3.450365564552220210e-01,4.420056607866384990e-01
-2.563772614135367833e-01,-2.132125031167952933e-01,4.065078066799437950e-01
-1.567349411544294302e-02,-8.436663980261560614e-02,-2.652169137361133355e-01
-7.244441145186886200e-02,-7.727745930814489128e-03,-3.369246029411612220e-01
1.339935258348401437e-01,2.127064824367550511e-01,1.578866852880670413e-01
-6.552428516572317285e-02,-1.105562469851085750e-01,-2.159643131053272658e-01
-1.185099131125643135e-01,2.813044905775841098e-01,-4.763274363046866577e-01
1.611795923724171908e-01,-2.657149866732775312e-01,3.184192361914852665e-01
2.589904557841866684e-01,-2.224175929794127704e-01,3.515321617569182600e-01
2.256449304032953629e-01,-1.510628635487757387e-01,3.244659423910674079e-01
-3.089313778893326701e-01,3.409832806806406547e-01,4.541262646402050018e-01
-1.318353231598294872e-01,1.773260605397821710e-01,2.859706964115241723e-01
-1.600920070493556668e-01,-3.450617139887445228e-01,-3.826213000710345646e-01
2.444091908676452318e-01,3.569886296981293894e-01,4.270975773760081751e-01
-5.665080220718454740e-02,-2.096196896433810686e-02,-1.285343633669170371e-01
2.015080218519679223e-01,1.452630331756090687e-01,3.781908315835891266e-01
-5.984412450555776086e-02,-2.954135622670894801e-02,-3.474625246560738567e-01
-1.637712703144045268e-02,-1.485347959802834072e-01,-3.136438195926406491e-01
-2.736371099815627650e-01,2.935529914989344347e-01,3.514142620709762577e-01
-1.370704510202785942e-01,-2.879102409702746224e-01,-4.208786538125686150e-01
7.730895340123167259e-03,1.149207389379174327e-01,6.846100033937041474e-03
1.971862125006124122e-01,-1.608875612592215454e-01,4.279256326751466055e-01
1.847781542819109113e-01,-2.963067872154778737e-01,3.206586043070331904e-01
-1.247057898450796287e-01,2.519229807858798242e-01,-3.718844644490840734e-01
2.265495397703018998e-01,3.603923678381676377e-01,4.851602434922643869e-01
4.420535231819822108e-02,-2.207135773525437106e-02,8.773279244357756745e-02
2.169995678162710551e-01,1.739463728662939968e-01,2.900713147300247874e-01
9.330025046074985617e-02,-5.426229043659080986e-04,6.972948395461853188e-02
-1.168401707543061940e-01,1.418509495460723580e-01,2.158388645670887840e-01
-7.481542256137796443e-02,-4.068863553870682992e-02,-1.715803984867003695e-01
-1.750853838993009504e-01,-3.458913386230649811e-01,3.230206175744543273e-01
7.209985253625383894e-02,5.688804719572126967e-02,1.130028588794841360e-01
-1.071130887370358442e-01,3.949934931393017656e-02,-2.251397178405900590e-02
-2.387036600011572807e-01,3.358272291057625702e-01,4.860388026920212656e-01
1.379685313273442127e-01,1.416782387593819026e-01,1.335318086594542430e-01
-7.441846452723754890e-02,1.838603753988972134e-01,1.326515054472778843e-01
1.851055936455048290e-02,1.083861362067739531e-02,-8.324738497893802158e-02
-2.287085329104718845e-01,3.434015518649529142e-01,3.930369713015927635e-01
-1.826889515711106471e-01,3.843313681818326666e-01,-4.327387344442624739e-01
-7.792932391871609799e-02,-1.487193374118256362e-02,-1.496449488582229925e-02
1.386560703270961481e-01,2.747662442183240739e-01,2.655623710181443942e-01
-8.885004739658508566e-02,-1.751165867863477832e-01,-3.816886588803716229e-01
1.778353585152073757e-01,-1.997148963115601417e-01,4.246463788702664610e-01
-1.048142178108462108e-01,-1.443416526779561782e-02,-4.100851239581860819e-01
-2.185276388246428780e-01,3.956343233775412305e-01,4.976200031359336862e-01
-1.133770999271231927e-01,2.778678067810405050e-01,-4.364942898335941734e-01
-1.636573839284053422e-01,2.973787963970357939e-01,-4.290755862320956293e-01
4.587692676619981036e-02,-1.136311812691085388e-01,-6.331033944996689034e-02
-8.875461327452593974e-02,-1.801645566772006601e-01,-3.799466358798707644e-01
2.002020980891835444e-01,2.359628217751381651e-01,2.468370415571772281e-01
1.362720936006919237e-01,5.443140917087674335e-02,1.188049258606005409e-01
3.338735793607667812e-01,-3.247778618100053416e-01,4.936868479931333376e-01
-4.817164449617084010e-02,-1.474313735841932260e-01,-6.014668574318093874e-02
-7.875312557065250463e-02,-1.082110930317254915e-01,-6.175052505992950636e-02
1.615237386647980777e-01,-3.341057045086560651e-01,3.419706825647569337e-01
-1.699429058838299866e-01,-1.965169404636040174e-01,4.073026212399442070e-01
-1.002221904545111952e-01,-1.270271323527983887e-01,-4.171870575692261385e-01
-1.567636290486089656e-01,2.428600656471786579e-01,-3.564496306406784720e-01
2.394284671041603252e-01,-2.465171907494870807e-01,3.487601530865099830e-01
-3.802817195448693344e-02,-9.743980829082199424e-02,-1.024753648759291202e-01
-1.673173993008357785e-01,1.985789648452660483e-01,3.691665869060722915e-01
-1.293954407790285366e-01,1.204873847886703819e-01,-3.702286846768125805e-01
-6.631190865261404888e-02,-1.084970303230210487e-01,-3.883445358188867269e-01
-3.950273284731697920e-02,-1.511401846373227054e-01,-7.193626922307527760e-02
-1.206468171451378080e-01,-8.300505041606698331e-02,-3.931459966825787689e-01
1.839924837250888068e-01,-9.259235582786395913e-02,4.038447241645505281e-01
2.774503881953807038e-01,3.451833514048057161e-01,3.794497938249131730e-01
-6.413469073110755758e-02,-9.752684013698431631e-02,-2.204725969867334934e-01
2.838364767329762950e-01,2.596475270333796770e-01,3.581916346466983425e-01
2.337873249265097764e-01,2.502608016306152594e-01,4.907781273435036784e-01
-1.393018881107256357e-01,2.686197743836893359e-01,-3.331498626818547582e-01
-1.452878068565198744e-01,1.984631009220536590e-01,1.622861830875546030e-01
3.185592819688120025e-01,3.552231085067318883e-01,4.454624961063249344e-01
2.451122411810967572e-01,-2.537699679973562938e-01,3.630880582800921630e-01
-2.670257237587471133e-01,-2.288575564055574940e-01,4.986891577401963982e-01
-5.073008236647769120e-02,-6.794785529713132100e-03,-2.367224062113471028e-02
-1.942908585936138355e-01,2.116569978852199663e-01,-4.925265137601321230e-01
-2.405998995240359317e-01,-2.865064877627068185e-01,3.801337824704326129e-01
1.872614886392618416e-01,-2.958411583437315917e-01,4.145654599020994757e-01
-2.109004871917666835e-01,2.009133756236414214e-01,2.765076449340456710e-01
-5.073739759543260952e-02,-1.328695229466531069e-01,-5.519263429621235062e-02
-1.834418123340656459e-01,3.150098931387252943e-01,-4.334647000078610812e-01
-2.590351639202146394e-01,2.451262394096707098e-01,3.509367608113393988e-01
-2.890067070283269812e-01,2.998635329237784308e-01,3.868751275635962106e-01
-2.407292002045999801e-01,2.241434440333103240e-01,3.538115209804142403e-01
2.231753197878949546e-02,-3.576926885743114681e-02,-1.374972231420307223e-01
1.281743365663474687e-01,1.987883966771938349e-01,1.560927167954707651e-01
8.750206475336941292e-02,8.843959763848274758e-02,1.985142630860575741e-01
-8.686380206411248306e-02,1.616713748565470343e-01,-4.127871879669922084e-01
2.740734205507585619e-01,2.701247685632826023e-01,4.481445015959765188e-01
-9.574511849897060500e-02,-3.529466242527368181e-03,-4.816740826723409086e-01
-7.052588624954025942e-02,2.096231504577628080e-02,-9.339562745919127718e-02
1.957888426535341342e-01,-2.644649318179488340e-01,3.571425912221640742e-01
-3.032548991596226706e-01,-2.526056724000027565e-01,4.310774131368242390e-01
8.822460198910953011e-02,-1.924901899508091319e-02,-1.009500219236398877e-01
-2.159884793126418678e-01,3.147500984932599666e-01,3.220232248049081925e-01
1.301603461274360996e-01,1.942559084937959257e-01,2.547259642833742399e-01
2.897732731480865409e-01,3.965941623332980281e-01,4.965993901401529742e-01
1.978191545297903753e-01,1.999729761735953293e-01,3.305851116991064265e-01
-1.587949003688918781e-01,-1.248963665243824073e-01,-4.401074002889744374e-01
1.952242879428393030e-01,-3.058367125422247756e-01,4.212240685701792442e-01
3.894702293136820259e-02,6.409904784430875413e-02,5.625015157774693186e-02
-8.961608955362077022e-02,1.180125850858394498e-01,-3.381530255070889224e-01
1.487051910152221712e-01,-6.402968201946779292e-02,3.218877830779620641e-01
2.582236237628028341e-01,2.202373686441270184e-01,4.719185881857796971e-01
9.269166488541935589e-02,2.038747145905771552e-01,1.585236068659837683e-01
1.868709128411877307e-01,2.343091072595755442e-01,2.880897651552690730e-01
-1.822159587587567353e-01,3.753646881002510316e-01,-4.969179149314610910e-01
-7.535834084092463137e-02,2.538082066773372780e-02,2.243313293780657691e-02
6.343238625320724022e-02,-9.157707485244148682e-02,-8.017408068848075331e-02
-1.174212577637718802e-01,8.858566203411466500e-02,1.867996580382038641e-01
-2.947621413271694912e-02,6.394253553714102090e-02,4.470326175561645243e-02
2.397227967297033135e-02,-1.237372904362776804e-01,-2.052471635673120964e-01
5.277148758866911926e-02,-9.646300811456121060e-03,8.276656777305679835e-02
1.735153874205082047e-01,-1.881135985596218418e-01,3.288308760693179345e-01
-2.741019138180663672e-01,3.041082982961034187e-01,3.535130040155357589e-01
-1.232648738296940882e-01,9.111323793402814619e-02,-3.360386395334032938e-01
1.937719259762716861e-01,2.025563459580816961e-01,4.622420333938146442e-01
2.046357512120751121e-01,1.982275447027554982e-01,1.911725947234431677e-01
-8.838884898777898957e-02,-1.951324316160093497e-01,-2.651021285049045551e-01
5.297162424672563485e-02,-5.862546929407641549e-02,-3.539334198743060433e-02
-2.560785773305723767e-01,-3.602024404694087467e-01,4.264419395336409568e-01
-1.475501316642242600e-01,1.101230344524372073e-01,-3.876162715543073345e-01
4.357224381398572266e-02,-1.295732208612708769e-01,-7.903907663717935073e-02
-2.327549343851061936e-01,2.535564335496156563e-01,4.813311105006082835e-01
1.804761367373716174e-01,-3.124382784209090991e-01,4.120144449627823890e-01
-1.893074114865243018e-01,3.695039073654164952e-01,-4.442736611524749080e-01
-9.779840667764272411e-02,-8.118254436650385042e-02,-5.965380136530695765e-03
-2.230227656510543888e-01,-1.725530759109437096e-01,3.869749337229275721e-01
-2.037941750285927611e-01,3.534360381445931232e-01,4.234774060512792593e-01
1.654620364997003712e-01,-3.320113701050497745e-01,3.936810501769754111e-01
4.139890497124543156e-02,-9.058665989138048324e-02,-5.516894272152328416e-02
-2.959786378217370562e-01,4.175448531511487538e-01,4.842109511844870928e-01
-7.046395026943963469e-02,3.021524278822185217e-02,7.377801762502356198e-03
-4.411453788932018227e-02,-6.629707166572729182e-02,-3.267217564227271609e-01
1.897105797973208663e-01,1.196034039500859514e-01,3.759613752619389571e-01
1.697543272483807986e-01,1.970101957976722051e-01,1.348286235154314561e-01
-1.549677580523779463e-01,1.632736707332691495e-01,1.772167958917985064e-01
7.358510354844638446e-02,-6.927178632654817925e-02,-8.170080468363094539e-02
-5.970662165048312708e-02,2.854608616272313881e-02,-3.943081898060484258e-01
2.702952205250094275e-01,2.473093457786097460e-01,4.547077882608063781e-01
1.604432624709776212e-01,1.352094375357068001e-01,1.035624367994023576e-01
9.391100246692352105e-02,1.869385670561971580e-01,1.839050335358691779e-01
-1.156247429426914275e-01,-8.284191733383516887e-02,-4.544458861096585256e-01
1.584748129776204495e-01,2.049435753271650063e-01,3.699388430782498682e-01
2.291142534831309696e-01,-3.696683161698754994e-01,4.323396786096452837e-01
-2.982001803911804583e-02,1.660364266380476295e-02,7.543008706450293754e-02
-1.042582972468002467e-01,-2.397223382089286314e-02,-3.538037817233007365e-01
-3.351254213450505226e-02,-8.312446640460968705e-02,-2.079257722234787442e-01
-2.089667049648147312e-01,-2.726789464379330008e-01,3.924742046668081574e-01
-2.117624654278704721e-02,-1.531342158134708642e-01,-3.086565290031973996e-01
2.075176567152086093e-01,-3.260791173744693738e-01,4.754753862814584675e-01
-2.326140423297469173e-01,-3.443603149711029765e-01,3.975702761118566908e-01
2.914129862616996469e-01,3.794721173655687396e-01,4.017356530282129023e-01
-1.233779301366133563e-01,6.914938377343515796e-02,1.490675635661145026e-01
-2.406905505025926928e-01,3.184548251290159060e-01,4.276555014191266713e-01
-2.603021321292441348e-01,-2.151544830372443817e-01,4.121933268506534631e-01
-2.022319984560805306e-02,4.015985925596154971e-03,3.762620142157246939e-02
2.076070308995009439e-01,-1.488506143890780953e-01,4.640378801004686471e-01
1.971347928488554890e-01,-3.826245373711174569e-01,4.488662495535419295e-01
2.147496085560917090e-01,3.821298243968384023e-01,4.000787569013600775e-01
-1.972692480222355549e-01,-2.793261321422726429e-01,4.750850019403138891e-01
1.319444243448858467e-01,1.323553047296698315e-01,1.874583062454464599e-01
1.659373945422992769e-01,1.195129358865695268e-01,1.957863152422264497e-01
-1.657426128019652278e-01,1.102638763901327978e-01,1.466534287178884455e-01
1.950795429495340017e-01,-3.144191867378410832e-01,3.788001664820651593e-01
-4.907432737360195585e-02,5.663248356510786063e-02,2.190262229484796208e-02
-7.918960576173827981e-02,3.291998606251644865e-02,1.214112810381485774e-01
-2.457739077218501489e-01,2.393757974746770767e-01,3.458088975080096938e-01
-7.082932496776173092e-02,4.476797375850682936e-02,-3.781572715620199476e-01
-2.532582222266361871e-01,-1.952616604440369219e-01,4.209840896178974612e-01
-2.266423219776025899e-02,2.113610079746497394e-02,-1.170811741278973139e-01
2.426754485783275683e-01,2.564164796070823593e-01,4.631987763819087611e-01
1.869007051278144260e-01,2.611901404220215994e-01,4.443058680580445063e-01
-1.556507490482479383e-01,1.246512602023064353e-01,-3.906661383092044915e-01
2.004720819118119834e-01,2.647437053143746333e-01,3.426172923139145787e-01
-1.788538203617532352e-01,3.531913913135756866e-01,3.868863771936463802e-01
2.371579985584264527e-01,3.162489277846349811e-01,4.437403791724551239e-01
-7.525259195843969628e-02,-2.156286730460155177e-01,-1.860179477212007271e-01
-4.474464873500549889e-02,-1.402231941740857968e-01,-8.427372560093948639e-02
-3.349569192643209181e-02,-1.704632057967471193e-01,-3.655097209910451728e-01
-2.255086010249270911e-01,-3.502294807872713411e-01,3.309863798871167662e-01
1.723538767176497899e-01,1.410371546970355938e-01,1.837012358745682139e-01
-1.254217213891893890e-01,2.115404914388107072e-01,-4.690141972785009106e-01
2.211244047874908469e-01,-3.389882089947747756e-01,3.859071453969310506e-01
-6.292131224994690353e-02,-2.153800782537559355e-01,-2.044688447184467295e-01
1.502777625798609185e-01,1.267022160260978803e-01,3.431716096917053482e-01
-1.986957930475867773e-01,2.184805724729289578e-01,1.947626235453414623e-01
-1.607446668998324668e-01,-2.436885138753814850e-01,-4.644209357833593010e-01
5.297564031392087980e-02,-2.654813487940665961e-02,-9.474526484755818601e-02
-9.494082414338711473e-02,-1.716594992781439455e-01,-4.923038685820466664e-01
1.904215012066110546e-01,2.783405220349181031e-01,3.513534779062699176e-01
-3.221961993522449719e-01,-2.899219781452044842e-01,4.643420718350715903e-01
-1.934739985582089039e-01,1.301457311965125152e-01,4.485056343114839361e-01
8.029460122868770089e-02,7.605040767297965854e-02,1.850100394013484140e-01
1.602853963303590978e-01,2.949640781775036968e-01,3.092225772280616791e-01
-1.467093847179358201e-01,2.017095534027992798e-01,2.650759926822899848e-01
-1.628705603429313475e-01,1.151367186017964173e-01,1.796477479394202881e-01
-1.834167584467532031e-01,-1.345387934299190347e-01,4.219178894907158472e-01
2.033594156915903284e-01,-3.990685273072679395e-01,4.334990754910466038e-01
-1.776816113891876991e-01,2.383390350464418272e-01,-4.172533845505753680e-01
-3.922660072476213955e-02,-1.910855282551265910e-01,-1.424351420473527474e-01
-1.490183504875020049e-01,2.420051290524886101e-01,-3.658122780074899438e-01
-2.013466847585717590e-01,4.222953906370199295e-01,-4.833920785269677500e-01
3.113092949580339441e-01,-3.508444248447099012e-01,4.351077220296309944e-01
-5.719644144454194556e-02,9.425287227901113507e-02,-3.934608449919571038e-01
-2.077316764833847529e-01,-2.009189548419104687e-01,4.117055952816633946e-01
-1.759748903578001178e-01,1.701883389650560297e-01,3.931521643056469228e-01
2.954622868433709471e-01,3.022248865416798935e-01,4.064937749923052124e-01
-1.278952547720925148e-01,-4.692554785766411829e-02,6.332660470351758608e-02
-1.909613798581307753e-01,-3.739526301818573151e-01,-4.941023398944026646e-01
-1.572480571149275086e-01,1.416624623031088603e-01,-4.644783936983547523e-01
-1.319515829098769633e-01,-3.080762089940090043e-01,-3.088369179589812719e-01
-1.348310276466500035e-01,6.327906271130112614e-02,5.926015743420653958e-02
2.613809495209279410e-01,-2.498520650688833555e-01,4.765708514604400925e-01
-2.246789320789974731e-01,-3.062886441979788543e-01,4.489639468567688807e-01
2.529241445217800255e-02,-8.380452138974991971e-02,-2.001356917299337290e-01
2.354067486563546918e-01,2.867335227162361999e-01,4.649400595101293998e-01
1.572642271597646246e-01,2.545995806601630829e-01,2.684745223664318781e-01
-2.517889701173471328e-01,-3.739699563755657374e-01,4.781272606625983634e-01
-1.597155869019222241e-01,2.128748716809951702e-01,1.535750781096913986e-01
1.408222024568493991e-01,-9.148436385082459044e-02,3.232644645810690553e-01
3.236720252774942796e-01,3.623011208939047600e-01,4.875567263967690579e-01
9.030509611677495219e-02,1.000586706186785690e-01,5.933847959662730265e-02
1.589228186623186101e-01,1.518546463079732955e-01,3.386744802130691179e-01
-1.772474661338375723e-01,-9.281550353879342019e-02,-4.360721353509613429e-01
-3.201869426477512715e-01,-3.227191615083605525e-01,4.630152870948807120e-01
-6.370090603040468036e-02,1.140864939871241157e-01,1.037984136541705293e-01
7.724389769128492400e-02,-3.813209348519108755e-02,1.993110609841719505e-02
9.472145654807517801e-02,2.024516034657897201e-02,-3.930501160818622441e-02
-1.035468552973537459e-01,4.740227470137103882e-02,-6.290491133988040939e-02
1.450878399350012948e-01,6.210006502265241757e-02,1.284223964154541653e-01
1.342811158878868261e-01,8.586032806635091053e-02,2.387694040429979569e-01
-2.473135584524148722e-01,-2.948302744080238957e-01,4.514712244895517923e-01
1.871040309816976999e-01,2.017749321044414179e-01,3.641203873353714426e-01
-1.354376859605180838e-01,1.325728092547696635e-01,2.589151589110513241e-01
-2.433063742940413388e-01,2.958460335553053655e-01,4.997144199195061587e-01
8.899608338753128844e-02,8.238869637513335231e-02,5.590910409786575830e-02
8.907477405210395549e-02,-1.574730331583574783e-01,-9.205987918207281240e-02
1.314749881644996510e-01,2.185096103776670295e-01,2.576247332755164932e-01
-7.219518477287079072e-02,1.569691766827221446e-01,-3.179965893693661450e-01
1.107602229011626083e-01,1.021033743079959866e-01,1.232748718022601553e-01
-3.087325965462510702e-01,-3.504854589541792631e-01,4.548250645899828415e-01
7.574063592687063640e-02,1.765853899853434550e-01,1.383105495802459117e-01
1.811583663290882162e-01,-3.835932052469988029e-01,4.143142238120790521e-01
-1.037734350844153886e-01,-1.595627061929320023e-01,-4.294992918846526342e-01
2.078209371785404436e-01,3.225161248034910111e-01,3.122854889391456501e-01
1.470648296360119733e-01,5.876936193312487511e-02,2.154430259747940335e-01
-1.297697772943995354e-02,-1.625923960540730517e-01,-1.944740259944892635e-01
2.336515242209933341e-01,-2.753550916313396435e-01,3.320636410034328856e-01
-1.538996923770538094e-01,-9.719997195930307754e-02,-4.576566065666889394e-01
1.774656158772318637e-01,1.200398313056397770e-01,3.465389140467294293e-01
-2.959219461663389339e-01,3.069472431739491691e-01,4.517719671133860748e-01
-6.086369039820116456e-02,-7.075927921132207921e-03,1.078113759119793125e-01
2.540759057851251779e-01,3.579142539341995111e-01,4.598271579926360708e-01
-2.070677846003743383e-01,-3.165064201372345121e-01,4.163634572024692559e-01
-2.965766465294398246e-01,-2.916461218881690742e-01,3.885547488708024355e-01
9.381969786384058985e-03,-1.192129280760502175e-01,-7.168293488698973537e-02
2.103747560638226100e-01,-2.208839604068657536e-01,4.312119722028056046e-01
-1.522397902030917516e-01,2.452764447866819797e-01,3.370919596987648204e-01
-2.474895285273371881e-01,-3.285520076760287678e-01,4.220612646162562598e-01
-2.270900734548484401e-01,2.386039511463211582e-01,4.767081523589995484e-01
-1.376786936304706943e-01,2.840743134717976792e-01,-4.843661466670395876e-01
-7.253221631139794567e-02,8.056590699344612361e-04,1.811839196317399647e-02
1.195497418460944594e-02,-1.033326801048187749e-01,-2.193547192476374974e-01
-1.035021001310468813e-01,-4.307213515286389960e-02,-3.002996072775920844e-02
-1.311580233558247155e-01,-1.300345219136912478e-01,-4.297280472836711995e-01
-1.577808086799594722e-01,-2.651742363735833941e-01,-4.068103972069732066e-01
1.940984846891636861e-01,-2.711280352659356518e-01,3.878080047194368829e-01
-2.355689282852868605e-01,-1.551645966764209073e-01,3.812843843514399644e-01
2.403384882742802819e-01,2.109321286811972618e-01,4.899759865900025213e-01
-1.014593037275186571e-01,9.772344386837994445e-02,-4.546666677510916577e-01
1.575156188297883730e-01,2.216801856057446507e-01,3.459303528777217807e-01
-1.544271531556741239e-01,1.522514361418122464e-01,1.628975145651793133e-01
-1.471078932286873364e-02,6.880741094595244078e-02,-5.034757151733482150e-02
2.692734110393019131e-01,-3.921526911431187923e-01,4.875715723703546445e-01
-2.719006144548915538e-01,3.948148281837133844e-01,4.847067739745285486e-01
2.101382850935360480e-01,2.533489849455432541e-01,4.897737114472148212e-01
-1.068285224461201777e-01,1.794093441977654413e-01,-3.712810764311698097e-01
-8.409622959972617995e-02,9.714446718815816784e-02,4.833567340153721581e-02
-1.958418808281133794e-01,4.019358014634294429e-01,4.359540686682040755e-01
-1.013625062053957748e-01,-1.486617998913200012e-01,-2.785248069025303419e-01
-1.040329226799159290e-01,8.439264082575392845e-02,6.955931463397313497e-02
1.469209662320044574e-01,-2.123105687601137825e-01,3.450307275908924831e-01
4.872553763227449597e-02,-1.313687947766782882e-01,-1.703472210536013387e-01
-1.753242488856947556e-01,3.301280450839383374e-01,3.351905745153150873e-01
-5.766667669864089518e-02,-3.964868865366877326e-02,7.451700601404875890e-02
-2.579805556066863126e-01,-2.342012206608766745e-01,4.745155039538595521e-01
1.521306421127590625e-01,2.061124376708391992e-01,2.070941121046099287e-01
-2.345777812891974845e-01,2.949337178204474164e-01,4.178006191548876425e-01
-1.968634584575288393e-01,2.113452560115135492e-01,3.849805976185409762e-01
-9.338398403851666529e-02,-4.283576780094633385e-02,9.197991314767317572e-02
8.548761124475934281e-02,-1.429365747181726709e-01,-8.632218791081358589e-02
-2.057285761743173902e-01,3.135668659996372343e-01,4.292516867450811846e-01
8.826660301568833855e-02,1.424180599721318607e-01,1.504655649619466296e-01
1.633664718807913419e-01,-1.531869091063364774e-01,3.789563184081116143e-01
2.667974078587910247e-01,2.404128033862640290e-01,3.430875456372843857e-01
-1.208050897792013467e-01,-1.573753712407331973e-01,-4.223213675040525805e-01
-2.328485496172694180e-01,4.059861694965114509e-01,4.330075289647871140e-01
1.793058900639649123e-01,1.871669816237906403e-01,1.842172645965449718e-01
2.060416505735487291e-01,2.849289567924351285e-01,3.949942841501683510e-01
-5.880111481061911505e-02,1.464593392065635102e-01,-4.326566071536914748e-01
1.971662593295060439e-01,1.994291533216786538e-01,1.572030544510154559e-01
-8.383420397116159162e-02,-4.965595268473521617e-02,-4.620449231864459660e-01
2.623016023492796833e-02,-3.227849761171430742e-02,-6.396848920599507160e-02
-2.592979135922691691e-01,-3.016289506551592670e-01,4.228172902089312180e-01
-1.515869702612765435e-01,2.460447993145945533e-01,2.887831337972325274e-01
-9.502906923626108782e-02,2.478252049091826947e-01,-3.292199036631024978e-01
1.660501644323724157e-01,1.534222533270210853e-01,1.512278217219222842e-01
-1.561693027816640766e-01,7.733077462041226813e-02,1.675086892204802336e-01
2.308100072967218530e-01,3.171686596373961553e-01,3.910610821870997844e-01
2.717064655197872769e-01,2.719273302818351334e-01,3.878909744940783888e-01
2.711702798188455610e-01,-2.583746703693480251e-01,4.061967276116850156e-01
1.525004573950370368e-01,1.210474909033039115e-01,8.856980115278456633e-02
1.770250337677846675e-01,1.513209381532167885e-01,1.151804705789801764e-01
1.346359791689439867e-01,-6.274547019327714192e-02,6.278035982760066247e-02
-2.562365266829949029e-01,3.287416838066480329e-01,4.945907887143490278e-01
-2.350804720174505258e-01,2.592416526707134183e-01,3.762224818587603936e-01
-2.627098401252558890e-01,-3.894323569396378470e-01,3.902115966317378781e-01
-2.925578280450524815e-02,1.084577996796634025e-01,-3.368558833186733326e-01
-8.704576892466620031e-02,-3.382064712864774059e-02,-3.775429597766926104e-01
-3.600839143109513252e-02,-1.645614851007392021e-01,-1.199425187790549296e-01
-2.027194715140467896e-01,-1.408648899277316069e-01,3.603155249839445906e-01
-2.115103059421844511e-01,2.162807371267365664e-01,2.399469745712931035e-01
-6.979946615555676637e-03,3.517723816904816392e-02,-9.320463693152203355e-03
-2.790085994727754537e-01,-3.154657462438310578e-01,4.656085157294899135e-01
-1.847176515886779224e-01,-3.516062700916143813e-01,3.411334896388069637e-01
-1.520417992755374037e-01,-7.859168959078643990e-02,-3.796126085147909501e-01
-1.619498025012010567e-01,2.268516906671743660e-01,1.965923253735948339e-01
-9.352593042162926640e-02,1.863355688531980192e-01,1.105199304006562189e-01
-6.952930107963006812e-02,-1.717236206543304444e-01,-2.974333681626675219e-01
9.538827457840282076e-02,-3.514377985607053390e-02,1.046840759394616072e-01
-1.968685308006107304e-01,2.017292154430776474e-01,3.461325177541690890e-01
1.423326648952425444e-01,1.397490388602208311e-01,2.916394678225151527e-01
-2.067041362164390161e-01,2.573237852221070820e-01,3.433758213708256735e-01
-2.090320964858729536e-01,-2.624234178520338245e-01,3.633810494882269149e-01
5.571506075734711239e-02,2.090456308974086852e-04,-3.286184217465160096e-02
1.285878116955848638e-01,1.416829646831346823e-01,2.578493624227473635e-01
2.429550965883849889e-01,2.449941390269281261e-01,3.385308666911635012e-01
6.197615025782043929e-02,-3.333601389483509259e-02,6.524609778751089273e-02
1.976806103312637175e-01,2.119744517509490889e-01,4.526891419931565741e-01
2.408765857330085192e-01,-3.759054996063970755e-01,4.654315599110885326e-01
-2.938581198230011404e-01,3.425080355064755722e-01,4.546321768120454854e-01
-1.215254762597420823e-01,-4.563582256297227246e-02,-3.527362561043254630e-01
-1.238620169458248821e-01,-2.993912913947727183e-01,-4.310990226729557451e-01
3.078717647216410169e-01,3.072490477928213615e-01,4.777450331365118430e-01
8.677916165479526711e-02,8.867224817523755576e-02,9.312482611813421851e-02
-1.444618152081686979e-01,3.276786464444930713e-01,-4.641935030947565988e-01
-1.534813706377607945e-01,2.812933421429386627e-01,-3.620943461063904634e-01
2.772720285983242272e-01,3.800665594059117192e-01,3.910284912628704257e-01
-2.269608931103721527e-01,-1.485909713995550163e-01,4.895616869688876882e-01
1.525722846601149651e-01,3.407223456536798700e-01,3.699863907053172474e-01
3.415752314858300220e-02,-5.344049254334271026e-02,6.044460304383236782e-02
-1.052047204334825015e-01,4.744122122846827772e-02,1.958259782758949852e-01
-9.939473234169615701e-02,-7.091533550261031049e-02,-4.159962299599235802e-01
7.282157665747690523e-02,2.432410395424333682e-02,6.646604220826168863e-02
-2.772704903078748728e-02,-4.690994231979250806e-02,-1.556249872495141240e-02
-8.559756701978882276e-02,-8.200182724039473126e-02,-2.078935993169439556e-02
-1.795664120463091873e-02,-6.535061515548512556e-02,8.416071145392112207e-03
-1.494944481848770046e-01,1.177720421103202186e-01,-3.743250789237139164e-01
-9.728596038487880016e-02,1.904948180914745048e-01,-4.014463723106271864e-01
-2.090405548576924621e-01,1.632398658973682748e-01,4.699497512119817921e-01
1.097811231733645254e-01,6.199186144826307476e-02,2.087084610199367862e-01
1.681002225677873385e-01,1.426141012219632742e-01,8.632951019360934897e-02
-6.073069235286243650e-02,9.296743789779982059e-02,-3.903437254531731959e-01
-1.237610935519336541e-01,6.170408565382279331e-02,-3.564280574959822756e-01
1.104395750556866895e-01,1.803455655196029017e-02,1.127002518133072284e-01
-1.005179686499557690e-01,3.157939013126553895e-02,-3.931848249971745535e-01
-6.004666398439195696e-02,7.067770830206621113e-02,1.525886895908969976e-01
2.683922303079218086e-01,2.301638777801667812e-01,4.148840813273307893e-01
-7.988419886316555640e-02,-1.429731798076099292e-01,-3.852640495414129118e-01
3.370448036254569679e-02,4.684504089433316754e-02,-6.821174966152709906e-02
-1.038761232531226764e-01,2.154764226835613750e-01,1.877977620688815463e-01
-1.446118543770112952e-01,2.666061992657019486e-01,-3.374964996804151740e-01
1.010952069577303325e-01,-4.528330860066442920e-02,2.705034561787278413e-03
-9.098006646216127979e-02,7.918493824271122250e-03,-3.598423403092930739e-01
-1.654611321795955714e-01,3.109316467113105720e-01,3.660576917436410005e-01
-1.004010825239198823e-02,-8.591831166876628956e-02,2.495428146593037244e-02
2.118171202176855061e-01,2.330199216871647883e-01,3.569541965849138965e-01
-1.671758300783146023e-01,1.763154437715777068e-01,2.116807315424877878e-01
-1.271865546887203102e-01,2.838308158517618418e-01,2.999851166309340789e-01
9.063767250181231638e-02,2.361531084918399026e-01,2.157312416877105177e-01
9.173776015539691908e-02,5.412061727485872886e-02,4.298458302712837575e-02
-1.118576280585994454e-01,-2.131696291392870535e-02,-3.249395146237266108e-01
4.899546590393488721e-03,9.265303796699986272e-03,-1.218797839318294107e-01
-4.086270359785804107e-02,-9.398850265053793063e-02,-1.673932036142474766e-01
1.404220364560967438e-01,1.182508846143887071e-01,1.329249930481979369e-01
-1.349974988728676051e-01,-4.438125367779544028e-02,-4.484725494401406998e-01
-1.007537392236910190e-01,1.977889500681547785e-01,1.982089668778908020e-01
-8.852980723217362957e-02,8.778667323731104144e-02,-3.189934631097077755e-01
-8.906424581212113445e-02,-6.177698095988637395e-02,-4.289169768606803101e-01
-9.092386541115282661e-02,-3.155003463897598781e-02,7.530097908544419738e-02
1.139801842277619048e-01,2.509844213681299285e-01,2.624278871807744773e-01
1.875130398786021280e-01,1.784829254548965238e-01,1.742836353286746354e-01
-7.294928403150824359e-03,2.064805538523228901e-02,-5.307497295744223464e-02
3.354261479842839400e-01,3.903518935155771974e-01,4.938263904102105917e-01
-1.078753031346566527e-01,-1.907615629423942138e-02,-4.348872754375173733e-01
1.030573309318689734e-01,5.561210980733866105e-02,6.448618486236490366e-02
2.461078030992078780e-01,2.249214035692820302e-01,2.705182813745579118e-01
-1.398880626117547932e-01,1.640219928938889682e-01,-3.510036934936880959e-01
5.637557684897087640e-02,-1.330613831476378239e-01,-7.050434578474074065e-02
5.439977189626410414e-02,-7.645506683555514105e-02,1.702899712861960513e-02
-2.695062022805718716e-01,-2.602169539908905094e-01,4.976455606138838750e-01
-5.909167552802108148e-02,1.348072441537093713e-01,-3.211584750455871440e-01
-2.503476631014939224e-01,-3.398945347852021515e-01,4.870974691112186505e-01
2.166675501046889663e-01,-2.655776720125253565e-01,3.348459850097540436e-01
-2.746765677104405778e-01,2.749978797477632408e-01,4.870112276017147801e-01
2.228816435589822120e-01,1.838586237043966509e-01,4.899688179509666952e-01
3.271260306516299288e-02,1.486945373876713550e-02,8.828627775500363928e-02
7.275744078560908434e-03,-7.827199738412526919e-02,-1.671106253583346524e-01
-1.315842382450600478e-01,1.528647112531758001e-01,-4.941516474575563533e-01
-4.169989367304605121e-02,2.763503111179699268e-02,-8.412764811158102152e-02
3.316804893581060121e-02,-1.743928730506325575e-01,-2.096365138185758425e-01
9.694361213317714832e-02,1.089665588592310108e-01,3.385048155206094034e-02
-3.097583374764690811e-01,-3.521844148512661699e-01,4.729637163341015027e-01
3.002478347748643861e-01,-3.687014761429169285e-01,4.232142592716443552e-01
-9.896025241941919237e-02,-7.219665215647941281e-02,-3.561393878288121595e-02
-1.318818258540782606e-01,2.516184029163683888e-01,2.829803370277482744e-01
1.454547535836372418e-01,-1.083105140439557523e-01,3.209197710480952148e-01
5.078373570961780548e-02,-7.273705058460411266e-02,1.119874385937003058e-02
-2.049566395889930170e-01,-2.015020447945665705e-01,4.064008122852218463e-01
-1.215209291298394723e-01,-2.076821453223842706e-02,-3.771155619333282916e-01
-1.375479021063530372e-02,-1.397078568153009570e-01,-1.433206902385594228e-01
-2.408532617947798382e-01,-2.784269438097344285e-01,4.598653959803981062e-01
8.207186944439848197e-02,4.832295551432708169e-02,1.859121813201701778e-01
5.392571005250812455e-02,-4.218192741107051891e-02,-7.755733642879514278e-02
-1.294144154786470713e-01,3.173471549777133749e-01,-4.021786099906587975e-01
-1.066759902276193106e-02,4.494654767402928019e-02,-1.947720917636530658e-02
1.557471457153102312e-01,1.064561530949120760e-01,3.507586229845232051e-01
3.204131926818242215e-01,-3.570695949672062497e-01,4.619313481300398871e-01
2.355930230567395700e-01,2.203211554100460434e-01,3.868591316501713839e-01
-1.249102524062380981e-01,3.313802296516765722e-01,-4.202982490653760506e-01
2.822225391526447247e-01,-2.381981804298868299e-01,3.803274495449316950e-01
-2.478824315327896599e-01,2.203532950660740397e-01,4.950661920212926503e-01
2.860503675831528314e-01,3.232056745552853716e-01,4.363273873423617610e-01
-7.664121428968151406e-02,1.753254621265996072e-01,9.317526893169425506e-02
2.420344029253973517e-01,-2.948739242239000191e-01,3.545922436014693480e-01
-1.190355428634265467e-01,2.480017932623875820e-01,2.432404154611491620e-01
1.579277276569548416e-01,8.723250840924623439e-02,3.575002715181375690e-01
5.232938999145841930e-02,1.857632320171043183e-02,-7.864133705426001875e-02
-2.741311403353915432e-01,-2.791036693248549749e-01,3.927260101153482452e-01
-8.946965164400122461e-02,1.169168230825780030e-01,9.526621731236639690e-03
1.612488668288816207e-01,1.430910031619465617e-01,1.654354156914913387e-01
-1.563058535060221077e-01,1.891387082064355241e-01,-3.748819462552818171e-01
-2.052637813983160253e-01,3.877058124809112938e-01,4.469770273597032384e-01
-1.784060097661895883e-01,-2.085320620735792163e-01,-4.349707242255207440e-01
-7.491741360175263598e-02,1.594953344471640166e-01,1.405254972446206008e-01
-2.456166240775615739e-01,-3.246609859157419953e-01,4.651692230571655706e-01
-1.955294158743505761e-01,1.675949725515232247e-01,4.171381364083606158e-01
1.749798124894279550e-01,2.938953007003605178e-01,4.020691203581501227e-01
-3.568004249601541833e-02,-1.306768908247080141e-02,-1.217809122027955215e-01
-3.328412275427472533e-02,-7.187849963290682265e-02,-1.694044581006842742e-01
-4.911901702424548155e-02,-9.338818212892652237e-02,-5.452178349806391378e-02
-4.014085661813415751e-02,3.306107587938955650e-02,-3.495641818252084310e-01
1.230590485285369962e-01,6.850517923281440602e-02,2.210844547756892764e-01
1.897254792762830267e-01,-2.438732980004614248e-01,3.544535064388456558e-01
-3.298828119255940994e-01,-3.814796717074141474e-01,4.658752603791966873e-01
-3.463608969716991393e-02,-1.522770080379690638e-01,-7.448665569525680930e-02
-1.695188871898192229e-01,-2.871514348439206943e-01,3.323495564470749786e-01
-2.130339306205158989e-01,1.858288050839855821e-01,2.466102963591246811e-01
1.975630173657721977e-01,-3.742319239814352327e-01,3.270755315104140193e-01
-2.919707785026859348e-02,5.165328380897182825e-02,6.124040468148816974e-02
1.565354372651026615e-01,3.048174251640646260e-01,2.934916489800389883e-01
-1.394037876909069995e-01,-2.643698576582832471e-01,-4.002016844609594948e-01
-4.112156262337540724e-02,-4.840684336598177762e-02,-3.202701134540379968e-01
-2.364267232116388229e-01,-2.048310442715244317e-01,3.236191676646820170e-01
1.896312925810625938e-01,1.218897092843110874e-01,4.155045933009000603e-01
-2.578244661574392582e-01,-3.365246866453821539e-01,4.231162342780639962e-01
-6.080051537584829635e-02,7.364249209721529521e-02,-3.586942104240424811e-01
-2.064294468325589271e-02,-1.863400092182443402e-02,-4.173388832338065235e-02
-1.285239408680725059e-01,-1.988048260403025846e-01,-3.020878997880781514e-01
-4.761321662242479213e-02,-1.796181793913176339e-02,-3.376499747058023804e-01
3.884809779356435122e-02,-7.599343380515699575e-02,-2.036134110303644551e-01
5.698183202210227449e-02,-6.111308632118095385e-02,-9.423307040501482934e-02
1.700639949189520772e-01,8.825079351329390143e-02,3.901492673142267220e-01
-7.983864496108328268e-02,-2.231792066729193502e-01,-2.454250848793544382e-01
-9.368568014495903817e-02,-4.028833233486217580e-02,-3.284245412246900031e-02
1.897067429731084109e-01,1.390371624863084854e-01,2.162671184069911989e-01
9.050576855590752867e-02,2.912433257646684925e-02,1.035853991343086422e-01
-6.544773437139539407e-02,-2.032903955356057946e-01,-4.022126419039475653e-01
-2.103334247123123113e-01,-2.229463836487817208e-01,3.568322912723954632e-01
3.860095527927243086e-02,-1.690467960895040145e-01,-1.580273446005066029e-01
3.110705899853947187e-01,3.394022401028999880e-01,4.736548187094736795e-01
2.457712028768335166e-01,-3.362378630910628496e-01,4.657889749927084377e-01
-1.008413683376468972e-01,1.571240186760278768e-01,1.944121945124542838e-01
-1.166459772176795529e-01,-1.027481698723357040e-01,-3.941361007765911140e-01
1.914379399484995581e-01,3.329954593816755182e-01,3.448509271126110054e-01
1.376486050866769784e-01,1.796247206072459912e-01,1.926685205009885937e-01
-1.744171834038990010e-01,1.268143014672318269e-01,3.558955870113630349e-01
-1.393104690805549994e-01,1.405965658968120202e-01,-4.721687835912502518e-01
-9.776349778178905492e-02,-1.219260428866894008e-01,-4.318948221240950236e-01
1.734045148779503887e-01,-3.130546024747795641e-01,4.094487618648212646e-01
-1.809893490867962029e-01,-1.468523604919335090e-01,-4.965767728458359009e-01
-1.112504529821430888e-01,8.966552371398395227e-02,1.155442990931148106e-01
-2.950108120241520249e-01,-3.976467441316144935e-01,4.121097536592909227e-01
-1.983527684655650436e-01,2.784404704396905572e-01,-4.832348316838139812e-01
1.279941288107979691e-01,5.182473198077730547e-02,2.022889314531635119e-01
2.633800692367157525e-01,-2.768516371768279249e-01,3.523448164757804202e-01
-7.129536916939371860e-02,4.453723089236605315e-02,8.862650326891874375e-02
-1.959471834039627769e-01,1.586608735725775210e-01,3.340673466341462783e-01
-1.815129174606218143e-01,-3.615008958997625310e-01,3.223897267774307185e-01
-1.348153363504626112e-01,9.626980265585516339e-02,1.359916420964226713e-01
3.023269682277671677e-01,3.829458601414845731e-01,4.551897608368571380e-01
-1.782248558076172662e-01,3.522213834392332599e-01,-4.089424155882902534e-01
4.487007788233221550e-02,1.107248753696835619e-01,3.157010960355777218e-02
-1.747923333344324481e-01,-1.395376385083325621e-01,3.392524694881884351e-01
1.118178034797717713e-01,-4.334655756725869225e-02,8.364088157641358379e-02
5.180105637961651688e-02,1.047826314906126211e-01,1.150086667391678752e-01
-6.227829372086768345e-02,7.175640204767741448e-02,-3.988048636801456714e-01
2.459819608836584237e-01,-2.959674329827035599e-01,4.245739949677024283e-01
-7.510839587854545307e-02,1.946636153709880857e-01,1.271440251236797270e-01
2.503911640555206430e-01,-3.403701553408640113e-01,4.915417774037175169e-01
-1.806107856675130963e-01,2.382229628504860530e-01,2.019237643999861609e-01
-1.945485706749248145e-01,-2.535427473664988440e-01,4.450747205853767818e-01
1.468786433879156750e-01,2.745577064992830163e-01,2.949714578911007967e-01
3.462020573616741981e-02,2.094503357257904153e-02,8.260073151416313930e-02
-3.095253201659071696e-01,-2.861258199906854260e-01,4.868725425623948722e-01
-2.711806892354465814e-01,-3.633353375008817610e-01,4.197392066113262432e-01
-1.339987738298288322e-01,1.563040322869080345e-01,-4.666455466670708097e-01
-2.003477640855276798e-01,1.454104048323061615e-01,1.999946676056829631e-01
2.757280850693717422e-01,-3.934734585895400816e-01,4.495096371968444471e-01
1.942366521040516103e-01,-3.443321196743450718e-01,3.982528738167872007e-01
-2.864541767172821274e-01,3.548204243856442064e-01,3.773993300809664886e-01
-2.002318891384980981e-01,-2.609741686022593044e-01,4.055970608986150250e-01
-2.115836327535446371e-01,1.737761129498883728e-01,2.606896052072773529e-01
-2.574942299419227254e-01,-3.189802548405058502e-01,4.528115204879499256e-01
-1.671792729928222032e-01,-9.777855982067773510e-02,-4.559454758779436512e-01
-1.439555239119079122e-01,-2.588043067455938484e-01,-4.306984319788084159e-01
-2.337344001906332958e-01,-2.993823844365707254e-01,4.899689481877413932e-01
2.270867934757481166e-02,-7.853845173256868151e-02,2.741003764894056616e-03
-1.926656386768184070e-01,-1.446226960337217982e-01,4.015310217547651828e-01
2.220806245824563652e-01,2.824906931219574036e-01,2.639629030740956450e-01
2.128576051536918978e-01,-2.102908441960789077e-01,4.075804301367705884e-01
-9.463343916439714842e-02,9.134173042350834937e-02,-4.649551119053407788e-01
1.296097008731553757e-01,1.770799072217417169e-01,2.099053171698519460e-01
3.173719076648139348e-01,4.130400668426464916e-01,4.550753970142216165e-01
-1.877926670283978083e-01,-1.086833207283727232e-01,4.464503012480938171e-01
-7.612319802059752671e-02,-1.478378067566451515e-01,-4.595658966990791017e-01
-1.931461825127966936e-01,-1.507277774919217883e-01,4.147546749738199034e-01
-4.918061349803681814e-02,1.166577960177613837e-01,1.221982584638486857e-01
-5.660434817363479976e-02,-1.304833167331392874e-01,-3.305150454472886024e-01
-8.186383058046686756e-02,-1.060761590189319703e-01,-3.975900751100506225e-01
-1.215832007871797682e-01,9.206382440674509837e-02,-4.242192879122708149e-01
-1.572905733819586205e-01,-2.368462063776932691e-01,3.363939393813822898e-01
1.597115442093602899e-01,2.757668558024909400e-01,2.523506800841560649e-01
-1.995701387806270155e-02,-1.094602976079350753e-02,3.690667094173361029e-02
-1.294763326588835861e-01,-3.924333687636971657e-02,2.047290344821994790e-02
2.705274199772433885e-01,3.204522348988444458e-01,4.413350196718097695e-01
-1.023890089580665741e-01,2.931188613469187798e-01,-3.257716343717977914e-01
1.185083460818864287e-01,-1.123524076690241014e-02,1.091957357541258888e-01
1.963068744879852279e-01,-3.726901632533541342e-01,3.846836028600091328e-01
-2.337280102934087278e-01,1.776734135587850760e-01,2.694696353257253207e-01
1.860718542035224576e-01,2.255916610425837687e-01,3.732927218954238402e-01
-1.683957552528433377e-01,1.676227682465705193e-01,-4.030230078265223392e-01
-1.821209655048695586e-01,2.749568087797551463e-01,2.847912492465228818e-01
1.131099723747368557e-01,7.787034412248949877e-02,2.978013061770334868e-02
-1.466130874352472580e-01,1.173774959773175031e-01,1.803782864428353783e-01
-1.502360902905975903e-01,1.353996352155153460e-01,2.959828971417303167e-01
-1.321522317779929567e-01,-4.968285637402947152e-02,1.532388081030466864e-02
-1.587357785466195770e-01,1.943294763252196855e-01,1.489576487303663210e-01
1.434621369623133580e-01,1.754094148535028097e-01,2.196551491980975879e-01
-2.999396695758771436e-02,-1.119379544747917121e-01,-9.747085919723685876e-02
-1.748527358224197803e-01,1.209336747280396196e-01,-4.255288066925108081e-01
2.298666489207932262e-01,-3.378412072999146254e-01,4.109399211931886731e-01
-1.057957489850143151e-01,-1.881277125100300207e-02,-1.668755640334518286e-02
1.141740859509927652e-01,1.808441211606646171e-01,1.170863201778209461e-01
-1.353895867138128484e-01,1.389167465392096013e-01,2.311932279014027314e-01
1.891603655739640955e-01,2.351077600788163968e-01,3.747919789311459082e-01
-1.393817810088300302e-01,8.420423985446456872e-02,1.764140771530832152e-01
-2.404874371728555893e-01,3.684536472902842918e-01,4.736184567969037307e-01
-2.201253854282966271e-01,2.403752515092265618e-01,3.657138027316639839e-01
-1.189084523651664504e-01,7.686850419814184043e-02,1.305269049168519269e-01
-1.081041918657682510e-01,-1.172230313316452444e-01,-4.991137489759214230e-01
1.349503117908490424e-01,1.101552039666866545e-01,2.195260296828617230e-01
1.787908242242650658e-01,-1.773368954842928780e-01,4.007568827795267019e-01
-1.223685556557653209e-01,-1.638172407063996916e-01,-3.436170911649353288e-01
-6.585259751579508603e-02,-6.688636498634259464e-02,-1.169286021284201560e-01
-2.396619566701607695e-02,-5.487242606805819989e-02,1.655590593004163669e-02
5.494668185189177656e-03,-1.336799683233564906e-01,-1.893816451398370182e-01
-1.114911505294460259e-01,-1.739592207900581000e-01,-4.711679009902127735e-01
-2.383111106771140797e-01,2.034339652254903985e-01,4.437609729883721377e-01
-1.281114558385380020e-01,7.736166190838833501e-02,-1.005717325882926616e-02
-1.673686994471911271e-01,-2.703150879360222136e-01,-4.077898089861951014e-01
-9.992953535039861279e-02,-9.183107042366844830e-02,-3.781179973152286600e-01
1.258226582496277945e-01,1.468615098500438698e-01,7.772212860806482215e-02
-3.075841604015672193e-02,-1.303974059916993555e-01,-2.871734299945257751e-01
-1.831088560906654061e-01,2.362277540370725237e-01,3.987320938589835606e-01
2.318192194390159555e-01,-2.607475430933147154e-01,4.416839613868953629e-01
-2.317432261678716854e-01,2.212984569491945885e-01,2.498777231349623706e-01
6.957553601622556982e-02,2.018859948109075209e-01,1.591570668099439034e-01
-8.191704428318047349e-02,-1.522582909372940385e-01,-1.052720197936105606e-01
-1.808256822226894656e-02,-1.345413943993205574e-01,-1.540715951003162054e-01
-4.529098375806084320e-02,1.659819292579322036e-01,-3.723311888126320524e-01
1.448386848455631704e-01,1.318737287851358131e-01,2.662400954752147664e-01
-7.427229842318361364e-02,-1.786303307893046810e-01,-4.035953327583600148e-01
2.379450390250422709e-01,2.512557302921302194e-01,2.780726854492060474e-01
-1.948190210847129400e-01,3.253694948087635375e-01,4.346942646424186707e-01
-3.575747606550661040e-02,-1.381353702012348972e-01,-3.468998071012834306e-01
-2.524244396581026839e-01,2.977944877048795957e-01,3.095540535584577757e-01
2.449211874552392754e-01,2.622395580343815924e-01,3.686661261682736557e-01
-1.167062532541069952e-01,2.252375855802851712e-01,-4.500492359903048856e-01
-6.699740058724668046e-02,-1.124768408322780466e-01,-1.672618224357077521e-01
8.913249608334949947e-02,1.940844830259991216e-02,1.081066336551017582e-01
1.624386461188815911e-01,-5.933400875673178199e-02,3.574078645254732400e-01
9.430101553588920993e-03,-6.535482552184213034e-02,-1.181887922766284849e-01
-2.310317494040524666e-01,-3.619983143126327407e-01,4.167906055917069974e-01
-1.008610637037542501e-01,1.136070070878172356e-01,-4.929562297372567237e-01
2.174653404397821621e-01,-1.529525193517050630e-01,4.563212322297491852e-01
-1.919084609335326430e-01,-1.506654103452682580e-01,3.333056262892798438e-01
-2.366256734813292351e-01,-1.989723787591566317e-01,3.726223588451391677e-01
-2.525990746437204448e-01,-3.840191624752058441e-01,3.909277775002966138e-01
-9.997455688338230395e-02,4.036461560086423983e-02,-4.725101341097179830e-01
-1.297617659185266170e-01,-6.771325979694198249e-02,-4.246889402506651701e-01
1.038201030155947446e-01,1.002975512202541886e-01,2.457809192629570871e-01
2.676489671710745588e-01,-2.005402053579898869e-01,3.837561106879849859e-01
4.246161729208774993e-02,9.534027601689321063e-02,-2.990564092057113044e-03
-8.367095045755623683e-02,-1.654219426753458233e-01,-4.175135058306640445e-01
-1.988398434431759565e-02,1.372753711559526746e-01,-3.388931602361771045e-01
-1.296295374848255300e-01,-5.186904797131330902e-02,8.159551666391307023e-02
-2.459068337011655059e-01,-2.668823648867922893e-01,4.970107137647107320e-01
2.684194907865324886e-01,-2.121206497233990573e-01,3.867221558514489788e-01
8.580280789927086094e-02,1.520997647927053720e-01,1.750797069778331494e-01
-7.432723006123109766e-02,1.203076708761530167e-02,-4.759321138273975293e-02
2.790712752298679655e-01,-2.560548762807665080e-01,4.903444903648013220e-01
1.803323985072146085e-01,-3.249022333856027567e-01,3.492445369324231885e-01
1.914273274513781375e-01,1.766171723620028056e-01,3.098788680439330534e-01
-7.755627297222922323e-02,-1.681178220930107381e-01,-9.517233309779427053e-02
-9.265393671452781810e-02,-4.595639041800103630e-02,-4.299917105766913883e-01
-7.403748053769765303e-02,1.231617078608959748e-02,-1.150946624692765763e-01
1.821881425394328291e-01,1.693806182366897062e-01,1.265009072442103699e-01
-1.404380911262237408e-02,-6.039690338577707873e-02,-1.902729472955566603e-02
1.547712364930600160e-01,1.536079588789864836e-01,3.557620098944814790e-01
-1.466698338990422013e-01,3.338638919575537267e-01,-3.530353908659320528e-01
-8.371442276990925802e-02,4.461186663290284127e-02,1.433853409801987278e-01
-8.168378541019272188e-02,-1.087903980300357620e-01,-3.372066202083361386e-01
1.070108434278020937e-01,1.968688979579471532e-01,1.941243051427238298e-01
3.379835267259667653e-02,3.120287859149051268e-02,5.821452266342641568e-02
-2.070389559469757446e-01,-3.692896605621569517e-01,4.080554433077600018e-01
-8.638165267956376958e-02,-1.998781501801871752e-02,4.315634672952950446e-02
-6.766373913228707071e-02,1.962111134881259211e-01,-3.804586687300128833e-01
-2.060322149005500147e-01,1.813733376874431258e-01,4.849078774646270462e-01
1.677638185342845700e-01,3.009341243806932242e-01,3.019377599212056396e-01
-3.513844631546336750e-02,6.362048930122243817e-02,-6.575476411867964277e-02
-1.465741000790030668e-01,1.356691680263006905e-01,3.561365405716321320e-01
1.363552821283288141e-01,8.480549938146386690e-02,1.434288992752863479e-02
2.258825757461165873e-01,2.219886881532565637e-01,3.320184342113547959e-01
-2.168808366137109367e-01,-1.978532799159921085e-01,3.224342102041736213e-01
-2.787297235783713356e-01,-2.772775078704062812e-01,4.836219852185336121e-01
2.384934410606519561e-01,-3.725912594294048530e-01,4.472654120692001189e-01
-1.185302798037679572e-01,2.036247336682315279e-01,2.263275712470246281e-01
1.887668103191395552e-01,-3.716545313004553375e-01,3.808102471124338306e-01
-5.719221977277988422e-02,-1.064647360762644990e-01,-1.959863162879567078e-01
3.458334374493532426e-02,-7.052107876378133078e-02,-9.706366361865637060e-02
9.436264029720953239e-02,1.125547712868576467e-01,6.821242585151388038e-02
1.666866704277151223e-01,-9.600739810004410568e-02,3.372306834680003362e-01
-1.291179911572176708e-01,1.309515140721378978e-01,-3.778809833609299007e-01
-2.904671485440188938e-01,-3.548835104541847585e-01,4.202540109638509547e-01
-2.658918530470223418e-01,-3.026531901382445433e-01,4.087535990440428479e-01
1.574055573489649973e-01,-2.026935940564447147e-01,3.469407274373123018e-01
1.932101209031134026e-01,1.918166406040137106e-01,1.775226593584553481e-01
1.529423115430321722e-01,1.917238966919526666e-01,1.746008229526097022e-01
-4.070612956844943398e-02,3.040021306298434922e-03,3.150172868309242258e-02
3.155848884522700626e-01,3.401197691915324173e-01,4.437394438673825103e-01
-1.117293334634285040e-01,8.767543874194183573e-02,9.683483910313606113e-02
2.317820350005993513e-01,2.249391111458320935e-01,2.813930584178502281e-01
1.689907416664144790e-01,1.610363623231509944e-01,3.994423610949252579e-01
-1.108202729289547994e-01,9.759913912687900872e-02,6.752423561375608951e-02
1.467926450751129153e-01,2.000945787836364564e-01,1.637192141231469389e-01
-1.792632024852296446e-01,1.149480286302319021e-01,1.229788145186602177e-01
-6.283220908757669587e-02,-2.855500756838380561e-03,-5.300084983788311277e-02
1.645054516737580741e-01,9.590758285316447473e-02,2.546926016291486405e-01
-7.956370898380249468e-02,-1.211061157228808804e-01,-4.819211794630789969e-01
7.562002975681736405e-02,-1.062523974526925485e-01,-8.182306610306211425e-02
2.356189684619791613e-01,-2.478922995816073005e-01,4.113893529325924892e-01
-7.923779653863571859e-02,1.261634710762610245e-01,8.438893983682371758e-02
1.847240528240040591e-01,-1.584542590130030293e-01,3.923821264485662930e-01
-1.609566319099193787e-01,2.223964141908578718e-01,3.779364892856519331e-01
2.165277735032362649e-01,2.251010110331636005e-01,4.925190438232388557e-01
-3.058833700276145651e-01,4.084771144338587012e-01,4.880148503899390811e-01
1.819797425054702211e-01,-1.304162938040561714e-01,4.270888299317007197e-01
-8.806811774498146672e-02,2.766497856991889659e-01,-3.744451082263280384e-01
9.883125421084459905e-02,-3.296852205413447479e-02,-6.323316073829698958e-02
2.433058481948363605e-01,1.928101970204472160e-01,4.517761156685418111e-01
-2.756849216364348765e-01,3.833041749981672686e-01,4.663983064440709869e-01
-1.717196366436025690e-01,3.060181472288363569e-01,-4.343571816117725026e-01
-1.049729991849255306e-01,-1.914945321624360597e-01,-3.589671699099914459e-01
-2.848394544450867372e-01,-3.783354066895063816e-01,4.297919255216040568e-01
-3.906897250855545511e-02,-1.708176949243391807e-01,-1.677651547193289572e-01
-5.538260106271020167e-02,-7.195104275194075250e-02,-2.794718452164479672e-02
-1.106859460454800992e-01,-4.593038477126731856e-02,1.497637760776093785e-02
-1.433051104152779365e-01,1.844472869163896744e-01,2.582802999556683687e-01
-1.980891410644002315e-01,-3.959104295314312960e-01,-4.824155502344681379e-01
-3.154187603012690300e-01,-3.495291855594135910e-01,4.501431499550115900e-01
-1.156853828601100975e-01,-1.817130316080510788e-01,-2.726516281790840601e-01
5.853585791941684491e-02,8.819656113960183674e-03,6.964766418903423073e-02
-3.085090275634326806e-01,2.887600774383268787e-01,4.768696062018373816e-01
1.651879800733705439e-01,8.874604972602029296e-02,2.148550476614736748e-01
-6.815572404405867424e-02,9.223269495001185092e-04,-4.563816110414676830e-01
-9.525376963116161111e-02,2.049025854924617640e-01,-3.708517392328962714e-01
-1.970984696557266380e-01,-1.280267892016359044e-01,4.177822814915577165e-01
-1.216280575907356942e-01,1.327899827583050030e-01,-3.625164206687597757e-01
-8.089783019710683476e-02,5.109198353109867252e-02,-9.930508257671055716e-03
1.434342801754748820e-01,-2.645190198767480849e-01,3.269409967117672400e-01
-1.523831231089953775e-01,-2.670642194334286179e-01,3.299855901725221585e-01
2.418788353045741024e-01,-2.167484707998500459e-01,4.608292367053106187e-01
-2.496499246451693299e-01,-2.309006378471227805e-01,4.568951449710280110e-01
-2.011343531438828380e-01,3.148797586691529649e-01,3.655751781692058167e-01
1.570234225197065792e-01,-1.067852240389346452e-01,3.680415867847429690e-01
2.148973402363595353e-01,-2.022206394163736931e-01,4.812913134401870519e-01
7.439256980795339036e-02,-6.082105335646559308e-02,-1.240975454589559046e-01
2.497367402444912177e-01,-2.818100515888795066e-01,4.624883361132522408e-01
1.208533477781543741e-01,7.498416227282411750e-02,1.477342027446434392e-01
2.656760781069289479e-01,-2.803113640477671309e-01,4.590335548213853034e-01
-2.782062124039526019e-01,3.591524736222005965e-01,4.470612366762923839e-01
9.014981531187726826e-02,-2.203957992973026858e-02,-1.390009429034688715e-02
-1.406582531393841817e-01,2.368227356921005500e-01,3.406590007364689310e-01
-3.015341665889818001e-01,-2.647825323003526465e-01,4.806512432802788615e-01
-2.569807157512886686e-01,3.491441159076388301e-01,3.537388997907815469e-01
-1.313454356786277755e-01,-2.829580428665837699e-01,-3.591588061980950375e-01
-8.147679804723739760e-02,-1.669379191512313509e-01,-4.268183894263737344e-01
3.337040609376084044e-01,3.743904532205258873e-01,4.682632049524942941e-01
2.126680426723952522e-01,3.164396565362803670e-01,3.688798565500681637e-01
2.692708553279744566e-01,-2.211057494456101225e-01,4.426340635664020029e-01
-1.762812066685137680e-02,5.730055255098165379e-02,-3.792502860796842512e-02
-7.778623332384482225e-02,2.286826384012990987e-01,-3.924824380043198113e-01
5.482192632362981044e-02,-1.598537110965992936e-01,-1.508810714169248612e-01
2.745976480966062505e-01,-2.388569596574088294e-01,4.686366267142821895e-01
2.240755014375893639e-01,2.597100263965259614e-01,3.318510346306881020e-01
-1.050412564648951497e-01,1.873712545607322255e-01,-4.498093615231464337e-01
-5.975983149974839481e-02,-9.904279569031348984e-02,-4.084103589266895318e-01
-5.290827054423441478e-02,-3.790576238820886346e-02,-1.896197489150468485e-01
1.081707776945611821e-01,1.541730610570162252e-01,2.504995638652257606e-01
9.201473468301435421e-02,4.140946193088990146e-02,1.468960685749819417e-01
-2.202422871382804237e-01,-3.081550097091368956e-01,4.361409087288442565e-01
-9.564938131590061676e-02,2.879216967752729062e-03,-4.226343590638459435e-02
7.327813593536336434e-02,4.855524282913503686e-02,9.438443523482498154e-02
2.430023301933192936e-02,-7.101423988446153857e-03,5.338004065936652331e-02
-2.996054905346678954e-02,-6.100585405011238471e-02,-4.611344298460795521e-02
-1.407907037912030646e-01,-3.125582675190435866e-01,-4.939895059829881863e-01
-1.710298646016018553e-01,1.159030220820270740e-01,2.534390694485556539e-01
-1.596235142757931325e-01,-2.835841953662034953e-01,-3.719770920258860247e-01
2.090112174010461121e-02,1.051750574547655193e-01,2.010408991794254696e-02
1.920287736480563723e-03,-1.249695977821716486e-01,-2.833647272817817475e-01
-3.195255524249475121e-01,4.012196966932956022e-01,4.429777344550760443e-01
-1.974558743082543977e-01,3.161912551956184148e-01,-4.766353556388936985e-01
-8.110407422604237748e-02,1.748016156633124263e-01,-3.476641551023600396e-01
2.775529681872515031e-01,-3.522802402456635118e-01,4.320213422351444343e-01
-9.683408401855408965e-02,3.189697372277688903e-02,-4.976050390727133621e-01
-1.630796835414093371e-01,2.969215353798413393e-01,-4.842872464990983783e-01
-1.578448517104202864e-01,8.862708483985859420e-02,-4.432929516688391969e-01
9.656611469603038067e-02,-3.817598910907571419e-02,-4.312537904171109826e-02
-5.113954964114220125e-02,4.578930321297347561e-02,-4.042678948865879862e-01
-1.443240405364631940e-01,-2.384394360465998952e-01,-3.426538461744268460e-01
-8.251592942834962141e-02,-4.078805342729807659e-02,-1.066148741640929876e-01
-1.759520919357673296e-01,2.491926919661504591e-01,2.131084834906080694e-01
-1.111739886718481340e-01,-1.694370033022949418e-01,-2.662170893666920835e-01
-9.501316003730297943e-02,-1.043138891273828195e-01,-2.374144689357990945e-01
1.449111909805708143e-01,-3.465981960800990080e-02,9.522266178577187823e-02
-1.470732313295779470e-01,9.771856411445212220e-02,1.768889634780885789e-01
-7.660640028070209162e-02,2.552737683522346979e-01,-3.331670783932381141e-01
7.575317908128653688e-02,-1.175575998394556843e-01,-4.256662239996011898e-02
-2.260611107991340463e-01,2.552177402930934091e-01,4.848578252159657653e-01
-1.123015222169448935e-01,-2.278052661724241368e-01,-4.927041977158078678e-01
-6.954661038179454913e-02,5.388787313209619789e-02,-4.377258564041107691e-01
-9.396649720156102781e-02,1.042269843758841796e-01,1.411133625378973022e-01
1.871710916435772587e-01,-1.867180925262160729e-01,3.842505441646384412e-01
2.353177327830223708e-01,2.996474677921433516e-01,4.825945292551954147e-01
-1.836900826421938859e-02,-1.292945068769981720e-01,-2.921845755035819003e-01
-2.998823370742269567e-01,-3.531627401364135777e-01,4.544269570084856769e-01
-1.262559234978359868e-01,6.757081623497662726e-02,-4.253628703242985365e-01
2.981426902188999417e-01,3.054448204106793296e-01,4.676005668388697467e-01
-2.512730774491763741e-01,3.550717796210403066e-01,4.275883239056957885e-01
-1.451217850299666434e-01,-2.444672220246221217e-01,-3.842259368796019370e-01
-7.359744988628391660e-02,-1.732103591304829937e-01,-3.876123268882832873e-01
-7.938073145010637877e-02,1.735333281364436209e-01,1.875859191407768245e-01
-4.545470444649291064e-02,-1.643138586838852611e-01,-1.597808952893138290e-01
-1.704531808875556775e-01,1.210293490918719073e-01,3.424275307677031588e-01
2.656544590242874149e-01,-2.697157722560338255e-01,4.992843297217665066e-01
-2.481207632357029791e-01,3.453682520818390778e-01,4.663404627385694390e-01
2.848120273426759663e-01,2.606978058319876501e-01,3.623890286817610384e-01
-1.169503188477715172e-01,1.939677814223456087e-01,-4.613182090386950263e-01
-2.656360846045862090e-01,-2.530483737724871229e-01,3.801147580736494724e-01
2.674554693628169444e-01,2.134036163162517097e-01,3.853553449523102747e-01
-1.872988223420017917e-01,1.237160438880205993e-01,-4.540946947094385289e-01
-1.606631485956532268e-01,-3.036752034628320551e-01,-4.417332542110566918e-01
1.851293169376768688e-01,-3.637116357438834324e-01,4.022982123408802568e-01
2.601800529467991341e-01,-2.067327798274856132e-01,3.409021946572207140e-01
-4.377617158235880268e-02,9.683169408602632089e-02,-3.639936086194315301e-01
-2.417083865788888231e-01,-3.778774642536791850e-01,3.875433588493921722e-01
-1.958866834461949757e-01,-1.441096042279781386e-01,4.166042034587020826e-01
-1.453648194103097646e-01,6.971807720345912784e-02,3.302484392278607350e-01
-2.448209241684491388e-01,-2.588195888396740418e-01,4.099027184370991339e-01
2.716988183699466930e-01,-2.418904266923734836e-01,4.738005754602329089e-01
2.296700072947214233e-01,-1.564393551264412485e-01,3.872527950523353413e-01
-7.859235775115691602e-02,1.605952029523273206e-01,1.450890779292368649e-01
1.896216511424396733e-01,-1.298336416655806458e-01,4.352190763952255015e-01
4.746909814877919853e-02,1.181148946450355508e-01,8.566259838032763696e-02
-1.914317092606230286e-01,1.305354709144082026e-01,2.290083801204934044e-01
-7.418212874530794032e-02,8.560660455680491054e-02,8.051928743192660054e-02
1.496507049839761461e-01,9.525586954468845402e-02,2.791443515188517521e-01
-2.802846126604255916e-01,3.202891592153546130e-01,4.336049636807632890e-01
-1.440114198057036443e-01,-4.771389488654353972e-02,3.309583850591218956e-01
-1.869463651307590180e-01,-3.656910076030293055e-01,3.318778397695762994e-01
7.849583356399625345e-03,-1.321716156021464084e-01,-1.360741784654952991e-01
-5.979297114391357582e-02,1.484934806105187022e-02,1.205523663544991742e-01
2.558223799168446444e-01,3.214000219018191551e-01,4.863842446003789899e-01
-6.066312453386624171e-04,6.491830181194258031e-03,-7.811592592050786710e-02
2.059716319596323064e-01,2.940759910047399117e-01,4.786979463133802515e-01
-7.749295685147894464e-02,2.244387158046138309e-01,-4.085024549658822224e-01
-2.360898614367124004e-01,2.098452976130957826e-01,4.777509570209975687e-01
-1.528485110974853178e-01,8.988944628215755905e-02,1.667601217681574655e-01
-1.427984943530853368e-01,7.568365049616376794e-02,-3.979040625108063445e-01
2.799221502273270268e-01,4.059603638905617817e-01,4.531343817594972734e-01
-1.726167077516972403e-01,-3.617807676467719169e-01,-4.808806065511500583e-01
-5.504253248087875861e-02,1.259355202372650639e-01,-4.127482438710029511e-01
1.179774776104366429e-01,-4.145601293503697882e-02,-2.060953849729074694e-02
3.131817437296062767e-01,-3.793757064158970183e-01,4.623685524252287848e-01
3.052328239441564062e-01,-2.941380213910470554e-01,4.659239930772229865e-01
-8.988251778973888051e-03,-5.525204155309992871e-02,-2.346237851211740999e-01
1.271479313093649699e-01,2.924657859412832517e-01,2.648480495579399463e-01
-1.678397478630183626e-01,-2.919843345935074774e-01,4.004500961089819677e-01
2.178578407723594790e-01,-2.044510044138997396e-01,3.233576432698604952e-01
-1.689318858401883672e-01,-2.835000392946126491e-01,-4.164779760889953941e-01
2.733633376652896407e-01,2.637872712081892335e-01,3.790583629017084677e-01
-1.277579244497621946e-01,-1.327302380794839198e-01,-4.192403612617294772e-01
-8.770090595781665499e-02,-7.998371578112972724e-02,1.364314337657346332e-02
-9.892059668223773805e-02,1.581760226636357292e-01,1.076432400037888870e-01
-3.467054022161175642e-02,1.049923876929192978e-02,-2.995629642723585118e-02
-1.010342954231148171e-01,5.665569846896001405e-02,1.207820327752828771e-01
1.621954779930039336e-01,-2.254081388412019216e-01,3.802465677854107717e-01
1.572594612827739047e-01,1.412939811238012044e-01,2.644132324599113293e-01
-1.733337222463315896e-01,-2.582073414072081352e-01,3.979292735306172446e-01
-2.451234152080274953e-01,-3.767435220530278572e-01,3.773398479901257652e-01
-1.385192353832026546e-01,1.025295735752748127e-01,-3.484476990406705221e-01
2.022816340375274136e-01,-1.212582968966343655e-01,3.740724114738044337e-01
1.880180424820520058e-01,1.865043740819372076e-01,1.714595904804530058e-01
2.817305414883930492e-02,2.855678705372943771e-02,-6.030129058805144826e-02
1.600680478688354391e-01,1.025542529923373358e-01,2.351761726450402046e-01
3.261343499872360052e-02,8.396677896821203024e-02,4.866044925872003990e-02
2.487632107095539835e-01,2.130054028714092329e-01,3.126705845896313729e-01
1.779438905340402499e-01,2.430740460607375697e-01,3.607539477032515318e-01
-1.446790681824099423e-01,3.405340018001619118e-01,-3.564860842475531255e-01
3.225984327094451043e-01,-2.939467839599784194e-01,4.924895904327479812e-01
-4.961638281274183271e-02,-8.774398630375279673e-02,-3.411544421038289476e-01
-3.167999936593046684e-02,-1.228604725078126236e-01,-4.746304682526691909e-02
-1.735250613791348151e-01,-2.970634190482641657e-01,3.279373644516506703e-01
-9.200516640761702281e-02,1.286356601915494835e-01,6.419099776522874112e-02
-1.368615523113932975e-01,2.964852329549932941e-01,-3.438794434866830896e-01
-1.680046006860552721e-01,1.090584656224593552e-01,2.259231797402485586e-01
-5.178142399054519451e-02,-1.565453243267168615e-01,-2.090707005097810489e-01
-1.407848679199281694e-01,1.477760230153346566e-01,3.431593435019548721e-01
-1.980797849521978016e-01,3.864525474543030192e-01,4.319419334850623793e-01
-7.349589636880948795e-02,1.724476090638746850e-01,-3.924637138127460290e-01
-1.515835017375890548e-01,2.287392605053987227e-01,2.460802532129945375e-01
-2.272274235670123099e-01,2.582977426312460523e-01,4.514239000777574562e-01
2.981437423490015393e-01,2.946627554560338202e-01,4.767341096059949379e-01
-1.548327747298150481e-02,-1.412443469119765149e-01,-1.128943793582826149e-01
1.425357479878923694e-01,-7.753030178508757420e-02,3.243352858965411478e-01
-1.826056791102285137e-01,1.330309754839140712e-01,3.125465667916793588e-01
-1.156125061393287190e-01,2.869863813801560859e-01,-3.973329312777408306e-01
-2.750674297212400976e-01,-3.022190296542730525e-01,3.986016843289094114e-01
-2.044887968104694975e-01,-3.081651294323245471e-01,3.750032317801531567e-01
1.649373759676453499e-01,1.128144315675441156e-01,2.491859987060388582e-01
1.238134455778054921e-01,7.282901876007907838e-02,1.313895023001676599e-01
-1.862049200297701823e-01,-3.497027757301286455e-01,4.539349263727239236e-01
-1.106512519897894231e-01,2.297868658059594171e-01,-3.182857763159790965e-01
-9.223983336300356495e-02,1.792062129786291536e-01,-4.212732892773086713e-01
1.778661950853202001e-01,1.509811386393798971e-01,1.322886434576158177e-01
-1.696162656535022961e-01,-9.538572367524467133e-02,-4.324926457065989549e-01
-1.760151910296021693e-01,3.388549536433619336e-01,4.196863052859906018e-01
-7.849366596586748734e-02,8.911001300525489555e-02,-3.234016443877366642e-01
-1.374911863814465285e-01,1.267087528141329633e-01,2.459517660694506835e-01
-8.678408170777529573e-02,1.011702988257875413e-01,1.701356908166431481e-01
3.126776600947931417e-01,3.913677312209721260e-01,4.765527011587011863e-01
1.805142994972442905e-01,1.837193365415049628e-01,4.133302613157093797e-01
-2.244472294295258852e-01,2.003808852159858489e-01,4.897625784928802961e-01
-2.252923624904468181e-01,-3.460134236774049521e-01,3.532879539955787740e-01
-1.002208996416518172e-01,-5.025221680332048191e-02,-3.250140791672485596e-01
2.004213362379162477e-01,-2.715524313967684344e-01,3.605113506809943802e-01
-3.430179248414144677e-02,-1.519255127774934433e-01,-2.895813117066471376e-01
-1.332119645789521245e-01,-1.641214636962372575e-01,-3.803785074290753077e-01
7.010820322946187400e-02,1.226985280883020613e-01,6.185569371545429629e-02
2.240766664187100465e-01,-2.413514317294366274e-01,3.730202730535119304e-01
-6.081620248103103421e-02,-2.264381783753932620e-01,-1.968866217484231962e-01
-1.884768702354355785e-01,1.755810743190450163e-01,2.661442768253746705e-01
-5.342349421497305517e-02,1.251026901389248325e-01,-3.414618740846024902e-01
1.438402894246404440e-01,1.161656511731523622e-01,2.514866842965205462e-01
3.831729886710932842e-02,-3.128495277226350790e-02,-4.366696586071017183e-02
2.581474144166073792e-01,4.071379244875786840e-01,4.343236673951097471e-01
3.808310053003327589e-02,8.764301411821906473e-02,4.116574707204923023e-02
-2.699603303554624079e-01,2.391206740686359078e-01,4.618147321167177521e-01
-1.605828347741444784e-01,-2.320477609839469713e-01,-3.841496682772292948e-01
1.927746660501744591e-01,-3.565598716351048303e-01,3.755767956396264262e-01
-1.564766093895556542e-01,-6.753620762088530238e-02,3.211590250203050223e-01
-2.059071712320461600e-01,-1.560469455016335605e-01,-4.928585009423549490e-01
-1.517998717933183306e-01,1.357360157217444296e-01,-4.354015536755709848e-01
2.147081196340252518e-01,3.498435030867019790e-01,3.611942803390054690e-01
-6.322912734743213470e-02,1.060417517385671138e-01,-1.336277857723611184e-03
-1.437827706697027974e-01,-5.096102332524410361e-02,-4.110196098903587947e-01
7.679698946798874104e-02,-8.875818229678422711e-02,-5.039386022416947331e-02
2.201389643893688630e-01,1.931926075297432099e-01,2.166195749038416496e-01
-1.630671246838630850e-01,-2.996563348671421600e-01,-4.348034119492312222e-01
2.269347288880043667e-01,3.045289362348767570e-01,3.564236563523067725e-01
2.305069725428063876e-01,-1.655540374325470410e-01,4.173909791565172389e-01
4.808652349461017828e-02,5.402548187152578230e-03,6.648191371409417627e-02
2.605851704205224273e-01,-3.925020795568238130e-01,3.837122100940606462e-01
2.254947032128022943e-01,-3.008631476709653363e-01,4.140424077457196539e-01
-1.866147419007403441e-01,1.782612295431246219e-01,2.415488534356695638e-01
-8.578478791793686664e-02,1.987280018587631591e-01,-3.326014046863109419e-01
6.937568464310750471e-02,1.004673112506576649e-01,1.175384802452354993e-01
-8.839613925514244741e-03,2.700596863434223671e-02,-1.607419648489538666e-02
-2.146514542722410823e-02,1.376823909181288386e-01,-3.249774952319415267e-01
-4.199666328122697578e-02,-1.727628235659430800e-01,-1.166585637937410658e-01
-4.633943632214121422e-02,-5.681043424200749037e-02,3.661475375588030268e-03
2.122984595322076062e-01,-2.039080990603235888e-01,3.603081026943101284e-01
-1.047509662294136001e-01,-5.198169850337952536e-02,-3.710224541673686760e-01
-1.309634835067696734e-01,1.702248396465044777e-01,-3.446933624630390547e-01
-3.960754938902188993e-02,-1.465981874205684043e-01,-1.249120223254687190e-01
-1.268149588090394797e-02,8.982860098146849825e-02,5.771963172831684474e-03
-2.309240899331286290e-01,3.030328959423936874e-01,3.408215113524912798e-01
-8.670667743090498814e-02,-9.750551940257579098e-02,-4.621606084067474418e-01
-6.778782636557822983e-02,1.977263974184151341e-02,-1.214657950790716257e-01
-1.464479953320363403e-02,-1.082960534031972566e-01,-2.440514341963528899e-02
2.627761444444652872e-01,2.255703479158975844e-01,4.008898522208561577e-01
-7.285828855625420264e-02,-2.192066447779342786e-01,-2.663837438583491757e-01
2.458347952004220627e-01,-3.270752389200963783e-01,4.778393040524256952e-01
2.386843286553634869e-01,-2.068286863804076336e-01,4.002273997650644954e-01
-9.154299769784768337e-03,-7.980841942318073201e-02,-3.251888656489172469e-01
-1.688830059001188433e-01,-3.208675042141428957e-01,-4.677416513505157081e-01
-6.500712866024405123e-02,-1.130947105757967863e-01,-2.123029380262839716e-01
2.369032962677264376e-02,-1.226363453698154915e-01,-7.451425587110760418e-02
1.171244480963882229e-01,2.868791499501333053e-02,9.404895693097514719e-02
2.477536898377614705e-01,-2.071976194595920306e-01,3.635065553019498630e-01
-1.025145148539388096e-01,2.438126854954389966e-01,-3.323923382878786192e-01
1.624472179173508390e-02,-8.076090165919769248e-02,-6.365029783700992816e-02
-1.024425433544301489e-01,-6.564254783256784354e-02,-4.970468783181801742e-01
-2.007812506180600698e-01,-2.518247588311971485e-01,-4.739083362752185558e-01
-1.182015994978279361e-01,1.748868125162492682e-01,2.769847434869600056e-01
2.504769601296784609e-01,-3.474852931866005967e-01,4.312054641606568595e-01
-1.301351913713852948e-01,-1.781156326452086880e-01,-4.912266784746143200e-01
1.085162651651683241e-02,-1.357087695636047808e-01,-2.199966486471398586e-01
-1.425814375107374854e-01,-2.444269361551018038e-01,3.395041867626237275e-01
5.241032977834181317e-03,1.962928891895332484e-02,-3.456226809490448026e-02
-9.390894387351156336e-02,1.753939722974293680e-01,-4.441206345081062379e-01
2.673551934341785730e-01,-3.615548345247129314e-01,4.489608823427674311e-01
1.520665526126450118e-01,1.540280225687591376e-01,1.752807505791417197e-01
-2.743120568945092153e-01,-3.123643978128408660e-01,3.904584286282340999e-01
2.075454289174720746e-01,-3.858605404845313336e-01,3.183177819127983588e-01
-1.398834093475851414e-01,-2.993998295600897031e-02,-3.607262118247390736e-01
-9.342551257698283873e-02,1.559756386290632735e-01,1.408370919605782534e-01
-1.633674798310472687e-01,-2.030779653627339254e-01,-3.829030197204130737e-01
-3.457525290841378940e-02,-7.790449110406150179e-02,-1.743016102219937524e-01
-2.940898586022431260e-01,3.563549971777627556e-01,4.178563782244797409e-01
-1.456215752225989979e-01,2.325970756579276433e-01,3.310680877925216148e-01
7.502069456946258708e-02,-4.889383544763259426e-02,5.402856059191496474e-02
-1.947081897723160759e-01,1.832537823911990493e-01,4.382304093380291476e-01
-1.854032596061131466e-01,1.356009362121086692e-01,3.091981530641904063e-01
-2.391046051018267393e-01,-2.737177250554277963e-01,3.900312081476262627e-01
-1.254264978052901380e-01,-9.504315556195030990e-02,-3.471869038002486363e-01
-2.970011094163975685e-01,-3.309389081879452466e-01,4.297321580380959460e-01
2.928582617012069900e-01,-3.449826044505910350e-01,4.523946126917062216e-01
1.908999488047978810e-01,-2.885784279124667950e-01,3.167332918715664025e-01
1.515937293387459306e-02,-1.048749193999698459e-02,-1.079459130935970235e-01
-3.161043481313340342e-01,4.077283489584719867e-01,4.734347924212629621e-01
2.205788648502348126e-01,3.301324274090009503e-01,4.990960140884951324e-01
-5.363669541073656788e-02,1.214741977570644726e-01,1.146858848435370337e-01
2.014903493023318948e-01,2.003813943718656398e-01,3.395297968793491439e-01
-1.024930022464706214e-01,2.979031620418415294e-02,2.987063949727053469e-02
1.055132441339032834e-01,1.474178121281211062e-02,1.463634604528557537e-01
1.967142093674426606e-01,2.411174014947451427e-01,2.404626925674777649e-01
-2.421011956349728989e-01,3.599389825256711362e-01,4.825842164093442355e-01
-1.193510337757058837e-01,-1.068547253927876195e-02,-4.170918556221563378e-01
-1.764821369876784507e-01,1.374800250819009362e-01,-4.407487833948184885e-01
1.343028069330308716e-01,2.127914916515134536e-01,2.195446005124982447e-01
-2.788634222781952721e-01,-3.351906616856725751e-01,3.809368106295903944e-01
-2.167618495027278103e-01,1.791180428058416485e-01,2.026191250498922125e-01
-6.160514274925366074e-03,-9.217864661401653503e-02,-1.773047919931272087e-01
-9.367761077835323746e-02,2.064252800401480403e-01,1.690147336956199231e-01
-1.392724699179486159e-01,1.491809775887212863e-01,1.119773933879285588e-01
2.601413358040998158e-01,-2.192026619873628235e-01,4.449835592001357698e-01
-7.645439212829396869e-02,1.720181618410989710e-01,1.513987669743602771e-01
2.420630406712176441e-01,-2.480108181028218839e-01,4.413072784072162857e-01
-2.863826160681546273e-01,-3.884560204437702557e-01,3.686692143888358197e-01
-1.538422452493727333e-01,1.650120210090336714e-01,-3.884757551326195602e-01
2.328470019305098893e-01,-3.856274101914608510e-01,3.549213108684807771e-01
-1.705844669426354043e-01,3.707156341425222879e-01,-4.695232422244877135e-01
-2.618754064896078315e-02,-6.159668848316512957e-02,4.685031040537868119e-02
-1.540737561667674393e-01,1.479593165123228582e-01,3.714631884330441558e-01
-9.244135548848930739e-02,-8.852127928602426810e-02,-8.603274478182321161e-02
-3.455891525002041664e-02,1.352759914048055068e-01,8.635912857032468359e-02
1.711173739465984278e-01,1.350250068742038234e-01,1.760489695265832211e-01
-2.079237787818006833e-01,-1.505553118443797578e-01,4.513081864830491563e-01
-1.578619422809379724e-01,2.015637970334874796e-01,2.156207839917152480e-01
-1.986180748141266328e-01,-2.656793815571478756e-01,-4.725368001179416355e-01
2.049251558122219263e-01,-2.294063259040178826e-01,3.433853932903739858e-01
-1.460651295125006133e-01,2.772536346630453119e-01,3.350555136596335970e-01
-1.119037935971792797e-01,1.579909922977285053e-02,-3.500117007838171590e-01
7.944861332977837254e-02,7.663026697893904338e-02,4.441900694962896967e-02
-1.560428505370812235e-01,1.868825988843988428e-01,-4.911563055918632958e-01
1.983239414971482706e-02,-1.106827829129232166e-01,-1.857021268616699805e-01
8.339473729351354336e-02,-5.072927021494511024e-02,4.418425403426728959e-02
1.615909067947229882e-02,-1.196785104835443869e-01,-1.643953323293776414e-01
-1.863245297612732276e-01,-9.732324509693857095e-02,-4.678476578962037502e-01
-1.139939907613908288e-01,2.159818030590121563e-02,-4.073335710067517157e-01
5.198870107302933086e-02,-4.284438325303796535e-02,7.426157331877791812e-03
4.393158915852513058e-02,-1.070812714701283586e-01,-4.842104258442603282e-02
-8.534978884591171155e-02,8.380343817567359466e-02,-3.436750585501253674e-01
1.794089302282350085e-01,-1.206467689837305013e-01,3.693070880184761151e-01
2.642101824817832956e-01,-2.649086854189929285e-01,4.680214564851574721e-01
2.470854810866823792e-01,3.523625951824298497e-01,4.233119734685543145e-01
2.898331231002508890e-01,3.059574203865931263e-01,4.506250752575221563e-01
-2.587641083093816796e-02,-1.536709489707686060e-01,-3.054120506936812696e-01
-1.783414044347432226e-01,2.308320751740366994e-01,3.956136119501815207e-01
-2.117179483258078143e-01,-2.845213781268708386e-01,-4.914784982787669954e-01
-1.831713912196778482e-01,1.744971198661932066e-01,3.307942075833919526e-01
-1.094992077555084764e-01,-2.340691400513559284e-01,-3.450877993034405788e-01
1.687324462764991928e-01,-2.658405048571088614e-01,3.605441805627758178e-01
-1.160654737969177841e-01,2.214019974243850442e-01,2.594991123868950478e-01
-1.948345205026745797e-01,2.817678128408133142e-01,-4.815224933158847032e-01
-2.524986786416287821e-01,2.251614662714334081e-01,4.320267201618538389e-01
7.378862468028857258e-02,-1.333924747777189834e-01,-1.234337936714662298e-01
1.950233306762072516e-02,-7.284411994191497541e-02,-1.832618352643944348e-01
-1.684310602155236758e-01,-2.960398618899564571e-01,-4.184270625456750770e-01
-3.614164089238069977e-02,4.458763780215158068e-02,-3.426740654089854843e-02
-1.583672841654789609e-01,-9.038795399742172165e-02,-4.544807792627021392e-01
-1.163338592403979632e-01,7.601697962982956192e-02,1.234776346317244533e-01
-6.747344704403812621e-02,-5.370499161396313781e-02,-3.824871879437775624e-01
2.038379742156355423e-01,1.655272204986557583e-01,2.311422566757088681e-01
-3.009708928219437807e-01,3.085099835082042441e-01,4.526622553118032632e-01
1.791318043022809281e-01,-2.695032377493917775e-01,3.734272625542455204e-01
1.709958763045801300e-01,1.279227860275247153e-01,4.079611850744094825e-01
-1.295942070445801342e-01,1.017921119035370969e-01,-3.719869649687591595e-01
-1.563549801471393330e-01,-5.354660562909330235e-02,-4.488070240918933251e-01
2.029003261343469422e-01,-2.380573452599394901e-01,3.910133969349385286e-01
-7.615480428971510563e-02,4.130812535444039479e-02,1.057377014225689971e-01
1.902385199404258431e-01,-3.644306429269464909e-01,3.172673679039211825e-01
-2.032549937862782041e-01,2.284057154920084987e-01,4.643954142951735031e-01
1.300229491302805629e-01,3.722488088518738358e-02,1.097301589087472662e-01
-2.315948103000013969e-01,-3.399617009776713106e-01,3.679285902051651069e-01
2.487280554593199744e-01,-2.941679271959651842e-01,3.246119328038454821e-01
-3.203268876544376198e-01,-3.532635296938753111e-01,4.459124198866105671e-01
-2.536026272504572354e-01,2.905900771134898308e-01,4.691088877394000711e-01
-9.879012338574910679e-02,-5.013320124504638819e-02,-4.352624695610500805e-01
-6.372213803723325576e-02,-1.061146368583689714e-01,-4.027702552394798463e-01
-3.388029818592593889e-01,-3.531161553004005249e-01,4.786274313019985849e-01
-1.024754270716869975e-01,-2.010445883245459697e-01,-2.778630751286408351e-01
-2.853292332244927731e-02,-1.248199914968779467e-01,-7.848680536230123739e-02
1.752058243916327918e-01,3.140972002603571456e-01,3.605103565316374326e-01
1.434915248337389482e-01,1.254802223347899481e-01,2.516952211111285198e-01
4.970170883099755965e-02,1.704424033119524839e-01,1.058329593489041320e-01
-1.404825052547749031e-01,-2.398155945664014466e-01,-4.348312118313267804e-01
-5.680601740843893577e-02,-4.884872116181271373e-03,1.281087600282333483e-01
2.050552686745027442e-01,-3.217959030279088362e-01,4.797657118692122413e-01
-2.708789818035926000e-01,-2.461555154240945287e-01,4.703242597352552679e-01
-7.285713115079262003e-02,-8.322221366870219406e-02,2.652187793627025503e-02
-9.809268119344771719e-02,6.441398374222417900e-03,-3.796388334279802157e-01
-1.218042046490144248e-01,-1.384314975707098272e-01,-3.297983807559214942e-01
-2.247547955008537546e-01,2.413152038220420792e-01,3.701099235461592363e-01
-1.054203401892259695e-01,1.463539409912617550e-02,-4.481895149786094823e-01
-3.355670466734128610e-02,-6.167258732862601622e-02,-2.354544275361645234e-01
-1.057595657522593102e-01,2.786276646025055426e-01,-4.850558956118441456e-01
2.287529000226764531e-01,1.770061041129086243e-01,2.724095324985609246e-01
-1.535994048651518895e-01,-2.021335109775036498e-01,3.421125818955464970e-01
-1.454560955127015554e-02,-9.265030853397226984e-02,-2.710807189852172394e-01
2.121809684390849604e-01,1.515762934576554422e-01,3.375903534969927344e-01
5.695364708068928472e-02,-1.276458469104135851e-01,-1.187731960309458268e-01
-1.367359985644670539e-01,-2.546745083755440620e-01,-3.837247245013833963e-01
-1.665326226789257680e-01,-2.204076601604342267e-01,3.338099944556959242e-01
-1.782757544211828193e-01,-1.043524463421124926e-01,3.851117506815514568e-01
3.993807718717767852e-02,5.901085319189647294e-02,3.422188318853569555e-02
-8.008178974402391237e-02,-7.923653577872935561e-02,-3.401223601629461690e-01
-1.033661621936230457e-01,-7.200609867095864036e-02,-4.586514374315668885e-01
9.228341352947488918e-02,-8.149944239997775064e-02,2.383157623533016523e-02
-2.382559741066514469e-02,-8.034280357632173075e-02,-1.691460658594697852e-01
-1.463724804776307398e-01,1.131014222795385660e-01,-3.837435023904948173e-01
-2.960080703117310419e-01,3.841336818130327568e-01,4.984539312390897647e-01
-1.539804420999006940e-01,-2.510704052613833559e-01,-4.978875908533665351e-01
1.595954843408489143e-01,2.786937853225240902e-01,3.393491955843739305e-01
-3.102314581636315127e-01,3.615786773344189520e-01,4.705009670381812281e-01
-1.300303755743442702e-01,1.192706426587153423e-01,-4.414605099472791450e-01
-2.119791290421243479e-01,-1.672306455814613901e-01,3.746511274425133875e-01
-1.836080354781658430e-01,-2.001657789139319465e-01,-4.503866797276624423e-01
-1.482393617125572494e-01,-3.347793308950532953e-01,3.446669539441076235e-01
2.215062117645584250e-01,2.445696568202839760e-01,2.909941959138078182e-01
-2.340390735370060371e-01,2.413175537051763797e-01,4.005315120060558565e-01
2.980819057282831919e-01,4.171156499150469044e-01,4.837161194275569898e-01
-1.210545452865453564e-01,-2.379009350503572540e-01,-4.580337003917058780e-01
-1.090371883378726814e-01,1.386132873888838990e-01,-4.438791398750893125e-01
-1.166438250499401974e-01,-2.138344117061136140e-01,-3.955208255842168619e-01
-2.286469816114166109e-01,-3.793596316878725672e-01,3.861434911324760355e-01
-1.033244237819518352e-01,-1.513619009286815142e-04,-4.437074943401959626e-01
1.350708486788858576e-01,2.030470553430615555e-01,1.366622184895702752e-01
-1.733392070106186678e-01,-2.568852161391574906e-01,3.590695190483785826e-01
-2.456977680002936371e-01,-3.736167114772356301e-01,3.473931997100949687e-01
-1.857929162646908550e-01,2.434750220282380084e-01,-4.982811370946118590e-01
-6.844252782984372452e-02,4.618283225497965550e-02,-3.260021273671500630e-01
-1.440384934136157424e-01,3.255093715476018446e-01,-3.511037366575308072e-01
-1.692460134579195641e-01,1.273602998351847093e-01,2.954550066791615803e-01
-1.351031328571520307e-01,-7.447829411488837703e-02,-4.118269330668546946e-01
-7.015557128689942079e-02,-1.803820745211006660e-01,-4.166098570950659274e-01
1.275640918689936454e-01,1.859787938229721105e-01,1.946771415239475500e-01
2.429804569187576924e-02,-5.020038994211717398e-02,-2.167526568758756378e-01
-1.566828472372693293e-01,2.490911258139134610e-01,-4.529737490801024613e-01
-3.811960918743373394e-02,2.844891932920845523e-02,-1.919293043205094751e-02
1.247176459504679702e-01,5.646718059719213478e-02,5.395086628055245637e-02
-4.656103049736992627e-02,-5.632355996378934915e-02,-8.778449273447730405e-04
-1.336989428458964513e-01,2.090863906024905683e-01,-3.671515238852772756e-01
-2.008704065314723675e-01,-1.088985496253240814e-01,4.419697793258549057e-01
-7.346233858458350863e-02,-1.376418842852888957e-03,-4.659405113015183675e-01
-1.137271055045813162e-01,8.603121162135207722e-02,-2.180226904963933343e-02
2.366972453749770500e-01,2.496016453049056949e-01,3.851284118344822094e-01
-1.630539739024624568e-01,7.765618231744275679e-02,3.418404738934868181e-01
-1.949825813698308208e-01,3.125712496424437603e-01,4.092021375749999024e-01
-3.249750777639976995e-01,-2.938004071451734145e-01,4.951418957512142560e-01
-2.974860151124903984e-01,-3.689557561272555075e-01,4.549691454499101839e-01
-1.765716270812993649e-01,3.424630201397615981e-01,-4.609612350708337525e-01
3.022650463361848949e-01,3.099553087841241394e-01,4.759485884400947997e-01
-8.670046683796339693e-03,-7.814895251368381146e-02,-2.320850643591684248e-01
-1.501256845847249721e-01,1.457335231525859198e-01,2.908180438189160721e-01
-1.083540380383821722e-01,6.645103954455255924e-02,1.338749975941622150e-02
-5.998962112913996947e-02,-1.637542996970933196e-01,-3.395336350485037569e-01
1.164934630482523659e-01,5.335801595740619074e-02,2.235540218776226329e-01
-8.873882460961202145e-02,1.230285401352270158e-01,2.201626346113572108e-02
2.210597715316763301e-01,2.269756651911321033e-01,3.681629030361418531e-01
-2.112742731831086518e-01,-2.641687086464745704e-01,3.893176808545029122e-01
2.707732609030256699e-01,-2.438195782526333399e-01,4.119367164618050747e-01
2.782144430722104378e-01,3.174360755927089217e-01,3.777847889484217125e-01
2.015285040328420596e-01,4.128391915763335307e-01,4.593620726106143470e-01
1.772102111055906537e-01,-2.554393335071785121e-01,4.141524247597074826e-01
-5.677392107247192232e-02,-2.027120930172792157e-01,-2.519548256175272449e-01
-6.335355371283524217e-02,-1.492989287129974363e-01,-1.636395051485003416e-01
-1.974045017596314233e-01,1.768537703358208368e-01,4.095613024753526066e-01
1.614541253673814625e-01,1.973716900265993779e-01,2.137603709662506679e-01
2.221891800170620046e-01,-3.179934353729367835e-01,3.619976022609230348e-01
1.579481032050483735e-01,1.406573234201972111e-01,2.863730053662294495e-01
-1.709149016430280277e-01,-2.116866911681786201e-01,3.836395798023668480e-01
-5.503166368303358258e-02,-5.873806441060025474e-02,-2.397084897263036529e-01
3.177342422042293002e-01,4.066720969072398217e-01,4.801212420631538746e-01
-2.944265835111790075e-01,2.654235347062192663e-01,4.136856468407422716e-01
-2.894319420105736507e-01,2.682423613147647545e-01,4.735305454650585721e-01
-2.789447040354919860e-02,-1.240396208902024844e-01,-2.201521720494514778e-02
-1.427795569081833360e-01,-1.696612173862909190e-01,3.232669466489889176e-01
-1.395253542689285364e-01,1.923997822454752704e-01,1.589123553978594172e-01
-1.537523051697934351e-01,2.954841959234989490e-01,-4.921149409018186205e-01
-6.518722892812489622e-02,-5.408044189665173196e-02,-2.188742805411179049e-01
-2.347814636760051643e-01,-2.593392432756556065e-01,4.682785520293014647e-01
-7.194714783819888826e-02,-3.744501283177048556e-02,-2.134717671940289385e-02
-1.421991907298189028e-01,-1.316866709264569169e-01,-3.985421376569517893e-01
-1.870280153495808007e-01,1.332209905063510558e-01,2.271112562803646595e-01
-1.307105152019312211e-01,2.559358291027092891e-01,3.100228584774683549e-01
-1.058850067842076470e-01,-2.364622295244535044e-01,-2.758636561785118291e-01
-5.058336849662403711e-02,-9.593578055852580722e-02,-3.279977249503229775e-02
8.932149041415748947e-02,-1.489800534277552213e-02,-5.378744447731653722e-02
-1.110743704578747160e-01,-2.651056908651894251e-01,-3.342860128859258539e-01
-6.739295189322591639e-03,-1.862421651267975875e-02,-1.572170962144048278e-02
-1.729804200823829019e-01,1.379325947489425941e-01,2.469564996785038602e-01
-2.428184668964316062e-01,2.817106540500429190e-01,2.913465307717627573e-01
-8.481675101192009958e-02,8.315403482800942658e-02,9.109822899935804408e-02
1.011387135465396936e-01,8.699010266688222970e-02,3.786152471313208867e-02
8.371737161358749901e-02,1.973131302836605983e-02,-5.518492023170973315e-02
7.372008502329363555e-02,7.079870271521582215e-02,8.634958069524756308e-02
-1.035178323816317025e-01,-2.723360975311482912e-01,-4.307043423775051005e-01
-1.454175907766945830e-01,7.204755524247785647e-02,3.235424203231317408e-01
-7.315793893123978542e-02,1.490089183947037599e-01,6.537546913274550064e-02
-3.923086410732279372e-02,-6.409353280349638915e-02,-1.508011776168173279e-01
-7.061213659917575658e-02,-8.702808935621175745e-02,-3.851947340492870575e-01
1.874887146186423603e-01,1.316466505270392773e-01,3.889254708541786121e-01
3.045661412177143035e-01,-2.478229601207965205e-01,4.309718655813526977e-01
1.462936637681447882e-01,1.697796880653275053e-01,2.452496596538636942e-01
-1.532390084117782880e-01,3.633262974095016196e-01,-4.890004835218504375e-01
-2.690702416940082831e-01,3.349397880725663024e-01,3.911685684690916487e-01
-7.480684552919103503e-02,-3.314116874289718684e-02,-5.302022998453359559e-02
-1.085360438712704712e-01,3.131782664001057093e-01,-3.395578364081113243e-01
2.125790006031220702e-01,1.860925628043366142e-01,3.131947035526300160e-01
-2.019121943370918437e-01,3.749094718037482288e-01,4.339058315360138085e-01
-1.726618690328259875e-01,-3.151033683664720142e-01,-4.982482250527968670e-01
-2.051559079150712117e-01,2.651118604422051384e-01,-4.854495349521513736e-01
-1.173604762623605691e-01,-1.344251220457106655e-01,-3.081008902650772541e-01
-1.576516924987395596e-01,2.563763893629729118e-01,-4.124328405834521982e-01
-8.362270335006960487e-02,-1.226419801695000089e-01,-1.939820327298621416e-01
3.189390244483095715e-01,-3.316220265287456170e-01,4.811231590408930892e-01
-1.821640112047606674e-01,-2.808374274482653421e-01,3.889294307284907326e-01
1.898586860800310916e-01,2.500339647287306288e-01,2.143783833560815033e-01
1.937650995426668521e-01,1.246959913659675401e-01,1.838316066534033677e-01
1.569524003588138594e-01,9.663727236854657843e-02,2.453766311316016857e-01
2.261763088160813062e-01,3.056308634538446034e-01,2.989722094101190386e-01
3.052665550193854882e-01,4.236325180776601140e-01,4.451361197424235083e-01
-9.445569072841863978e-02,2.520983074258419387e-01,-3.417391943978859148e-01
-1.802224711835000992e-01,3.102082544800722763e-01,3.644810018511307481e-01
-1.338181538970391049e-01,2.264690018135137040e-01,2.048033164589285748e-01
8.519801400184545681e-02,4.820687568379877774e-02,-5.557970574304005318e-02
2.097582593342848245e-01,3.814750040465506586e-01,4.052112326122123687e-01
-1.988569075177669676e-01,-3.466261953369972337e-01,4.090826997576734181e-01
-7.774301765465041480e-02,-8.505634501250891599e-02,-5.590428822333493031e-02
2.219634631972082772e-01,3.736415308803417989e-01,4.075687203071044484e-01
-2.045507475596552993e-01,2.253324583548381721e-01,4.685639029375546771e-01
2.277220706510865167e-01,-2.834483084099843619e-01,4.250838065173120350e-01
-4.059741025135277237e-02,1.638238954534080305e-01,-3.623225982978228732e-01
-7.249273306245207493e-02,6.300872565400572611e-02,9.435917359893764012e-02
-8.453612252316244913e-02,-6.152966307089624554e-02,-2.191470786129333659e-01
-1.961743977695903363e-01,2.421978806331647194e-01,2.050674028043012465e-01
1.979257258439658385e-01,2.211398711821854768e-01,2.754435069215267484e-01
-2.360633728605450177e-01,3.453955725458330850e-01,4.992251317068463479e-01
-5.421610727570469468e-02,1.432691717841492185e-01,4.496971587849585283e-02
-5.717878281995036893e-02,3.188782753193897257e-03,-4.333672371727755879e-01
-1.421700197291847489e-01,2.352563979114282722e-01,2.942409952169302567e-01
9.752531298111988267e-02,-1.014496926990665626e-01,-2.572836038143277992e-02
-8.129207891728540414e-02,-1.487030832487207244e-01,-4.246670676961945556e-01
-3.394846578366518264e-01,-3.288691879832519316e-01,4.858901331982544702e-01
-8.409585736119939980e-02,-2.049208284213930309e-01,-4.432411392369490777e-01
8.105691739937903595e-02,6.326144646021381046e-02,1.465798307684340607e-02
-9.869655518737052713e-02,3.532481733666403834e-02,1.574720175112128695e-01
6.397483228013467471e-02,2.202297608420611397e-02,1.511409492947489719e-01
-9.695245892479076311e-02,-2.806641460037651026e-02,-4.261343967345040396e-01
-1.379301570002098298e-01,2.599168099030289003e-01,2.892509918224414056e-01
-7.330022216698961479e-02,2.708992863071357782e-03,-3.430344662266532341e-01
-5.942578972683065786e-02,-3.282578457797558080e-03,-4.208792202999770415e-01
3.531667060210286202e-02,-9.378047356149554759e-03,-1.522350331933554068e-01
1.998923289839015238e-01,3.435033525575676983e-01,4.813306903337206677e-01
3.176815181287470091e-01,-3.436941876956159936e-01,4.831656596821551908e-01
-1.646732594220987611e-01,2.702075428512908939e-01,2.432610604061551385e-01
9.708142589300994274e-02,7.484390670755880492e-02,-2.899387130954333980e-02
-1.575414689241007027e-01,3.064252591934070180e-01,-3.747826822854580797e-01
1.896930347078226164e-01,-1.135239606430497039e-01,3.186599633024751466e-01
-1.359562641614926459e-01,1.728940427912838418e-01,2.148484800224580438e-01
-2.577360345743425762e-01,2.758137603204879884e-01,3.641384902239764854e-01
2.281452468903245601e-01,-1.686278115266023336e-01,4.740163537457120491e-01
1.641186915398673563e-02,-3.455027232022300776e-02,-7.142029312644715411e-02
-2.433506155134250726e-01,3.268283623407350902e-01,3.949631576769776498e-01
-4.308544755943766180e-02,4.020897914204457635e-02,-2.649966800986780502e-02
-2.401808748979181729e-01,1.918204046315670208e-01,3.719339578959324211e-01
-2.138281352767903432e-01,-3.258160938235883375e-01,3.995158071944193701e-01
-1.240606339607976949e-01,2.232670350309607921e-01,3.021422798738592208e-01
-3.028890923507232547e-02,-1.700575474770015250e-01,-1.890691649918807560e-01
-2.740891582118173408e-01,2.328453979165769905e-01,3.720665352438010665e-01
1.640751166966836205e-02,1.657941549553909599e-02,-6.114361980072291480e-02
-1.778690351639951039e-01,-1.603742545243836970e-01,3.793550566768683074e-01
2.006989917858293948e-01,-2.100434244289149932e-01,4.427947866623674900e-01
5.709430411834126584e-02,-6.361265293920448372e-03,-6.933647961616107303e-03
-2.304085120180756618e-01,2.398094992708111883e-01,4.077051776215278034e-01
1.797463091238978850e-01,2.347150381386922113e-01,2.124277956578961568e-01
-2.604216046775440496e-01,-3.649624544470086995e-01,4.158975011308418956e-01
-1.000705627440909851e-01,6.919904011849697945e-02,2.497782593932392770e-01
-6.700789217487579386e-02,-8.997202017216832104e-02,-3.642305140603948610e-01
-2.672907363293824945e-01,-2.763287895487168688e-01,3.325230621418426846e-01
-1.066491065450430042e-01,1.285500560581577245e-01,2.202010164886089028e-01
1.461821807671818130e-01,1.274198372872478169e-01,1.973020128754443547e-01
-1.754220844796766654e-01,-2.626931279363050598e-01,-4.646372147292985311e-01
-1.942728619691297398e-01,-1.256269399642407913e-01,3.447233242207526915e-01
-2.013142328735029185e-01,-2.752180078583424949e-01,3.197877316781272405e-01
-6.643460470691608943e-02,8.091095917375967783e-02,1.589949188435169081e-02
8.198492144646796209e-02,7.299707029713875528e-02,1.572510480318128900e-01
-7.833283430521853496e-02,1.143608324440703594e-01,2.331916044300585966e-02
-1.481268570004214968e-01,-2.725861008822441089e-01,-4.609565866681868407e-01
2.652345750881819342e-01,-2.684617562816391523e-01,3.873579081279873160e-01
1.470389958825442100e-01,-1.558549481213008514e-01,3.469728581471772655e-01
-9.375040582028915104e-02,7.326602371317925133e-02,1.949586101401017402e-01
-2.746114572439931623e-01,-3.917418856622709722e-01,4.114499023509009534e-01
8.314600619370815515e-02,1.823713290664237263e-01,1.552464792543892802e-01
1.647356191420525917e-01,2.767159153661674642e-01,2.397657673762568775e-01
-7.250353783895802096e-02,9.979962283565757541e-02,-4.210385954467714686e-01
-1.399007730530146265e-01,2.169340004816991962e-01,2.773040568526496941e-01
1.277791135115080579e-02,-1.475945492795543990e-01,-1.020446558309140439e-01
-2.417511686924883607e-01,3.272322489052328365e-01,4.835204670528208126e-01
5.302766793355107033e-02,1.477398558939269080e-02,4.114617925736496762e-02
-1.094101661014575955e-01,1.193107558802624091e-01,1.142665676928300567e-01
9.739203822561204316e-02,2.450407566822088157e-02,-7.539277980549874414e-02
-1.286278068182729051e-01,1.130553495802824049e-01,8.873450145583983151e-02
2.715345840238779784e-01,-2.703947330226814660e-01,4.528385711143603221e-01
-9.467613009799002999e-02,1.213895134806797227e-01,-4.967499538889921240e-01
2.781657403845972931e-01,3.398526145249245456e-01,4.347144135615635951e-01
-2.608839938935253455e-01,-2.116690809933613471e-01,3.730211079866636581e-01
4.132855324367901151e-02,1.486944152828073573e-02,1.763632883200261237e-02
-1.508611336136610470e-01,2.451531594645461887e-01,-4.365618415132757058e-01
-4.591369700576020119e-02,1.128038365641944596e-01,6.812156624202858612e-02
-9.815958498522370235e-02,-2.163794082462602297e-01,-2.288577360312623599e-01
2.483142341054447311e-01,-2.888446968381294111e-01,3.509049881416421712e-01
-1.410588509873785812e-01,-1.797340380762602052e-01,-3.648308067338690286e-01
-1.734206885942569665e-01,1.180872964531817226e-01,2.151577779111679689e-01
-2.401750678590940380e-01,-2.583796084183319630e-01,3.186598575537140654e-01
6.789759988802290813e-02,-6.417313179403527634e-02,9.878868330147727583e-03
2.351678236387669818e-01,-3.609853568687750869e-01,3.848334294693344093e-01
-4.938247048907962178e-02,3.356041301603551741e-02,-1.187873303732689401e-02
2.081231791425641742e-02,-1.885219632660195543e-03,1.461799975074751234e-02
-9.020472327592710116e-02,1.307917451049711577e-01,-4.570927499333431454e-01
-9.105578738502562164e-02,7.805925790132317577e-02,1.280153378608431813e-01
-1.466397283616939218e-01,-2.083288442165027732e-01,-4.412106340387901282e-01
8.972507758848724535e-03,8.072693222266558166e-03,-1.388587143196007290e-01
-8.298210313796705595e-02,-7.260760036892832670e-02,-2.115628073712880752e-01
-4.884289943069397566e-02,4.547661431476546223e-02,3.587402482581136809e-02
6.964849058206012966e-02,-5.851151419832045786e-02,4.608808771463734910e-02
4.130248221630572480e-02,-8.321094888855795624e-03,-5.960893398232225415e-02
-2.042877559702575008e-01,-2.061483284988424591e-01,3.492072141949428277e-01
2.034405100572482805e-01,3.065118827464080598e-01,4.755858898358055198e-01
3.069056151113493947e-01,-2.474372530960409211e-01,4.395869029551644491e-01
-2.835256114628491586e-01,4.237710669632662741e-01,4.783135107453225787e-01
2.714239331843258940e-01,-2.241284326346244526e-01,3.703961868884158015e-01
-2.413967332564777024e-01,3.385069435296093054e-01,3.787393693617056023e-01
-5.420707874282570948e-02,-1.836005654307780732e-01,-1.303647689662807974e-01
2.786674584135828692e-02,3.584277018314308005e-02,-3.456509930878493009e-02
2.477820424856399528e-01,-3.687414549025441746e-01,3.647673096341188526e-01
-9.710842327863389301e-02,-6.718812830111686729e-02,-4.945174377865031445e-01
-5.406158471499111773e-02,-5.815028442588021651e-02,-4.106860285026155966e-01
1.737948682062071537e-01,1.788117370631481240e-01,1.709688979633170458e-01
9.200270019103840013e-02,-9.608491294518750614e-02,-4.773049224892622622e-02
-6.515536465448401593e-02,-4.948163973479080546e-03,-3.436226696891547805e-01
-1.755280348238450472e-01,-2.879840010768955905e-01,-4.842028880248114842e-01
-1.466693618184711223e-01,1.850357106912275951e-01,2.570105174981985874e-01
-1.341289304712172115e-01,1.015958084534412942e-01,-3.498824028379137197e-01
2.278956426891686204e-01,1.772155516637697881e-01,3.869444981700971287e-01
2.702916583682682949e-01,-3.624359458423911384e-01,3.807284181861191330e-01
2.153768532534721114e-01,3.323181192528124051e-01,4.132539842096728533e-01
-2.046145103920640196e-01,2.446671932767158220e-01,2.704958553526704002e-01
2.110587636491041419e-01,2.789509874174813664e-01,4.753453497306044939e-01
-2.146922604354039033e-01,2.905986483292092304e-01,4.045000692245953600e-01
-8.673096105263367050e-02,1.478369602348306167e-02,9.802764749987069592e-02
-1.689883976964956513e-01,-2.268909552800063567e-01,3.756686923619317886e-01
2.572300917410564880e-01,-3.760907552820370592e-01,3.986624669522494946e-01
-1.408729098167555982e-01,1.023962240529541212e-01,-3.460489768366568075e-01
2.207293580537246225e-01,2.768215674567736651e-01,4.832817195468351867e-01
-9.990164137990231730e-02,-7.828596239232488152e-03,-3.851884036286586932e-01
2.146291784987596207e-01,-2.861075015236219654e-01,4.599488696249962594e-01
-3.510373721524362445e-02,-9.603516979749171512e-02,-3.234496630879251100e-01
2.226111231903097343e-01,-2.413734115290016025e-01,4.597313413470864862e-01
-2.624531991544835074e-01,-2.059697893218943587e-01,3.434855940147846232e-01
1.949739770008029893e-01,2.928352238538137753e-01,3.034199855978340077e-01
-4.016961944871122459e-02,3.074571933406755608e-02,-1.092508630909171385e-01
1.056903284034200752e-01,1.747700730370863598e-01,1.977804089689839673e-01
3.199537842144238864e-01,3.684038404384540888e-01,4.457888039541640923e-01
-5.633017683589258695e-03,2.760589673819324741e-02,-1.164836848093410149e-01
-4.409443339387209004e-02,-3.540534668213313196e-02,2.714811722325660703e-02
-1.595297545936720240e-01,-2.302515868554332323e-01,-4.793555561513557217e-01
2.908415341548020727e-02,1.677172127860482309e-02,-2.744389986850248597e-02
-2.841061794163424192e-02,8.402535693637025460e-03,-7.690749965749688055e-02
-7.945176686854649173e-02,1.007716957443405281e-01,1.999464110892446023e-02
-2.573702183806704236e-01,2.508476768401279866e-01,4.637033758466736488e-01
5.985787480388282678e-02,7.911376149302640215e-02,1.214348583223419098e-01
-1.307359334769240267e-01,-3.100089366400120561e-01,3.168384650126206958e-01
2.958532755840670436e-01,-2.395234875556571108e-01,4.560999310209374880e-01
9.515949647252053278e-02,2.285186663673424157e-01,2.015383499642781073e-01
-1.738112248296281859e-01,-9.960032797866602561e-02,4.065180489707201916e-01
-1.562459985554991437e-01,-3.223764555927752795e-01,-4.129283323735776223e-01
2.097503135185241341e-02,-4.302106333768651591e-02,2.885345220441370984e-04
-7.238787724405382207e-02,-1.732424150882636571e-01,-1.781496678829332936e-01
3.415976874576709399e-02,1.125814535053802912e-01,5.347437366061569275e-02
7.840226155611773606e-02,1.858690897952988141e-01,1.840398557290000570e-01
-1.681225591079508197e-01,-2.652644851054394293e-01,-4.123525436215750295e-01
-1.632857636448524774e-01,1.389128877882801483e-01,-3.872925728951168711e-01
-7.355077854470470911e-02,-1.486897234629259712e-01,-3.767428842508154796e-01
-2.191085906350039858e-01,-3.490150855588551870e-01,3.366703395647422381e-01
-1.442796466536616640e-01,1.211809681893669666e-01,2.668912077749330258e-01
1.228378381039753053e-01,2.371526810138832042e-01,1.876276299883733456e-01
-8.185054025803317757e-02,-1.574668326223640502e-01,-2.001780164865103462e-01
-1.798659525239028056e-01,1.290018383995386042e-01,-4.237774611639625322e-01
4.494841988579534320e-02,-6.634224257198984009e-02,-7.867952105148368069e-02
7.034916099644650256e-02,1.051256578045648427e-01,1.618313005803703186e-01
2.526047719559975091e-01,-2.748135636003917748e-01,3.318840748873996827e-01
1.875345504824091902e-01,1.141015914453776814e-01,3.753561957375217695e-01
3.965123208284337952e-02,-1.358961154773186131e-01,-7.208330590307832075e-02
-2.135502745201446340e-01,-2.823016898715496881e-01,4.924898568052014092e-01
-6.816459114699402466e-02,-1.047892792278590779e-01,-2.116739197180561582e-01
5.154811402695502753e-02,-2.655667557752694474e-02,-1.460200839026734032e-01
-7.968753316052434865e-02,1.845793195670735187e-01,-3.322864868928336879e-01
5.202415940442062237e-02,1.027656184103009629e-02,1.318700438713960033e-03
-2.369706946111045376e-01,2.685741064923149457e-01,4.254322640418681800e-01
1.389748208392485029e-01,5.379623807717703876e-02,2.085924216475210091e-01
-2.712599895854078680e-01,2.989147524402387956e-01,4.100557619356229866e-01
-8.488531488823214399e-02,1.620418168662595138e-01,7.746647507376791530e-02
2.699797354524894333e-01,-3.206939771580878951e-01,3.312812919463032912e-01
1.581355973984998053e-01,-1.498505623884488491e-01,3.822778124836071489e-01
1.971379047411317975e-01,2.713644075141654621e-01,3.863324202929865336e-01
-7.418518581372735010e-02,3.749006365825258147e-02,-4.031822709244506919e-01
-5.890699746456151686e-02,1.264673434025624932e-01,-3.828603744923637642e-01
1.685051800802974675e-01,2.401862860295054247e-01,2.433066447149663247e-01
-1.206413797829786194e-02,-4.712344309098592809e-02,-8.728715257162789065e-02
3.024932010851554276e-01,-3.341042285336527362e-01,4.844586473393697190e-01
-2.119755882759777332e-02,-8.216032701376574376e-02,-8.144234311204390231e-02
2.744541677326164386e-01,-3.843531353094888914e-01,3.501936271684394919e-01
-1.321544228041927616e-01,2.810668656141613875e-01,3.114284364140874617e-01
-1.963930074432981288e-01,-3.797667865341731730e-01,4.260492180022847908e-01
-2.006399431943226563e-01,2.516209361454995186e-01,-4.631679259944133653e-01
2.134337322242665369e-01,3.036903085206108521e-01,2.941766993246196504e-01
-5.331649210401290251e-02,-1.357886651605069162e-01,-1.338348567795792921e-01
2.138232955691644621e-01,2.542688712776856041e-01,2.507496028069853278e-01
-1.622289076441304490e-01,3.447532218376884172e-01,-3.725469223765791593e-01
7.487226640726107885e-02,7.872563199290438796e-02,1.383029735569181184e-01
6.185018481627335696e-03,-1.162936345169847119e-01,-1.450596674516685392e-01
-4.093272361186706121e-02,-1.574172667804253356e-01,-3.031069046788584798e-01
1.507801028085996586e-01,1.422522893679806222e-01,1.789090479797128541e-01
-4.309759799054702079e-02,-1.737214221920920787e-01,-3.120482156195999446e-01
2.274663695303282829e-01,-2.814147290723083561e-01,4.353389270137529854e-01
-7.632097476324439800e-02,-1.818013636800704935e-01,-1.995236752523769086e-01
-1.652796061070873623e-01,1.908405637393099097e-01,3.703887361527394839e-01
-3.591753389245810890e-02,-1.198761884263549460e-01,-1.768792689845403165e-01
-1.625044534473667479e-01,1.167169329452054649e-01,3.139739693395325881e-01
1.118386967920891317e-01,3.510604431895691935e-02,1.881028444029644309e-01
-9.895381983066486864e-02,1.617570386685599493e-01,1.512649517145993050e-01
-4.363328616129258375e-02,-1.875760574151236204e-01,-2.180617471283738951e-01
-3.184712137152345690e-02,-1.469538125087449520e-01,-6.087764090109826220e-02
2.063544967535990704e-02,3.675980296772451972e-02,-1.649840720861783794e-02
-7.796440588223263468e-02,9.479213023015875539e-02,4.744622174486901045e-03
-2.227349777213738502e-02,-3.661306119416474214e-02,-6.297793766555637163e-02
-9.165168750003560572e-02,6.250818488758747016e-03,-3.948491176303819961e-01
-1.046698215818545608e-01,-2.340917248727946154e-01,-2.541898068590190407e-01
2.082627775211263188e-01,-3.917449443141052257e-01,4.116416930172149824e-01
-1.928214104102525805e-01,-1.268974572826294667e-01,4.327015979872690377e-01
-2.219769764764762954e-01,-2.517814789559901234e-01,4.162574928029890708e-01
1.027570149670530286e-01,1.723566468424018172e-01,9.028928674998515369e-02
-2.765282990038293587e-01,-2.542410218330781735e-01,3.383045644305430200e-01
-1.947177539682942715e-02,8.264399339025174651e-02,-3.413857643175026713e-01
3.206284556905509842e-01,-3.309111278309234683e-01,4.946295864501820683e-01
-1.205058374496481566e-02,-1.601016010134718170e-01,-1.294007079797321325e-01
-4.542579098946486482e-02,-1.172554667418271857e-01,-3.615976347903953059e-01
-6.964660828370750068e-02,-1.313584823410230973e-01,-2.249239470991873935e-01
1.757240009376820344e-01,-3.515069582641979773e-01,4.186764373091602653e-01
-6.412393772197721997e-02,1.670605854493285580e-01,1.339795936724594849e-01
-1.361380939339766893e-01,-1.927134163934129951e-01,-4.221182366498483773e-01
1.805920884068282772e-01,2.049714427145761242e-01,4.176198811782517728e-01
9.229991489917077629e-02,-1.110088373171173037e-01,-8.594894036578737406e-02
2.650688203054553105e-01,-3.524827611794643101e-01,3.473919090699079115e-01
2.559049988016105504e-01,-2.104172033975286737e-01,3.390412085640734929e-01
-6.199253835960238934e-02,2.189756756485325973e-01,-3.848670346385163477e-01
2.494394007119715706e-02,-1.892541328771268905e-02,4.526703753941530017e-02
-8.903656166839779562e-02,1.885970781468805368e-01,-4.491018308100285239e-01
-1.691216411655693808e-01,3.819882769230290576e-01,-4.241549997170438457e-01
-8.001438911269553866e-02,-1.880316295525154002e-01,-2.505838940417263183e-01
2.154457601000957512e-01,-3.217244955379858773e-01,3.328208912766120742e-01
2.769311190329662997e-01,-3.678751438584009215e-01,3.784013088029202221e-01
-1.398056372922937829e-01,1.312832522868278007e-01,-4.240270096692041468e-01
1.584646968979527282e-01,-2.261112022840613411e-01,3.370987877176299108e-01
-1.515188661273221271e-01,1.756721291305431976e-01,-4.125807750885942538e-01
-2.513237738831808343e-02,-8.883639464414638809e-02,-1.662626586041671128e-02
-5.038018329224425162e-02,1.567726992250175755e-01,1.019442697383130536e-01
-1.729668420310773724e-01,1.343618876341974300e-01,2.028024897499212109e-01
-1.532654230531181883e-01,-2.051490189810041276e-01,-4.091179056810911874e-01
1.809778324653125159e-01,-2.798989340156455841e-01,3.201522662712532608e-01
1.943607228653276842e-03,-1.116745544337265361e-01,-4.738520402966150957e-02
-2.075851829581627506e-01,-2.124798495892318284e-01,-4.886224403324838095e-01
2.956463614678461749e-02,-1.375139880913578416e-01,-2.095825984722293756e-01
-1.248885440691720472e-01,-2.601795171575039811e-01,-4.413305739609501011e-01
-1.699456192742683225e-01,-2.424003690794840349e-01,-4.833444615641317998e-01
-2.385992749537557689e-02,-3.980613539678823365e-02,4.000916043321756099e-02
1.740568878226553817e-01,1.471725132344171572e-01,1.848967793993805397e-01
-1.148450237868628987e-01,-2.082067676405535694e-01,-4.706347176226942652e-01
2.616287572585789256e-01,3.367085082662970574e-01,4.417781572270866874e-01
-1.434707133068692242e-01,-1.637849650338493168e-01,-3.975203324095999413e-01
2.371350788380864882e-01,-1.739901999211691530e-01,4.994008084732732833e-01
-1.933709354364343547e-01,-3.285605940431340910e-01,4.509951213689674665e-01
-1.645427173900254614e-01,-3.553677390344238685e-01,3.434888382581851030e-01
-6.769458248620141561e-02,-7.281321018910147380e-02,-2.107852913037608911e-01
-2.086992768699638123e-01,3.227138328119958377e-01,3.975141453122312818e-01
1.939467447589288129e-01,-3.929246279060529812e-01,3.257497550561888611e-01
1.994021999977276804e-01,1.653952853588339655e-01,1.601978006338143912e-01
-8.505942305030145256e-02,1.006895043751754315e-01,1.634765419740695780e-01
-2.413594522264975728e-01,-1.837278265134193456e-01,3.207154609818562152e-01
2.084213795855628382e-01,1.664970776390873874e-01,3.200360704840996551e-01
-2.160955212147297466e-01,1.778734708784123209e-01,3.638091107652329237e-01
-9.444567776606294096e-02,-6.810114306973524823e-02,-4.546209918705390596e-01
-2.478175300954481575e-01,3.421039580654396950e-01,4.329772171525468893e-01
1.066680268872819415e-01,1.324149565625127867e-01,1.810256006926534988e-01
-1.918098401920341756e-01,2.345426661136862378e-01,4.247994888900760158e-01
-1.997100128724549339e-01,1.842665266579810446e-01,1.667121925551464656e-01
3.099001125876361673e-01,3.170855140353810997e-01,4.890088010591172596e-01
-6.906384369041385085e-02,2.438258264381698570e-02,-4.267965483548792349e-01
-2.056801205095444285e-01,3.679415620335626524e-01,4.610199243520974877e-01
-3.009048862646155342e-01,2.830139677351846128e-01,4.857425574989551187e-01
-1.318445632825064884e-01,-3.153275679405187493e-01,-3.362781232020588540e-01
-1.947162216556278524e-01,2.258556140428069625e-01,3.622272908162255112e-01
-1.397254114383356116e-01,-2.318308415965983915e-01,3.259447587659595191e-01
-1.907336037896834036e-02,-1.004792642803674640e-01,-9.771209848037765155e-02
-3.164598509435923024e-02,1.610900540355311161e-01,-3.740225918591328913e-01
-1.380092887786965594e-01,2.608541951008128690e-01,2.918162007098571431e-01
-1.513961874112658146e-01,-3.278848577321260560e-01,3.379259956954795419e-01
-2.423393216474453160e-01,3.000122218620230319e-01,3.110122512954857088e-01
-1.841211413911316708e-01,1.109524472881232571e-01,4.306416313411333130e-01
-1.088657629687562745e-01,-2.518926519793933672e-01,-4.910369438983729351e-01
-2.921559468654698621e-01,3.545163671265664229e-01,4.505339421319295434e-01
2.552371032508019555e-01,-2.807183468772542767e-01,4.366284087583037765e-01
2.434047832841508274e-01,-3.729675712130529064e-01,3.269930536428335976e-01
-1.703841782941328820e-02,3.451311146092395088e-02,-8.942195027498589521e-02
-1.488515752431684991e-01,2.695492927139895301e-01,-3.916984902237122812e-01
-2.962656927732887358e-02,-7.925500986534839143e-02,-1.517971888922664547e-01
-1.267961858204565972e-01,2.426282337013626611e-01,-3.598847891090716233e-01
1.962278687060938775e-01,1.848052314205416158e-01,4.115587909297745428e-01
-8.435330506425109398e-02,1.058553256403416132e-02,-4.035495883275016515e-01
-1.139719600145532308e-01,6.291877256271494190e-02,-3.446252457691179050e-02
1.291930731882812156e-01,4.339759979882051866e-02,1.964757858250643086e-02
-5.163319871327787247e-02,-9.407373690525455689e-02,-5.887423468669072957e-02
5.249791920792290512e-02,-1.197090282729871280e-01,-1.808518187874037508e-01
-9.172266700834574848e-02,8.100094041141514545e-02,1.538166154655782325e-01
-2.195824604489038379e-01,2.578350384904117831e-01,3.206050659591120899e-01
3.027341292278273865e-02,6.212703758475157656e-03,7.375696869466086270e-02
-1.575730183220489522e-01,3.501596552399440787e-01,3.562496693033865292e-01
2.207346838677559653e-01,-3.188246887354512227e-01,3.914522144325812691e-01
2.792796869906474244e-01,-3.270885702760811808e-01,4.034566478714556315e-01
-7.478207505002965050e-02,-1.663738659004867504e-01,-2.658528064514222855e-01
2.524166630589497196e-02,-3.762980149365957594e-02,5.318038676904224271e-02
7.079078745596345534e-02,-1.446335053827041417e-01,-8.210586461245050760e-02
7.031516607265075880e-02,-6.481414059093004720e-02,-2.009377388527022745e-03
-3.046060809849659989e-02,3.242707827863688941e-02,-5.258176370004785660e-02
-1.174571286949390725e-01,1.495895267654447913e-01,7.220522404973583885e-02
-2.342483008316419424e-01,-2.463951419540121313e-01,3.377229917289880090e-01
-2.160142094283722392e-01,2.201637762105348450e-01,2.155740012984747045e-01
-2.279247587868143965e-01,3.913935906007298682e-01,4.893868633594656847e-01
-7.412643151800712982e-02,-9.639821169175721849e-03,-3.606575079197029687e-01
-1.789261488943687528e-01,1.435584151148825427e-01,1.227048225529737691e-01
-1.662494790254924748e-01,1.131909538816457950e-01,1.291883365371148118e-01
-6.541579810667286221e-02,-1.048635547447938077e-01,-2.260908212978913756e-01
-1.829082821892570321e-01,2.800838657827884326e-01,-4.320687771166287217e-01
-1.792943785666011314e-01,1.671427035616313006e-01,-4.985210283892606009e-01
-1.116801992843287072e-01,-1.217529718805732131e-01,-3.503625640171084132e-01
2.201720019223659675e-01,-2.657735712242214055e-01,4.504787050335106180e-01
2.282363986758073615e-02,8.772929022970932245e-02,3.166457596443184030e-03
1.249046886762101849e-01,-2.371680333408587860e-02,2.695021369080063955e-02
1.182080750098248867e-01,-4.809634480399671563e-02,3.872936468935939125e-03
-2.042096323045436979e-01,1.604445118315933616e-01,4.662587901252331912e-01
2.486900517511069220e-01,-1.972127989263734449e-01,3.768384373923839847e-01
-2.107676357640658749e-01,-2.806863441280250671e-01,3.606659556130900057e-01
-2.331868290993077686e-01,-2.646768867645542533e-01,3.495824339041574413e-01
1.412431551860738876e-01,5.660727282528499327e-02,7.386248892631519514e-02
2.887216086467588871e-01,-2.661759038826864154e-01,4.070299515319159012e-01
-2.728748798433061618e-01,3.859145466897596632e-01,4.095409344346113700e-01
-1.594934794107849552e-01,1.419973758748397374e-01,1.061827723732963191e-01
-2.355857662386918738e-01,2.649080875804765700e-01,4.883893285918039506e-01
9.089620571187995157e-02,1.884072413579710448e-01,1.251057562187942729e-01
2.127020427086084853e-01,-2.951272679073481120e-01,4.260440821472821771e-01
1.112549635397536152e-01,2.550193027732631235e-01,2.376748498311556101e-01
-1.875654174156780041e-01,3.849323011800168670e-01,-4.404465588234179885e-01
-1.263016238114349488e-01,1.902385175712210108e-01,-4.126988038747889664e-01
-8.556462509883433487e-02,6.677074014736728014e-02,3.905993257345763414e-02
-3.021940406143982516e-01,3.297923718538789961e-01,4.569786275874986314e-01
9.112424962216070234e-02,-1.079528610099834696e-01,-9.072562928266580951e-02
3.165387456331546501e-01,3.213181023087454680e-01,4.871673163451475386e-01
1.094524917867961689e-01,2.577169416895631615e-01,2.237384694420385678e-01
-1.529533853709049707e-01,2.762959228366141939e-01,-4.042551706812560486e-01
-8.951756164739455013e-02,1.240876121037104429e-01,-3.691009249100463130e-01
-3.059731340741989047e-02,3.279499051996870307e-03,1.821084864507882539e-02
-7.598636163622463080e-02,1.856834017456810981e-01,1.586856117421121537e-01
2.266908087118316706e-01,2.055716040579191883e-01,3.413349726534503636e-01
-1.223784735129879175e-01,-2.778352391786357289e-01,-4.699478188857156846e-01
-2.348377399239588437e-01,1.779243985440150944e-01,3.251090834038006250e-01
-9.082473693730230835e-02,8.132471885771941356e-02,-4.408278490118360260e-01
-1.563894285254280314e-01,-1.724558459491719598e-01,-4.834716702741381766e-01
-2.359615830866587105e-01,-3.973623639248202721e-01,3.488429951816401919e-01
-4.667162095920374121e-02,-5.509847080676533171e-02,-1.499697996726717664e-01
1.611712528648030496e-01,-3.493923596171973900e-01,3.603798445007511120e-01
-1.342376406484598883e-01,2.306752507274560937e-01,-3.451972319614927676e-01
2.473590892535457719e-01,2.733485241117887821e-01,3.391611042185462832e-01
2.267276030466572889e-01,-2.896393230344423975e-01,3.788340270772596607e-01
-1.524057546437539434e-01,2.270494793821804524e-01,-4.805832262602351967e-01
-1.475023221640635596e-01,9.720324294959226119e-02,1.988819895147336814e-01
-7.018507544736085624e-02,-2.038187721855009293e-01,-4.246235868997448870e-01
-1.338210374139586767e-01,2.165562014003744595e-01,2.917424577895667559e-01
-1.326930200579702346e-01,7.347120318940181249e-02,1.595703341267065145e-01
4.875209176642136821e-02,-2.821555601954073289e-02,-9.475242913776693587e-02
2.159290360567371891e-01,-2.160169697575433645e-01,4.128611287744865521e-01
-1.201719787042038190e-01,-2.886316523058085615e-02,-3.284590458041722894e-01
-6.613060373788681723e-02,8.424198775466296141e-04,7.672262020529496684e-02
-1.563394041248757915e-01,-1.031295745505713679e-01,-4.147374663943763640e-01
1.479190170993370801e-01,-7.812523876700794290e-02,3.208309537939944001e-01
-1.690735584472616848e-01,1.952702501105909594e-01,-4.768771215530274166e-01
1.630045438475768993e-01,2.929438154356114321e-01,3.821246095874170079e-01
-1.426245888374368942e-01,1.074874573675322909e-01,3.327268557147580186e-01
1.874508076667840140e-01,2.897515412921178868e-01,3.877235228473878692e-01
1.748115615993476313e-01,3.531126206415633462e-01,4.112215685601113835e-01
5.123644464253707120e-02,1.201415345211515051e-01,1.196414047254622526e-01
-1.770956389669448017e-01,2.058766593261539546e-01,1.741584744535726870e-01
1.215512643094736056e-01,1.434712282594619026e-03,8.438048480873316937e-02
-8.170944389457013290e-02,1.367327693147390999e-01,9.497725211177032723e-02
2.634488473938841890e-01,3.713359802420873601e-01,3.959543240361977912e-01
2.631413627204398642e-01,2.973971273192961284e-01,3.425170854217780558e-01
2.116850351563810406e-01,1.651876790853551435e-01,4.486842170638833949e-01
-4.485847532012887662e-02,-1.696476283966085186e-01,-3.417225057614255990e-01
2.821505179249783613e-01,2.814028481116425118e-01,4.639692894068101481e-01
-1.689388406358895978e-01,1.317286780120762169e-01,1.682361323309745638e-01
-1.126426036847318901e-01,-7.862478853265630896e-02,4.244855068621655736e-02
2.711706558156415925e-01,3.282948685318128890e-01,4.468389378614564533e-01
2.088609518913531193e-01,2.644890320082347035e-01,2.937103743683512347e-01
1.759645504931950377e-01,1.719717857807669947e-01,1.139767360130461427e-01
-2.184702403184628494e-01,-2.969895715699507610e-01,3.237090676359031249e-01
-2.293449995957974608e-01,2.707658641938865962e-01,4.344502911863052930e-01
-2.939579278592879819e-01,-2.412467674013747398e-01,4.694139708793292343e-01
-1.275755418768775851e-01,2.778053872538871483e-01,-4.919449734936469643e-01
-1.901794904373466100e-01,-2.058629216477214641e-01,4.438055807389246210e-01
7.600339144652978884e-02,8.021628136577463319e-02,1.776473385765804380e-01
-1.565605849447928577e-01,1.351395506151935599e-01,2.057679289852116788e-01
-1.419564016751775348e-01,2.475301003466919836e-01,2.774038670555453168e-01
-1.290345112835251662e-01,-2.976171144688145587e-01,-3.118310864338912358e-01
1.853489621125260500e-01,-2.972134097692379351e-01,3.609802712886293063e-01
-1.592659263127386149e-01,9.450376924977044180e-02,-3.856906156897293991e-01
-2.782235519438156501e-01,-3.242063860923881657e-01,3.770989195357203894e-01
-7.273131835826840419e-02,-1.976038603666141480e-01,-3.795950624918678074e-01
1.528296189794595694e-01,2.018201607280247778e-01,3.641831326505199362e-01
1.948184415638706257e-01,-1.995778891016248835e-01,3.683500275812160440e-01
-1.120381807546451114e-01,-2.375799837976095841e-01,-3.140146744107767951e-01
-2.183464668143972887e-01,1.644710890806642123e-01,4.967995800942214268e-01
-1.249139854346352774e-01,2.909740893919067206e-01,-4.541703248147012095e-01
-3.748625117321313649e-02,-1.555584894683657016e-01,-1.479661726259065002e-01
6.330164604735322165e-02,-1.037062744483816523e-01,-1.221580658077459081e-01
-2.599033184075821845e-01,3.553739568216274236e-01,4.862464896879298282e-01
-9.532119327156107769e-02,-1.798098759727678742e-01,-3.135791701373281670e-01
2.919375611664803971e-01,-3.059513982320312131e-01,4.027406322507651737e-01
2.123583445637917677e-01,-1.494590894674960868e-01,3.310195254397283460e-01
-1.705224355866582497e-01,-7.219722686293084113e-02,-4.166641418650438577e-01
1.154178236541801850e-01,1.440793825896311553e-01,2.716213060994221440e-01
-4.631528186301658856e-02,-1.974333671708849991e-02,-3.426191704011711803e-01
-8.122397606159292849e-02,1.999458436015323359e-01,1.722393220659614865e-01
-5.245659061559238001e-02,-1.409733213283165254e-01,-1.426870128824327955e-01
2.305170227627663104e-01,2.752786171015246808e-01,2.628141166240621773e-01
-1.267260687456484014e-01,5.338180118004531849e-02,-4.108482395613373139e-01
-1.119404351831740918e-01,4.747905468712287913e-02,-4.051823028188440423e-01
4.145027771648679416e-02,-3.276845151579721449e-02,-1.539345661877781213e-01
-1.591431979114288353e-01,1.683011880534741600e-01,9.044270808483645396e-02
-8.324803015103954262e-02,1.572816245898477350e-01,-3.849317543226137284e-01
-1.427434320303392346e-01,-3.034573835504744688e-01,-3.988522764952123767e-01
2.757559483559275382e-01,-2.729789196189422729e-01,3.827908858405020265e-01
-1.331796578618030802e-01,-2.637789078517369656e-01,-4.041583099794252565e-01
-1.764309353096712440e-01,-2.284058710716496687e-01,3.753513314213606789e-01
-2.536921195388756045e-01,3.579547925052832813e-01,3.605151599349146752e-01
2.135758842688750825e-02,-1.381477533576002115e-01,-1.661845581105526604e-01
-1.388676186764874476e-01,1.551346893181203557e-01,2.914673906183899987e-01
6.411658207881731908e-02,1.165977370535591362e-01,1.096527865767754628e-01
-2.004587953065306571e-02,-9.107968003788469158e-02,-3.253025606734895048e-01
-1.667225819439297485e-01,-1.304410112089433582e-01,-4.545911903968994361e-01
1.292429918264822453e-01,-2.248669314569828881e-02,3.165882199846207223e-01
3.233072333751170202e-01,-3.583150104044122708e-01,4.707786653025166634e-01
-1.013467506498489934e-01,-2.282207709859657152e-01,-4.860787039446535784e-01
5.059173708849118434e-03,-1.156170358281602972e-01,-4.095961336936304598e-02
-1.037153586071094535e-01,1.385754680909037084e-01,-4.806244676883226763e-01
-1.483511667841106441e-01,1.771232996511503677e-01,2.395586047670060781e-01
-1.753122720394240108e-01,1.027798437577245316e-01,1.257302102797513976e-01
-1.495683304656436619e-01,3.575216071545013197e-01,3.568993146576485698e-01
-1.216934776463811652e-01,8.989325818025617476e-02,-3.664242599965958913e-01
2.640828544867599437e-01,-3.328836513203515812e-01,3.543686432180483958e-01
-9.863597226089881875e-02,-4.849660829885005242e-02,2.637141600514192330e-02
2.402967230933349407e-01,3.353667576334211642e-01,3.481782900479272191e-01
1.368453058790871646e-01,2.623783826000801733e-01,3.092086462024876692e-01
2.258839140359802933e-02,-1.440299575820849221e-01,-1.413336642512170727e-01
-1.561250745719806599e-01,2.298465485253394780e-01,-4.031885730311050020e-01
-2.097975470613504534e-01,2.894215622076836691e-01,3.177650261778857121e-01
-1.432692483283628526e-01,1.450836343173566023e-01,1.042610476622679583e-01
-9.512102582969761411e-02,7.620110603751073519e-02,2.083244282374738798e-01
-1.200490968916758661e-01,-5.148882375049668170e-02,-4.623124681330081920e-01
-8.349593491154816416e-02,2.426839423347322278e-01,-4.135288279421042157e-01
-1.514911949863659846e-01,2.797241521633444528e-01,3.016988805960024722e-01
-1.478595198886908380e-01,-3.238707346956304356e-01,-3.843658587364057189e-01
-2.710857632256149508e-01,3.319257762931467903e-01,4.637035723593403436e-01
-8.594165761203709231e-02,1.772771794950400714e-02,-4.939866901189254866e-01
-1.636970922100836612e-01,-3.471937001819207502e-01,-3.921896011389034431e-01
1.615603950085686691e-02,-7.861653772907617466e-02,-6.416534295071707472e-02
-9.361518160734139116e-02,7.515747383420801064e-02,-4.088976487399054172e-02
2.152745572351014713e-01,-3.463836849786755545e-01,3.929892457787548254e-01
-2.742803924769032786e-01,2.433673271722872622e-01,3.351938041926447731e-01
-1.685098000430842458e-01,-2.208021707035905390e-01,-4.049795038335973762e-01
-2.735790294876936368e-01,3.220635368095164930e-01,4.993059664932537611e-01
-1.597350686464454883e-01,3.425769048400298944e-01,-4.659074417686819292e-01
-2.127154629191485569e-01,-3.578661175428060615e-01,3.193277695666318916e-01
-7.080703552629641351e-02,1.125115157962044421e-01,1.179617667378126677e-01
-1.049411568665523653e-01,-2.149472885146941348e-01,-4.205452721524262083e-01
-2.273082945317805859e-03,-3.856936418467571404e-02,-7.884856352255142919e-02
-1.395718704060283644e-01,1.730432997281270424e-01,1.919567654952059055e-01
1.515357272826148849e-01,-2.439194613666383349e-01,3.476565537887649215e-01
9.795399310540653381e-02,1.776979113810911448e-01,1.529214503312608109e-01
-2.138889769182155121e-01,2.214084582860821326e-01,4.674671657162610128e-01
-2.950363704227841888e-01,-3.480633377542389217e-01,4.927022917385890377e-01
2.219832498750268224e-01,-2.098706825140143062e-01,3.345763903033178721e-01
-6.261947204255202681e-02,-1.179512686249339914e-02,-4.429824798461076130e-01
1.471131573447403973e-01,1.439669930727673908e-01,9.184369001443093428e-02
-1.562084070085059118e-01,3.481721745020961434e-01,3.475230335058401288e-01
-2.356507181702437448e-01,-1.517978513141680086e-01,4.958440768263955301e-01
-1.697625750518009236e-01,1.231725519556482462e-01,2.721589567979646462e-01
-1.247732926668028153e-01,1.350842748388448866e-01,2.071324820178825910e-01
1.724008397997043307e-01,-3.069713565575429293e-01,3.224455323300271514e-01
-2.025666345136556412e-01,2.072269517876088596e-01,2.094579709092903030e-01
-8.287350938999804573e-02,1.614144840080776744e-01,1.622384923215113295e-01
-1.552365364079585364e-01,9.420339421883949793e-02,1.051916155699709199e-01
-1.500814971090017602e-01,1.337442951806228075e-01,6.405962395637443407e-02
1.890105404889801388e-01,-1.877936653007039602e-01,3.907291740985203710e-01
9.673769340893256796e-03,4.239121541880996880e-03,-9.644548124401874922e-02
-1.009445533182580235e-01,1.652785253630412177e-01,-4.841308893352089804e-01
-3.116561027841834308e-01,3.102936014750899973e-01,4.893302628784661490e-01
-2.027492082870271384e-01,2.291673110316860829e-01,4.041000216945761503e-01
-2.228877674388004548e-01,-2.717514225829948948e-01,3.951607819029093749e-01
-9.584763540483509647e-02,4.488975962733443570e-02,8.275655296370254543e-02
-1.641100119962556336e-01,-2.599900666020307227e-01,4.019366458268179843e-01
-8.481832299485136950e-02,-1.035194510617578612e-01,-4.496875056301952167e-02
-2.614405392467675782e-01,3.503379708617599952e-01,3.573115484184012924e-01
-1.534273604649827316e-02,-1.157874159885400323e-01,-4.772120418420999766e-02
-1.452160820935094465e-01,-1.980369791198248741e-01,-4.943812686269113410e-01
1.755754600747131411e-01,-1.305976439001772516e-01,4.201510527310399201e-01
-5.299101439165121441e-02,-5.790619972493304957e-03,1.120979486467219566e-01
-2.158532454184581839e-01,2.354144590380476965e-01,2.613191466224122905e-01
-1.579405946313698905e-01,3.332836945401036477e-01,-4.651125894104659597e-01
2.045643692660270574e-02,-1.082181856672642661e-01,-2.460426124372646628e-01
1.256628727005251189e-01,2.412629005446351727e-01,2.171662392190856217e-01
1.402381246963764205e-01,1.103079706463563348e-01,2.763634129561641783e-01
-1.137963800058577890e-01,-1.315361255526104056e-01,-4.126415719312961361e-01
-2.056859876790478880e-01,-1.462611919119037873e-01,3.844338116102155034e-01
-2.532149061492761088e-02,6.463255392306643810e-02,2.765333181415774444e-02
-2.494725967670997635e-01,-3.991415993678650853e-01,4.327136457594408236e-01
1.280700277736981363e-01,-2.674390715594154866e-02,-2.352445540801939572e-04
6.878271710448136123e-02,-8.330744148971602758e-02,-9.167566327599119269e-02
2.291828999334173389e-01,2.528589706342718735e-01,3.679194135993979486e-01
1.265870370878428020e-01,-4.941711905897994139e-02,7.859732712018785428e-03
-3.129966937246941860e-02,-1.750958269138025436e-02,6.024298065448696615e-02
-6.998683916032122365e-02,7.857897707764815998e-02,-3.591834070389381406e-01
8.719306507796742434e-02,-1.049529092933303431e-01,-5.243726751516830653e-02
-7.700484298991949750e-03,-8.152073248628277646e-02,-9.696907375488594827e-02
1.885717725873576889e-01,-3.435807629808113051e-01,3.606777881077836145e-01
1.740645475548849852e-01,2.057667469481314626e-01,3.856276853650286718e-01
5.823935254987488985e-02,-3.594525778744550593e-02,7.738016599488739544e-02
1.669755620531088169e-02,-6.732022443753926666e-04,-1.574240678640421720e-01
-2.728763991390392718e-01,-2.649380271508725571e-01,4.307890032407049041e-01
-7.023392223749447272e-02,-1.909570814796750504e-01,-2.086330225446947351e-01
-1.780045101670720831e-01,3.147065337959077391e-01,-4.803528310823041991e-01
-9.722393779478555320e-02,-2.390622804328351725e-01,-4.852102008127823218e-01
-4.769181595187843570e-02,-1.439761782813470115e-01,-1.255587419066865884e-01
1.677669367214414953e-01,1.296505538044780970e-01,1.217387298253128636e-01
-3.048403172238467462e-01,-3.936853791117375101e-01,4.969490121694997153e-01
-1.602349404559657575e-01,-3.296997278619790972e-01,3.798216709205609609e-01
9.170745132250801568e-02,-1.244801846461274231e-02,-7.063827735173533462e-02
2.413199971381112530e-01,-2.701527450204708192e-01,3.562568512864040526e-01
1.437325516513335844e-01,1.167435508672081124e-01,2.193916950582056602e-01
-1.920832234149967288e-01,1.874161723864153917e-01,-4.581277505321346144e-01
-2.527265925755218801e-01,3.588539470356140182e-01,4.445078276304467169e-01
1.732629803699887727e-01,-2.821048988842356220e-01,4.123746928126583722e-01
1.387701269727719122e-01,2.666397139948305517e-01,2.812622603035750402e-01
-1.346269146406865458e-01,-4.182080805174592797e-02,-3.273426179386274004e-01
-1.309556475946069831e-01,-2.556194951799656279e-01,-3.460780461166856892e-01
1.821437411104088744e-01,-2.257831251256184890e-01,4.178003202820620432e-01
6.536608965006329708e-02,-1.697057331215212628e-02,-6.214656738565937921e-02
1.226499953568210843e-01,-6.867632638790943655e-02,-2.135831476641503190e-02
-1.045947702089567999e-01,8.603536160096880714e-02,1.217803938916655060e-01
-8.431330074665499552e-02,-1.792796327999071071e-01,-3.423814447085902213e-01
1.589126804506407753e-01,1.755291870096290507e-01,1.487314592998122409e-01
-4.306506549258615202e-02,-1.096773904767793795e-01,-3.357697733483869795e-01
-1.023652600077117336e-01,5.372328532159686976e-02,-4.623716016258005990e-02
-1.128520577073642839e-01,3.008438864962255099e-01,-3.527269781695381301e-01
1.394394522562408811e-01,7.558456734808505217e-02,2.348952833168219678e-01
-1.098293630077561422e-01,1.724427950408210508e-01,2.008432006595253227e-01
1.848683717259136383e-01,2.300950420435355914e-01,2.497207739275562055e-01
4.939031375134861346e-02,8.472689789665066584e-02,2.540684757143529815e-03
2.690524689905929856e-01,3.531059061926568043e-01,4.422782822371698064e-01
-1.753526753675251904e-01,1.842138660736448719e-01,1.838387279889539538e-01
-9.423733961316937968e-02,-5.427927708683488728e-02,-5.765550455361712068e-02
-3.423253553910583502e-01,-3.440408391520322073e-01,4.953855777052367237e-01
2.173934937286174929e-01,1.765825253348574098e-01,4.123472136634340757e-01
-1.682658103262144600e-01,2.972262808395536027e-01,3.221804003382092718e-01
-4.538170492403703626e-02,-1.876256091992745123e-01,-1.325381942684221714e-01
-2.009603675296569580e-01,1.867385828290329952e-01,1.953515678750390450e-01
-2.368804576308081167e-02,2.046290813481776993e-02,4.499786043162123939e-02
-1.135544224399487323e-02,2.412553296835795447e-02,-2.500309966517733073e-03
1.541664415860511950e-01,1.702628142519531096e-01,1.740701282699760322e-01
-2.110703475198526524e-01,2.010922988597603212e-01,2.848173248758559817e-01
1.534533975656238169e-01,-1.054093232339780029e-01,3.739015647133816511e-01
-1.259927926211125149e-01,-2.269169814666741614e-01,-3.516008800136897205e-01
2.219045391304806936e-01,1.921540056377692984e-01,3.857805681680198662e-01
-9.727849489952011819e-02,3.041106371530866159e-02,-3.510207106652729614e-01
2.263806227430353868e-02,-1.826883696056313955e-02,-6.130712893156786691e-02
-8.753654446823033730e-02,-3.086362609135062662e-02,-4.345209428103086191e-01
-6.193163979775984096e-02,-1.147326397818784205e-01,-3.964397380929651771e-01
-2.013534700502385144e-01,1.477129088946325108e-01,3.093109077759262915e-01
-1.621022720938861683e-01,3.043993551491508409e-01,2.952189585870417243e-01
1.593925939019191773e-02,-1.005845167434761267e-01,-3.900555331697108663e-02
-1.440236510485917165e-01,1.901188887579986497e-01,2.584770299325536147e-01
-2.358907663747571437e-01,-2.210470552020862289e-01,4.339965292536368535e-01
-1.605288594109268718e-01,-1.175073459912356899e-01,3.348208925059077412e-01
-2.673007253025572183e-02,2.818993720987217344e-02,2.921538537389278822e-02
-7.568808021987416534e-02,-1.900394287000661819e-01,-4.516231190944794971e-01
-7.716793424669932122e-02,-1.861212657327578901e-01,-3.462144879300098621e-01
-5.637073954841154144e-02,-1.053056251795132514e-01,-1.161700961814283728e-01
-1.561371816777724630e-01,3.740933479879156032e-01,-3.537285133312225716e-01
-1.048431915914707080e-01,-2.280033760842654633e-01,-2.972944956670406924e-01
2.541194235200220364e-01,2.612306120436908019e-01,4.024393292494373719e-01
1.849021421560901324e-01,1.349390458615166155e-01,2.300589984493356388e-01
9.620404793247194775e-02,1.468226238686480833e-01,1.736116628573557419e-01
-2.457483739165581271e-01,2.004743875702619249e-01,3.214101628372409980e-01
1.836952204528961019e-01,-1.748380271051891421e-01,4.206390738365575199e-01
-2.639030931368038235e-01,3.519316973170105722e-01,3.517479853960110425e-01
-2.156807028031425544e-01,3.399175893179248176e-01,4.281592924924205734e-01
-2.401556279677565797e-01,2.808928367345439048e-01,2.893355736594618310e-01
-3.409758492745468272e-01,3.683415572988709696e-01,4.971235483578660963e-01
-9.867874279655419745e-02,1.194540159224851683e-01,-4.138719483008891364e-01
-8.692468936788777523e-02,3.573341870397617193e-02,-3.494580740379690242e-01
-2.360758192831006186e-01,-2.857502718514320916e-01,3.751728180208321328e-01
-1.835160196507575892e-01,-1.471592673322730249e-01,-4.533298959302253239e-01
-2.211951862418147785e-01,2.676891600417145023e-01,4.639973434131497987e-01
2.108341992446217672e-01,4.129195685922311121e-01,4.852121192090088631e-01
-2.337859806966583465e-01,-1.837254245425568033e-01,4.268615680524818767e-01
2.538972751303439912e-01,-2.392022254605100651e-01,4.897822152563944265e-01
-8.695533843614133840e-02,5.325573678325301596e-02,-3.306353201346942106e-01
-4.795809577235510268e-02,-7.702158098833744582e-02,-2.042952367230087551e-01
2.341341327653128079e-01,2.182205842289706155e-01,3.553822139527185175e-01
-2.185891477656524140e-01,-1.510760642813334664e-01,4.729697052471308893e-01
2.686879563748395539e-01,-3.543308975331032062e-01,3.305923304592386369e-01
-1.620747501786128364e-01,8.691656351214482878e-02,3.783882089283602257e-01
-1.479447689383460718e-01,1.631468725072702242e-01,2.638883538578862265e-01
1.939001342342366874e-01,-3.019615199354533930e-01,4.093768163457413012e-01
-1.437602226471703659e-01,2.582552463274565557e-01,-4.639668775573745352e-01
1.020366039777755862e-01,1.042895160196588566e-01,1.415868283065557787e-01
-6.999304402588091278e-02,1.771830282958374303e-01,1.201731418063960444e-01
-2.265669072213334356e-01,2.280434995121241037e-01,3.790099983661766592e-01
1.679270028121836456e-01,3.203741103007975433e-01,3.515784422457685077e-01
-2.630232489683693720e-01,-2.302349312164519990e-01,4.011734734858849460e-01
1.621589031628638544e-01,9.786221911126502526e-02,2.832796755406332689e-01
-1.753589659803413969e-01,2.000797966856971977e-01,3.427120817366120509e-01
-2.101448003015190524e-01,-1.432549315791590283e-01,3.832884874568733835e-01
-1.150749031059427052e-01,2.596635798087985059e-01,-3.415026472878202046e-01
-1.684537842810911457e-01,3.025502175829049012e-01,-4.097597148360228037e-01
-9.352925194720018709e-02,-7.510448027505434165e-02,-2.572409107347841672e-01
-1.007467201724174810e-01,1.934355194856371973e-01,-3.236388277925624779e-01
-4.538887517220524526e-02,1.774437761478495634e-01,-3.292143655193289220e-01
-1.206638332076823694e-01,-1.620457658172108628e-01,-2.944738421400768802e-01
-5.856162697764433211e-02,1.813769554889885782e-01,-3.712836048890411078e-01
4.251093527219518275e-02,-3.443749768383497223e-02,-9.942947748635666549e-02
-2.571882678680040835e-01,3.370864907594262050e-01,4.464072958684460746e-01
2.274867450172224359e-01,3.218688497895949574e-01,4.746890210330799720e-01
2.945028595821718165e-01,2.704537364893810913e-01,4.931684905193626234e-01
-5.945067611502641292e-02,-1.892430634719211024e-02,-3.570877144085213839e-01
-2.225403456138143055e-01,1.835914391503035148e-01,4.346766529506254084e-01
-1.264126880951413900e-01,2.713724591521188279e-01,2.791308460615322673e-01
2.311571567612329403e-01,-3.862839009427415649e-01,3.347624283424720515e-01
2.161798619216981354e-01,-3.384373764463380896e-01,4.334571301828504808e-01
-5.805597862979927637e-02,1.227702097018728011e-01,-3.226719562214366288e-01
1.032089141601745252e-01,2.905872338233828067e-02,-5.621454596799546621e-02
1.260850564645150662e-01,-3.136807340895486629e-02,1.048372384164328874e-01
1.566497363814189914e-02,-6.173648479165450009e-02,-1.456583727930039762e-01
-2.206454413019376393e-01,3.830107214114640835e-01,4.399278368380283855e-01
-1.258777021654678974e-01,1.939775552831869421e-01,-3.918283019202163375e-01
-2.384427273031445305e-01,-2.730977866500371443e-01,3.164034154802116694e-01
1.361384050755669595e-01,1.058403098776207196e-01,7.977766434908084570e-02
2.634670356845943973e-01,-2.625870085747343818e-01,4.858170155941295976e-01
1.596028745882682731e-02,-4.295367806853267467e-02,1.808419684326978416e-02
-1.149860558986305348e-01,1.310220793918782656e-01,-3.819604765558091142e-01
9.936859749225945837e-02,-9.052170122807778885e-02,-7.365865388738990216e-02
-3.982383559636282211e-02,1.118745362232035356e-01,8.767931988380794905e-02
-1.000028501500417333e-01,9.143745004402437093e-02,-1.880769591304420896e-02
-2.294612548533073726e-01,-2.456426715568859054e-01,3.785346860306089134e-01
1.453271815563568214e-01,-3.841309003539372657e-02,6.804778373195063956e-02
-2.539671284471014534e-01,-3.786381600429633565e-01,3.582926563450918866e-01
-5.436024026693364597e-02,2.006454952354268517e-01,-3.221621788187234436e-01
-1.605539498322062775e-01,-3.311402054494528846e-01,3.261357289888298094e-01
-8.896588799441962347e-02,-1.774414696939364822e-01,-4.461557688950305023e-01
-6.681888294977300635e-02,-1.916982643382378892e-01,-1.763704715727801853e-01
-5.678417503068533545e-02,-1.628890136417222578e-01,-4.079639719775149942e-01
-7.132792618751271352e-02,1.161515883006980498e-01,1.574228275685349843e-01
-1.584033774784480153e-01,-6.843133716579852255e-02,-4.639250257499398788e-01
-1.409993815012887675e-01,9.909367176328642834e-02,2.023563631303443300e-01
-2.358554064848567000e-01,2.376694680251475456e-01,4.904244958670658239e-01
2.922753469295179540e-01,-3.700018143476265786e-01,3.902510369854924610e-01
-1.122127905173513351e-01,1.160234891377786015e-01,9.235632753850475662e-02
6.215763017981301708e-02,-8.843826534972920594e-02,-9.364193181874747030e-02
-2.144806368051516143e-01,-3.347233712818722395e-01,3.997105107176428529e-01
-8.596956047663195655e-03,1.441412701282451803e-02,-3.192900970899857915e-01
-2.204931287629185999e-01,1.990457364061756218e-01,2.648552118133828959e-01
5.243862830199619296e-03,-5.606149140623872817e-02,-2.205007687538051986e-02
-2.181129606105366436e-01,1.959399356552533611e-01,2.324505407132037016e-01
-2.137399866779496893e-01,-1.393555442596761118e-01,4.731498897770926026e-01
-8.191911744836910536e-02,1.147779255100933593e-01,-4.812181215333033446e-01
-1.363565884368321823e-01,1.199110194568088206e-01,1.583779879494401355e-01
-2.120996750488989280e-01,3.255739824363025336e-01,4.814374785785233701e-01
-9.798296269044681761e-02,2.814069312667458744e-01,-4.650819798956173923e-01
-1.651715608085757570e-02,1.854731238288845896e-01,-3.218271249285039604e-01
-2.621875785771142775e-01,2.216436459320209051e-01,4.156527643915755021e-01
-2.409500241749061855e-01,3.147958526108914912e-01,3.781709814241482892e-01
-3.225810909777905300e-01,-3.608464908935008486e-01,4.501070399299760272e-01
-1.131543910204203529e-01,1.363203464281007582e-01,-4.127127478883807488e-01
-8.011052566571730260e-02,-1.445208831395258242e-01,-4.661593154779349879e-01
1.587699118977488055e-01,-3.480760989977796926e-01,3.467754602405616060e-01
-1.594349391169905816e-01,2.635338893770939883e-01,-4.753326991145535585e-01
-2.307620080439447552e-01,-3.912270068910470577e-01,4.380503437065409456e-01
1.224170056731443967e-01,1.300743001218893635e-01,2.568963950458174050e-01
-1.234020701234942452e-01,2.428248412858242666e-01,2.753946251556005365e-01
5.831434742316765618e-02,-1.667845089507588030e-01,-1.187726229376864229e-01
5.372544566499659613e-02,6.313137300881144220e-02,9.214949273562944576e-02
-1.724231775716073001e-01,-2.304037130464684502e-01,-4.544053611314453622e-01
6.780963348141244573e-02,-7.411145235119764862e-03,-7.941696044305235347e-02
5.464942654880222683e-02,-7.052618835002255615e-02,-7.401653935515573046e-02
-1.300592686874637582e-01,1.123591457241488456e-01,-4.744876724285803649e-01
-1.067692277539132872e-01,1.943256202764870322e-01,2.367892278042936782e-01
-1.907337658000346492e-01,-3.598460382960242399e-01,3.797863220566729536e-01
1.835443368776726869e-01,-2.402844363507304903e-01,3.476053797084376340e-01
1.267035510103068363e-01,2.126564296152748668e-01,1.735951934524068152e-01
1.290545578283653905e-01,1.480224875444137167e-01,1.062376403677006698e-01
2.585244956190485555e-01,-2.782461384554842931e-01,4.368986880501263270e-01
-8.840165868301985697e-02,-1.266564181003626555e-02,-3.966524977987067047e-01
1.100763262520114694e-01,1.821315310975182289e-01,2.097709588734222308e-01
2.828688728353238035e-01,3.686919725530275471e-01,3.967028910175348644e-01
-1.166044558565844103e-01,-1.509106376703361896e-02,1.336724205005099808e-01
-1.346484923391694233e-01,6.793938989588899080e-02,2.321500392848782068e-01
-3.291264814466159372e-01,-3.329570769483889414e-01,4.952458145297784498e-01
-1.954041172365201806e-01,2.247119753142111653e-01,4.423939134828703823e-01
-2.264774928879192961e-01,1.911820156658847747e-01,4.795819501449546385e-01
1.611162105947643308e-01,1.255824998658310321e-01,2.828570664427498826e-01
-2.125217352670677462e-01,3.203179177426870305e-01,3.713111551748429218e-01
-4.029280717970407100e-02,1.923952653224508813e-01,-3.580954750571143652e-01
2.644024491836898250e-01,-2.782105620539775392e-01,4.397906167385309262e-01
-1.422850141138549684e-01,6.076686496371686008e-02,1.615227448248727216e-01
1.474172084934666227e-01,7.052145333779180625e-02,1.004276661340265386e-01
-9.042760668277238789e-02,1.613462431774796979e-01,1.027564279034176575e-01
-1.596045319026009324e-01,2.135654683999859138e-01,1.906195604291532897e-01
-1.354559398108079460e-01,1.025437087363405553e-01,2.559655191170496780e-01
-1.248367192617114707e-01,-8.513799926231879756e-02,-1.426524153938346640e-02
6.201191921406223884e-02,-4.253948011856967248e-02,-1.275976664494036239e-01
6.213808570488632554e-02,-7.597031482071914255e-03,1.627995498751577674e-02
1.669139209198757801e-01,3.204524892152342819e-01,3.691354166590824493e-01
-9.989317992322666040e-02,2.852760712082367256e-01,-4.715165275382362520e-01
2.376108454174155060e-01,3.735956288288607707e-01,4.231286504292244288e-01
-2.096964043117073295e-01,1.530748315816661265e-01,3.707886020704037611e-01
-2.151337458049815687e-01,-1.395242984020110821e-01,4.411714547083189775e-01
-1.681841539754630466e-01,9.239977977951818744e-02,1.567062962633798406e-01
2.754912922205199344e-01,-2.757569396129899708e-01,3.443368811886805547e-01
2.251947169692958273e-01,-3.514436558130207278e-01,4.145976001238278474e-01
2.304904404046909105e-01,-3.816859509476063783e-01,3.492561111624340464e-01
6.472536973769404955e-02,5.462418417496406331e-02,6.321311647952621016e-02
-9.903489494198380871e-02,-3.861428322737403551e-02,8.211739569112141979e-03
-1.092240634466494775e-01,-3.259052315036936598e-02,-1.620104716866832550e-02
2.613718563673792517e-01,2.525998613078925814e-01,3.110045529642045947e-01
-1.217083093157211859e-01,1.439828904964332024e-01,1.668207291360785938e-01
-8.515447841451473376e-02,-1.718871149436596024e-01,-2.513316388957744785e-01
1.142064181604839357e-01,1.712133779508044906e-01,1.251396802686945975e-01
-2.670690214256472572e-01,2.530091282091725402e-01,3.289341106941328086e-01
-1.900183898899877599e-01,-1.128632653272447772e-01,3.885482397348907213e-01
-9.267423208744451912e-02,1.711480016488575728e-04,-6.226481276349293825e-02
-1.959100133902746954e-01,-2.132856777794452929e-01,-4.624370079608528528e-01
2.966462659450728179e-01,3.005689851281186931e-01,4.056260106855371639e-01
-2.999679466657370064e-01,-2.772771401618255860e-01,4.472795213155679184e-01
-1.794462074685098107e-01,1.630563091031120848e-01,3.582048012045091490e-01
-5.950516871772060234e-02,2.201062899469352629e-02,1.261086447179288195e-01
2.301348967959371272e-01,2.667179099405125875e-01,2.930296430372186789e-01
-2.128672305205717707e-01,3.754867272396130717e-01,-4.974517096450518094e-01
1.971131553663314495e-01,3.247751874990407739e-01,4.065487464340502566e-01
-1.949822149185040931e-01,-1.453050468804948370e-01,4.301760636516575032e-01
2.111677621755582157e-01,-3.915781764237385998e-01,3.412303282780752012e-01
-1.573329792273410188e-01,-3.320643588166006799e-01,-3.830105494817119816e-01
-1.251158723821695906e-01,3.021344202071230001e-01,-4.858089626253374593e-01
2.536733276667904047e-01,-3.479602729674579065e-01,3.638858017346936480e-01
1.877627659556078132e-01,-2.894784258987673775e-01,3.832905752995874327e-01
-2.286738300993875761e-01,3.809158132681721431e-01,4.874411545340291418e-01
2.197890189860681742e-01,2.437923386040311557e-01,2.939496473634939377e-01
-2.187449407952207769e-01,3.702130291300532727e-01,4.937985689781358989e-01
2.660980429601154107e-01,3.356970328856628827e-01,3.177223717111107293e-01
-1.163039464732332773e-01,-9.444633919946499034e-02,7.915473218665258770e-03
7.543506908873232053e-02,-3.312891888996116752e-02,-4.321523057446441385e-02
-2.263911050812424941e-01,1.893091816807143113e-01,3.394102523529143323e-01
-2.883353621724982219e-02,-1.011463299029160545e-01,-9.421209145273223839e-02
1.452917678490583953e-01,-2.264553567963729641e-01,3.269999474241257476e-01
-2.020137746106520638e-02,2.973626387572370078e-03,-1.437066836561083916e-01
-2.423945255664110565e-01,2.938784662170429440e-01,4.748750751223004274e-01
1.931232062179882858e-01,3.775161925199789215e-01,4.630890698685289353e-01
1.756432601441016983e-01,3.125333966769326954e-01,3.287009569742762594e-01
-3.215046309800190238e-01,-3.789958151533110442e-01,4.676025158860152020e-01
-8.106629456162106617e-02,-6.260324866632416274e-02,-1.840904666728149230e-03
1.085848445429239417e-01,1.809236248262998670e-01,2.210520555179741331e-01
-1.039132442234218523e-01,3.824888571581464003e-02,1.078171778169066952e-01
7.734772039955273293e-02,-6.080407384988928410e-02,-1.076700739036436927e-01
-2.346315189121989109e-01,1.782367313430234246e-01,3.149995559257802169e-01
-6.468140938793121020e-02,-1.536118834180378867e-01,-3.290213010118159254e-01
-3.802275658385878554e-02,-1.849617560562407670e-01,-1.962147100121576226e-01
1.744532185069502805e-01,1.615162155690689216e-01,3.330690166564440613e-01
-2.645250192702850445e-01,-2.951288155829163706e-01,3.563661801484978575e-01
-2.359463132416664832e-01,-1.881842115179176433e-01,4.013239080776574985e-01
1.776219960890806915e-01,-1.642972475620271267e-01,4.147564238836262129e-01
7.417194127626469680e-02,-1.118814369341359916e-01,-7.578477213607459628e-02
1.714250237952729128e-01,-3.077834833042182305e-01,3.247405218233496704e-01
2.434412389898499285e-03,-1.008444766516712887e-01,-2.336112347101967357e-01
-1.143423726349098724e-01,-2.393440136142248598e-01,-3.088256398105230227e-01
-1.554662628787416567e-01,1.132586890569960980e-01,-3.801825973563567329e-01
-1.543901983738703576e-01,1.396423189209984317e-01,1.739323584158012359e-01
2.222678902421617586e-01,2.437626992127960301e-01,2.227708692318188799e-01
-1.532072071462952101e-01,2.570700838185762116e-01,2.728355423225308218e-01
-2.435388621975485002e-01,1.952847908319832460e-01,4.187643880818423536e-01
-1.745349164006744225e-01,2.317870111728052018e-01,2.971724533080528641e-01
-2.329229194698310135e-01,2.598991877031489039e-01,2.746207542691889714e-01
-3.143146631683846337e-02,-1.132891199546838257e-01,-3.900168393559710900e-02
-1.868257320400277255e-01,-3.519420017960087632e-01,-4.620251016657345167e-01
1.704762720273068632e-01,-1.288849504544787861e-01,3.755629119675769623e-01
-2.016947896806511320e-01,-3.007921642304779430e-01,3.201346781622534943e-01
-2.262911677001672173e-01,2.021165724550216813e-01,3.340706150106816930e-01
-1.141983078860910883e-01,-2.374607257576022423e-02,1.246145379202479031e-02
-1.544005601023497043e-01,-2.935378108250286111e-01,-3.908511315210534409e-01
-9.447274287002815907e-02,-1.334957565839227644e-01,-3.260214785941986104e-01
-1.568928452243736338e-01,-3.370502668029385918e-01,-4.493492621264723041e-01
2.065928271410566452e-01,2.557251543490377532e-01,3.002055787340162096e-01
-2.262954665090598505e-01,-2.624044252150223855e-01,3.379073745252796357e-01
-2.044245048836339507e-01,2.253534323608494816e-01,2.517753542377344500e-01
-1.064701500586191507e-01,5.391553738854126809e-02,1.010875591931945650e-01
-2.511208777587999874e-01,-2.490972185037402253e-01,4.984295019857644116e-01
2.037349876699017237e-01,1.326967336069166947e-01,3.421755463069664494e-01
-1.271603352221606364e-01,1.959061100061709748e-01,-4.725056509295605389e-01
2.208424793878525083e-01,3.135669215415346489e-01,3.724810326964290708e-01
1.876010757939751139e-01,3.261407782365601804e-01,4.501170997753498604e-01
3.191275501847182783e-01,3.187883542717155905e-01,4.957334401135453650e-01
2.959107240486043011e-01,3.943943328745416199e-01,4.205383026927118628e-01
8.957506425756056601e-02,1.494239823182129667e-01,2.219134542200813520e-01
2.943542524899482871e-01,4.006680563299850339e-01,4.381964124165533825e-01
2.740765609286723858e-01,-3.736378359150559492e-01,4.642876057918750021e-01
8.736480823951620067e-03,-9.639352467575845740e-02,-1.005346119303015540e-01
-7.630789720405839471e-02,-1.660552102675139086e-01,-4.315153635353334849e-01
9.304265782638088123e-02,4.329391923808678655e-02,1.482750811673128055e-02
-1.879455902012637791e-01,-1.319831692131577805e-01,4.224733443470379823e-01
3.422070565412405063e-02,-2.306429699001522060e-03,-3.325734504081279130e-02
2.357013306551472009e-01,2.547390432877397748e-01,4.045993450118243739e-01
-3.718861506701209851e-02,-1.764037719084178280e-01,-3.408030497762460920e-01
-5.648043578201211723e-02,-1.981205300881545561e-01,-1.655479859404164200e-01
-1.531009654181124668e-01,-2.518192681785823561e-01,-4.332633598904146455e-01
-1.100654535841887327e-01,3.101421300344959775e-01,-4.968982487430251282e-01
-2.174996922938898791e-02,-8.151576653813930040e-02,-1.710117274850975200e-02
-3.145378374309049097e-02,-1.682671062593377176e-01,-3.049833576415178493e-01
-9.162641376080959965e-02,-1.488692682139248769e-01,-2.746696253576479396e-01
1.243315851536321848e-01,9.311716835666183911e-02,1.783943673248167272e-02
1.482998469550044218e-01,1.304750071952809343e-01,1.496742393015472183e-01
-2.397677106943026937e-01,-2.858251329550115516e-01,4.541978886802540138e-01
-2.215760539226179215e-01,2.887702276648459465e-01,4.613123017272154902e-01
-2.974066115337803407e-02,-1.364216598250520551e-01,-1.733048456017691752e-01
2.218683971131554244e-01,1.825050590237644599e-01,2.300355247701173500e-01
-3.843660833361395301e-02,-1.550583233925149074e-01,-3.728635385369704069e-01
3.113220022077914928e-01,3.023263384950508614e-01,4.629582043651431222e-01
1.774372003717169521e-01,2.201535161960116449e-01,2.692930071635606382e-01
-4.549723749371081816e-02,8.867035209025952991e-02,-2.130661652874499268e-02
2.404442032341831403e-01,-1.804772903527358530e-01,3.571927173081863582e-01
-9.054019900937482213e-02,6.478546102347659819e-03,1.305476727157069972e-01
-7.125033969252181354e-02,-8.488792843945869304e-02,-2.369055170941679611e-01
-6.039823340617911374e-02,-1.072761399613202382e-01,-4.244208381772385241e-01
-1.139230631179645181e-01,2.221865159100776532e-01,2.526868922150306007e-01
-5.664121649885056620e-02,8.577073096388310169e-02,5.108981304592652428e-02
1.772176263131013396e-01,-3.478199311052874165e-01,3.632243032734450150e-01
-1.663127464712671477e-01,2.105705068921208678e-01,2.944083382552383776e-01
-5.300459671868251732e-02,3.332456950346773805e-02,1.241651416678072328e-01
-1.079883105244688890e-01,1.897084967701210267e-01,-3.515372114288041194e-01
-6.934535533221986014e-02,-7.313427636408731392e-02,-3.190567520199170115e-01
-2.425959468856760948e-01,-2.823180777105999129e-01,4.147481561063341982e-01
-2.566870926244534390e-01,3.010577702875566475e-01,4.843587146323237169e-01
-3.811103431496487559e-03,-9.749136736456009977e-02,-8.018865805533181845e-02
2.424253010467158909e-02,-7.015698858513719216e-02,-2.431522742005474136e-01
-1.133087283591841521e-01,-2.319119632713417811e-02,1.006474846689892066e-01
-6.950932151861310970e-02,-1.482073425807930445e-01,-1.737706095205057144e-01
-1.361476404943986473e-01,6.754373480628483861e-02,8.341222018358362966e-02
1.000704976670028223e-01,1.480940906913255084e-01,8.484524993283293348e-02
-1.758775577111738597e-01,3.280573970776111681e-01,3.977448908154912477e-01
-3.174341175108880142e-01,3.557257111199743083e-01,4.629681731026520364e-01
1.026784114229712941e-01,-1.737916911780446050e-02,1.162030820215893545e-01
-1.744908933101214643e-01,1.577107288555922304e-01,-4.320617003132484202e-01
2.372459464594686152e-01,-3.081739797363496347e-01,3.708004285854836768e-01
-2.616127442873324993e-01,3.111458319026610964e-01,4.308665492456259516e-01
-1.258725292114226679e-01,2.110069380669211681e-01,-3.804707833671305828e-01
-5.090579027996822159e-02,3.016838735343485567e-02,1.761554927685615723e-02
-2.704800070678725632e-02,3.071447246999714498e-02,-3.445152074508889273e-01
1.082001786913142638e-01,7.300674058551426260e-02,1.685246809446669936e-01
1.770230286446314860e-01,1.073089294023558127e-01,2.024580550307581994e-01
2.380774387045613283e-01,-3.140316763948117762e-01,4.661897426214898221e-01
-1.855889334867631968e-01,-2.310758459441376589e-01,3.354438614830144161e-01
-1.628525133597769070e-01,-6.823334772446365548e-02,-4.070622254799368678e-01
-3.890612484210043132e-02,-3.062904229702401171e-02,-3.325373081485520910e-01
-2.685079652175326181e-02,-9.974829930196049688e-02,-2.947926408118330954e-01
-1.920973544151675094e-01,-1.612246135313866180e-01,4.434753445040833242e-01
-9.648243952397439482e-02,-1.054849276087490573e-01,-4.895388686483828078e-01
-1.768922070875825758e-01,1.241692146714759026e-01,-4.336035837330658449e-01
-2.055439031236595548e-01,-3.057761338005811069e-01,3.622756738109691454e-01
-1.754564243639779031e-01,1.243632340281898285e-01,1.401113583218822622e-01
-1.180009028370668789e-01,-1.730629015726034003e-01,-3.050607523305005619e-01
-1.360790812978449615e-01,3.149522740874612925e-01,-4.157214137141329591e-01
2.222055818825633411e-01,3.998113447282437560e-01,4.587050474156194602e-01
-3.012453300854145422e-02,-1.570337096996377024e-02,-2.954292360440413656e-02
-2.284005544270059085e-01,3.626206977047855551e-01,4.337140830428202198e-01
4.799272929445130842e-02,2.120562667680858659e-02,-8.122647250797976337e-02
-6.759978128170340828e-02,-5.175916270648250883e-02,-1.981452525720218683e-01
-1.518447264089870519e-01,2.820975566129890755e-01,-4.823568643470922401e-01
2.018246910720936649e-01,-1.758036553026869342e-01,4.214489944434887114e-01
-8.587906619645768735e-02,-3.249399680630304932e-02,-3.686766311908451499e-02
-4.461876387714824865e-02,-6.659908908654976756e-02,-2.347957602114981723e-01
-9.826015812914423719e-02,1.652532300811249133e-02,-4.619300152942621418e-01
-1.283474401738434745e-01,-2.319869499452982264e-01,-3.055194360969426537e-01
-1.493513151243955894e-01,7.026736690238921668e-02,3.266616424407754460e-01
1.818724682992841624e-01,-3.281344482614064750e-01,3.396168160667557556e-01
2.686102595519077596e-01,2.841013737078292856e-01,4.147408272510975102e-01
-1.658135390892596650e-01,1.306240632597643891e-01,2.499251192175769853e-01
-2.486900932695307320e-01,-2.907096999590945696e-01,3.958449961596197664e-01
6.942873970940310890e-02,-6.215262728990988972e-02,-3.799044412550833805e-02
2.278168447589867807e-01,3.313889969749570508e-01,3.979955028738124678e-01
-1.269151847996761173e-01,3.188993134685015329e-01,-3.790944944105688608e-01
-1.353937566432186212e-01,2.939776347008341562e-01,3.334238655118639816e-01
-3.178322283740565579e-01,2.976235524616638317e-01,4.676807805942304608e-01
7.842114722219184486e-02,3.702840566918674803e-02,2.271583694909695694e-02
-2.722716216110701026e-01,-3.952154802885103901e-01,4.912347589664947112e-01
6.426984565087723311e-02,-1.169799216805822439e-04,7.932126391585858638e-02
-6.386698166417059674e-02,-3.775290988412061122e-02,8.714973383335489210e-03
-3.769928232486063902e-02,6.252695112461914562e-02,-9.197886819602096864e-03
2.466935742848095359e-01,-3.569743409875413276e-01,4.921415569742786378e-01
1.635895811682032130e-01,2.779183635861973700e-01,3.243921760532944010e-01
1.725185632032776306e-01,3.358097134301810671e-01,3.589142257796149593e-01
3.200259244696394001e-01,-2.855144131862470402e-01,4.468035330573116859e-01
2.408788545155430283e-01,-2.189469937504970876e-01,4.816905717517965257e-01
1.010261369940735898e-01,6.935571871321233317e-02,9.668806906350968511e-03
-3.031953712817159197e-02,-6.905858245093965397e-02,-1.261853805872517054e-01
2.151978667142578905e-01,-2.586058138945790397e-01,3.495218444054832840e-01
-1.488342808859627331e-01,-3.261661269801362506e-01,-3.661625125269676317e-01
8.251254556921827632e-02,1.708241916988415543e-01,1.109315544273650200e-01
-1.204691065451005683e-01,1.563721158280159118e-01,2.255153853881517456e-01
-1.084406120167669130e-01,1.100656380275120139e-01,7.630252169806595042e-02
-1.587864954769628856e-01,-1.583235871413091189e-01,3.532154634144949457e-01
-1.248157382322576670e-01,-5.693009601797349717e-02,-4.960430448846777640e-01
-1.723035298452892938e-01,2.391241516250087740e-01,-4.306238434851993313e-01
-1.993500628283239040e-01,1.973157188478769086e-01,3.239117685265553437e-01
-1.970951267072111879e-01,1.532438683848387218e-01,4.628147863077946012e-01
-1.227369320986300139e-01,-2.937385875094412624e-01,-3.518326626146390801e-01
-1.015954846821146562e-01,-1.069086902907199210e-01,-3.842520601712864359e-01
1.749963881771924301e-01,3.304649796225028746e-01,4.204426917642416495e-01
-2.276321757239448962e-01,2.443049420353682333e-01,2.741021354885598837e-01
-1.738729316068950981e-01,1.081910350899092377e-01,3.581056296877066503e-01
2.283568165917893023e-02,-5.193568790633718013e-02,-1.526301492490671485e-01
5.005114210613026415e-02,3.980732424009680859e-02,8.785692464348571207e-03
2.407803803796556563e-01,-2.413368934462394311e-01,3.750150482923314543e-01
-2.456872829799814362e-01,-2.864975638974007754e-01,4.025373204599660415e-01
6.345103196046253391e-02,9.855240845121082671e-02,2.850521115254256443e-02
-2.611366557976397829e-01,-2.521045130078254370e-01,4.391964072223715210e-01
2.199675412057346957e-01,2.037766461578272015e-01,3.733332591370674969e-01
2.833883993636940879e-01,-2.243744171898636175e-01,3.932373130680452133e-01
-1.532362209263427033e-01,-1.009397427642777512e-01,3.635223535786790139e-01
6.247138204850044563e-02,-7.471711287369897647e-03,1.159817535070239991e-01
2.692296394420539141e-01,3.288886453620686323e-01,4.759488831076829074e-01
-1.607285243130190944e-01,2.265160016960788836e-01,-4.426761034354073088e-01
-1.171173925802929672e-01,1.551800222215012903e-01,-4.013534270914249635e-01
-9.521047874348831375e-02,8.555221683884572936e-02,2.244154298872904629e-01
-1.492151745750216474e-01,1.093023606445677753e-01,2.765444709980117155e-01
-1.855039174646008204e-01,3.191828112772694404e-01,4.158641265485374383e-01
-1.355069750508983706e-01,2.288193406954160958e-01,2.109542914868517416e-01
1.729674435428708579e-01,3.707186939408684268e-01,4.004272463349924926e-01
2.825608332838247527e-02,-3.849915394879355190e-02,-2.324031598700326828e-02
-2.223219881640025042e-01,2.107585925194963572e-01,2.512714967814555500e-01
-2.605940436842674179e-01,3.923540486493768409e-01,4.675330378984766666e-01
-1.208837402639737491e-01,1.213047270824411106e-01,-4.942806181780103891e-01
-1.613319029148561068e-01,2.693426329872460334e-01,-3.767914902666317234e-01
1.316186361130686766e-01,1.736009441054637836e-01,1.621779106558253192e-01
-4.942432738358171207e-02,-1.340987824469508372e-02,-1.270296282905203356e-01
1.169819262325441089e-01,1.205386996860984272e-01,1.568451349805861650e-01
-2.540290426999165518e-01,-2.415591774209264742e-01,4.054895709497770007e-01
2.382745363137883654e-02,4.002648420783794236e-02,-2.678995584978904887e-02
-1.101861342960559487e-01,-7.861640720716456254e-02,1.274870568863328835e-03
-2.676652811641677676e-01,-2.790293525065848934e-01,3.679642808736430792e-01
-1.374479653579491201e-01,5.006766756543734598e-02,1.166478393294491100e-01
-9.918734802166395692e-02,-5.996669226402862041e-02,2.991983901056394224e-02
1.870470966909133503e-01,1.562359235025883031e-01,2.780256037895196819e-01
2.907238592910598163e-01,-3.352017453126031610e-01,4.378021133242980811e-01
-1.791831799173979611e-01,-1.696543880767551471e-01,-4.165008091319923889e-01
7.187186842828197086e-02,-6.187170641538886073e-02,6.531744340893497203e-02
2.330727158146663758e-01,-2.429811884661682297e-01,3.871206636409361135e-01
2.470607008201528565e-01,3.864136665396600279e-01,4.273342394062076277e-01
-1.933854821110148059e-01,-1.760949904381693409e-01,-4.771359507062803429e-01
-1.949650041840719217e-01,-1.982829034713905481e-01,4.266205713881823236e-01
-1.332458355396645144e-01,1.039576333947765940e-01,2.772484950488687261e-01
2.516144330664684681e-01,4.060176040150758059e-01,4.614397469566078325e-01
8.687941913017249718e-02,-2.609133224655657557e-02,-8.256785254903009630e-02
-5.399124442257374756e-02,-2.086354337061258057e-02,-3.939094456060179272e-01
1.721772501361250596e-01,1.563573107174016652e-01,3.700838939687350893e-01
2.050844681302543826e-01,2.994010849077133329e-01,3.401871907540738871e-01
1.598168590006676659e-01,1.268863685759068494e-01,1.718167058256705459e-01
1.929773956533301638e-01,-1.768972167843709808e-01,3.721016893889236288e-01
-1.221637441989156248e-01,8.402310925695000154e-02,1.558927327817394293e-02
-1.445705210727439294e-01,8.399824095138530566e-02,-4.806266967063108630e-01
1.734623063949730648e-01,1.899658403447080923e-01,3.531360097437232781e-01
-1.846958552044589696e-01,2.441086141827746303e-01,2.534165285859548700e-01
-2.446893894467873087e-01,3.006389473033267423e-01,4.885276734581817104e-01
-1.970976864403731765e-01,1.787848057510553756e-01,-4.713992381336850057e-01
2.459374125371496245e-01,2.073604768470113102e-01,3.834744171081747588e-01
-1.985440517341541256e-01,2.317467145961545905e-01,3.640180283215338486e-01
2.058314957468480033e-01,2.317634980491284358e-01,4.762726342398123647e-01
3.152260599426814913e-02,-3.998883856459523045e-02,5.573496167119984523e-02
5.437445164687360055e-02,-1.186062624502842722e-01,-1.141026837666900828e-01
-1.725160735085805586e-01,2.019535655552567865e-01,-4.749419999456016006e-01
-1.792936023000120116e-01,2.161315010359408095e-01,1.692286601952459613e-01
-1.909060994031384073e-01,-2.873283967511276460e-01,3.885048823266311624e-01
1.835273452459931232e-01,1.554008469975128870e-01,2.795159428184617045e-01
-2.727191605705592270e-01,-2.575559092900474578e-01,4.114702096791928998e-01
8.423089956907359177e-02,2.771224753910483951e-02,-1.399085409264200219e-02
-1.633873202272626557e-01,-6.103377649495744794e-02,-4.988040975891910866e-01
-1.104795212382073677e-01,2.308995895102814444e-01,-3.739455423638177178e-01
-8.548550201063687126e-02,2.264037827808051961e-02,7.431433097678108446e-02
2.579198789189071084e-01,2.622955253925388641e-01,4.007066864583357368e-01
1.239342073584901449e-01,-2.045749548709108190e-02,2.238114701371962667e-02
-8.679212660711843608e-02,-1.453668121887805587e-01,-3.094444356543165631e-01
-2.389508448327841705e-01,2.323823353469665065e-01,4.523515837566244313e-01
-1.244906585074060379e-01,-3.139706695278287052e-01,-4.084254330021438451e-01
2.916116319056998307e-01,3.774432825245055412e-01,4.953968411238518499e-01
-1.255850730689974659e-01,-4.057242194813681646e-02,-4.960181211786809374e-01
-9.772483307026080812e-02,-2.544303783495079907e-01,-4.040123406971045661e-01
-5.920532797031308192e-02,2.418153994967064957e-02,-9.846023057928021682e-02
1.789148280261775303e-01,1.461864080804975430e-01,4.192730112601743553e-01
-1.668721401905202129e-01,-7.710581565508856094e-02,3.229864954735286453e-01
-6.435938368672933230e-02,-8.908489047216006096e-02,-1.058981652277821706e-01
-1.305136884621805882e-01,-1.598652214369414848e-01,-3.295934024310187560e-01
-6.578745310266453927e-02,2.488287351319433682e-01,-4.462074105332861640e-01
-1.634321478022739971e-01,2.024232344524947713e-01,2.661910325227151430e-01
1.993385234055247146e-01,-3.184984858705069977e-01,3.592938331191833923e-01
4.845903549855623549e-02,9.180727550619494082e-04,1.644488950191591581e-02
1.556427497160611795e-01,2.203047248396786673e-01,3.465616513551530442e-01
-3.070186192166377559e-01,3.699656774584286767e-01,4.488263728455930135e-01
1.890919236823694893e-01,2.277255081395872516e-01,2.080977262106515902e-01
-9.095398372249596797e-02,-6.924349171299759576e-02,-8.033527451370103822e-02
6.167790233437486780e-02,9.599184130738680487e-02,-2.216912709189955422e-02
-9.507858316456829773e-02,-1.972878133324950101e-01,-4.040723483662946869e-01
-1.771558450478256663e-01,1.766308007967694049e-01,1.378820202135068174e-01
-9.467243993476137653e-02,-1.378604880609493044e-01,-2.872273030568520680e-01
-1.454763020140793506e-01,3.496160632088836095e-01,-3.716752349120284737e-01
2.345121451277951685e-01,-3.707000038367356254e-01,3.805773676620678447e-01
2.530019799153705451e-01,-2.065383962291955644e-01,4.945255882318134733e-01
-2.300819198882833039e-01,2.873114061694769239e-01,4.726737820675795954e-01
-2.202636409783894633e-01,2.326690963330808604e-01,2.591866837142553504e-01
-7.699335178891386633e-02,2.086801904017638876e-01,-4.480389828211444048e-01
-1.606848808176615240e-01,-6.342986251177740176e-02,-4.898828908114446490e-01
3.076098091783754374e-01,3.026366466812180356e-01,4.251956505356674354e-01
1.251126243861256926e-01,1.405591648683524042e-01,1.236461430300701547e-01
1.869177967344115565e-02,-6.352345712934859279e-02,-1.171315385059260583e-01
1.598507844433278979e-01,-1.993535861070505621e-01,3.789235965243570314e-01
-2.416457033223934348e-01,2.301961225781566922e-01,4.471343579033636439e-01
-2.783626362692078748e-01,3.341104854653319522e-01,3.552440833805396991e-01
1.723237631892113875e-01,1.871630902247951589e-01,4.012144844924409037e-01
9.728620064126214384e-02,1.223302589251634709e-01,1.417207690497483963e-01
-1.388235155099062368e-01,-4.198168943568958422e-02,3.181231470166681063e-01
-3.008311149227866910e-01,-2.989160924402326502e-01,4.362680265465883611e-01
2.721578550391811069e-01,-3.772989365622935187e-01,4.709673395754906400e-01
-1.573983958078980505e-01,1.830527825926769880e-01,2.958032344283935133e-01
1.918491156377263307e-01,-3.600774287961746589e-01,4.113990432448778600e-01
2.899878399261990314e-02,-1.728276075528715205e-01,-1.681464543894163333e-01
3.635765359284459652e-02,-1.488085758860990815e-01,-1.689114640210633844e-01
2.972899725108177904e-01,-3.378839188365175827e-01,4.403620688273491846e-01
-5.103818985960972832e-02,1.050123212218223578e-01,7.781779193902216285e-02
-2.395367830230812345e-01,1.902465024778120517e-01,4.129278973761034699e-01
-1.272109756424624205e-01,2.372699892466093585e-01,-4.926901241464717307e-01
-1.723535735762993237e-01,-1.031373486611708579e-01,-4.066698503242072160e-01
-2.936092303102574297e-01,2.950030773014959973e-01,4.944042112017849044e-01
1.810406834879451088e-01,1.599034069441576111e-01,2.652976424939140765e-01
-2.391506866596088132e-01,3.512108826549907858e-01,4.915338452919012502e-01
-2.710269632493870207e-01,3.021478342427385000e-01,4.195860458536952997e-01
2.859095243089156968e-01,3.015210839932757070e-01,4.459861091867810545e-01
-1.241580784003126769e-01,-7.382145404808659883e-02,-3.385739901569678745e-01
-1.256529352132416122e-01,-6.545705411683300223e-02,-3.257308421211254634e-01
5.257321198745457114e-02,1.123378045179496132e-01,8.635478558624587464e-02
2.571725496389012378e-01,3.211526605136364454e-01,3.742582946473139716e-01
-2.243898808250273103e-01,3.227801970446158020e-01,4.313112137179941907e-01
1.976148896065089700e-01,3.505113112270298314e-01,3.936147364660623760e-01
-1.340196048042638921e-01,-1.480049891308351517e-01,-4.190160504499527150e-01
-2.237877603003466387e-01,-3.124830191509875288e-01,4.583903579814867513e-01
1.114831881184977780e-01,-2.225388205339795533e-02,9.036013687457833399e-02
2.380997479005574347e-01,2.530751954866474751e-01,3.122772621917953018e-01
2.499514306402178532e-01,3.420434775048598608e-01,3.772756169249378289e-01
-3.215022973658132610e-02,9.119316626553641836e-02,4.365861969791751118e-02
2.334972019175254321e-01,-2.811054964346892948e-01,3.166259925288641419e-01
-8.269849731437073359e-02,-1.024493836688152859e-01,-3.855183656314850049e-01
-1.976373520031499131e-01,-1.659640962400704689e-01,-4.952078977340541588e-01
-1.523253334660112923e-01,-1.925951523232014573e-01,3.234017613165971472e-01
-1.365665579502033378e-01,-1.750501554644900981e-01,-4.049198394517017352e-01
2.030522247822201809e-01,-1.095723804159149939e-01,3.680039424388941161e-01
2.003458421667202449e-01,4.061979807311008051e-01,4.776290615020831742e-01
2.521487947188638667e-02,-1.156645192993829285e-01,-1.542028636390271323e-01
-1.983112296140738806e-01,-2.974471394844718786e-01,3.826311631063972207e-01
1.634111148948418357e-01,1.574126793404438951e-01,1.441604655070826135e-01
-1.201069993705555783e-01,-2.581567027780629076e-02,-2.182828205058606752e-02
-2.047458209704875465e-01,-1.675237152322853751e-01,3.854954746969140311e-01
8.443637300798600975e-02,1.995374298409113845e-02,-5.777669372202964837e-02
-1.754687670826997614e-01,2.430664942223905722e-01,2.044573946813057486e-01
-2.271947578988660066e-01,3.158310063052873762e-01,4.084307915907654518e-01
-5.986870121941134659e-02,4.241906103678361184e-02,6.900075848544151569e-02
3.236750023077286098e-01,3.054100404401075552e-01,4.810122013135784691e-01
-1.110030416062548486e-01,-8.856276347292024731e-02,-3.222850708032209965e-02
8.217031853537459796e-02,7.519937947990595895e-02,8.097610743502126063e-02
-1.053625492181462509e-01,-2.065763037017849246e-01,-4.021988756420898925e-01
-2.601286269018135977e-01,-3.694691713972072522e-01,4.242804104063032655e-01
-2.681365789400148580e-01,-3.728828575151651448e-01,4.734417619688849888e-01
1.318040221397180911e-01,1.534070023375689873e-01,6.854272002264616415e-02
1.044518414428362574e-01,8.855631587255408110e-02,1.667123706148238016e-01
-1.947781638532252169e-01,1.303070987178656104e-01,2.289375593843905321e-01
2.829673021477486783e-01,2.361494917821089778e-01,4.924790434522456906e-01
1.228295800443083285e-01,6.556462080045843965e-02,7.464847601341773053e-02
-2.070873553789830401e-01,2.230790875906287773e-01,-4.938847304490292522e-01
-1.104674322801475483e-01,-4.129671120073608037e-02,-4.651546778634239043e-01
2.240659484116996891e-01,-2.937355734038828992e-01,3.294918387036932517e-01
5.289383771182076810e-02,-3.675304037895621434e-03,-7.870950996219461260e-02
-1.405751396909663553e-01,-7.366767342769908744e-02,3.444277489525804370e-02
1.854458429043910339e-01,-1.683547387358023117e-01,4.100806760929008865e-01
-5.461523246744393045e-02,4.765170769997262301e-02,-4.262389759254872068e-01
-1.097058715336451939e-02,-8.922262510337986008e-02,-2.878830334526722989e-01
-3.167628941853994906e-01,4.239924407375059712e-01,4.759147205818490267e-01
-2.608824064141801458e-01,-2.583839838916042186e-01,4.308526819854004986e-01
-1.423938022570137019e-01,2.144335721722445687e-01,1.637636827604960210e-01
-3.261785421518614836e-01,-3.027833235496966147e-01,4.903644628962081642e-01
-6.181194567417480634e-02,-9.999416257484861070e-02,-2.331299562433158945e-01
-8.660125060792711604e-02,3.102337018971890181e-02,3.759243274757895215e-02
1.081474114845448753e-01,-7.961356641786665467e-02,7.395528790215655235e-03
-1.334039619069339322e-01,-2.169833805364324020e-01,-3.675869745616956452e-01
-1.420362071225101941e-01,3.127556605378466470e-01,3.186441371438373249e-01
5.958378648118534127e-02,-9.157480490309466425e-02,-8.411384523569931382e-03
1.689353721083988180e-01,-2.590451662377108999e-01,3.589798603216792783e-01
-1.077509093953548103e-01,9.709585222700489737e-02,-3.920000352629240403e-01
-1.245020247626298371e-01,-1.479166416020558650e-01,-3.339483218790152419e-01
1.742942562862148659e-01,-1.903575462036941612e-01,3.376254481790290640e-01
1.949689652875826740e-01,2.709147023733683435e-01,3.242198046109047160e-01
-1.472510564248571407e-01,8.172164085748012674e-02,2.384393929243892041e-01
-2.290839541415576885e-01,3.057371795841640205e-01,4.042370401764445731e-01
2.070305210030143339e-02,1.230327628622240876e-02,3.145664452596097505e-02
1.351438012463458405e-01,9.700698893996273497e-02,1.172784767457868416e-01
-2.725298946478778017e-01,-3.917967861195892354e-01,4.141669377456015377e-01
-2.045213458423971176e-01,-2.176025359195610243e-01,3.413926249121275180e-01
-2.907787022895500506e-01,3.883752113503954329e-01,4.229728332681655933e-01
5.517381733143300604e-02,1.417743891190059724e-02,-1.379439125325164772e-01
-2.394895456570600434e-02,3.268649712018345532e-03,-8.708158870646698357e-02
-7.588348772168895806e-02,-4.594433726827440445e-03,-1.095470344017812625e-02
-1.605189402619152661e-01,-7.764730904767713771e-02,3.559541097062481896e-01
2.100704353277796921e-01,-3.467188562543305208e-01,4.373863630699362792e-01
-1.524671524787537535e-01,-9.098231502500897516e-02,3.559179679393980056e-01
-7.720438688255781834e-02,1.698281184136546385e-01,-3.271493020607377789e-01
-2.002228823989093964e-01,2.069144382916567881e-01,2.751294596371479662e-01
1.063103094729734854e-01,1.025729760045069883e-01,6.228061567030118706e-02
8.630015686092451510e-03,2.777160239429010691e-02,-1.320212939064568936e-02
-2.080850661508526489e-01,3.086004331484527574e-01,4.847364139230867508e-01
2.596954262733482954e-01,2.720361256599191924e-01,3.915566281882673083e-01
-1.128049402585969974e-01,2.079785896661320299e-01,-4.638226705677157558e-01
-2.305286570222675469e-02,-7.422810977012805900e-03,2.584954852067955500e-02
-8.102561490740167738e-02,1.475083837985483592e-01,-3.738427453114668841e-01
-2.193159753701712233e-02,-6.643609492930968585e-02,-2.354452950962504509e-01
-1.601740888224001402e-01,-1.535469847662678244e-01,3.638515485918834003e-01
2.121962762907303457e-01,2.790540144006452561e-01,3.777482100914136831e-01
-6.619919989065503607e-02,-1.497228525470047922e-01,-3.218477476847615426e-01
2.427099445317993931e-01,-2.240280531811479348e-01,3.226559822557124591e-01
-9.264528979030428602e-02,-1.362803811210773208e-01,-3.090126942235341678e-01
-2.336543427154835761e-03,-1.122377202887345771e-01,-3.029267421488619494e-01
1.959943434864244161e-01,2.301275248370672211e-01,2.249363360504601506e-01
-1.058302896210453481e-01,1.363653297124491903e-01,-4.016157186192752526e-01
2.296620330552722189e-01,-3.044951082559158584e-01,4.276016663082092828e-01
1.085108120504952867e-01,4.501536210712486774e-02,-5.356779771385244970e-02
-2.390908844334633798e-01,2.545957748581123559e-01,4.892671726887215522e-01
-2.310525819040765150e-02,1.154596545982419231e-01,1.600739583068333527e-02
-9.016592329844119735e-02,-9.180254506856988517e-02,1.330209814107108368e-02
-1.746068316055491287e-01,1.822442533286726674e-01,3.798089068363115217e-01
-1.256751892266216863e-02,7.566161843013419208e-02,-3.209794745482945633e-01
-2.255274271824476706e-01,1.928897342769034795e-01,3.394979324012306066e-01
-2.202668087986671130e-01,2.389018218616217881e-01,4.893812883772653555e-01
1.321769742384901747e-01,1.169992594884858850e-01,8.578293148195392792e-02
1.456928134663904029e-01,2.763741266983618106e-01,2.896135471559535546e-01
8.530240502189234686e-02,9.629734471857487321e-02,6.821724665220241235e-02
1.719729396596317850e-01,2.138534718020236314e-01,2.419810221172680187e-01
-1.573111739813328747e-01,3.070365184343104570e-01,3.215309464018224483e-01
-1.731188322942989188e-02,-9.779140181793144482e-02,-3.156671917651454606e-02
1.270739236566598152e-02,-9.849875757284587419e-02,-1.616297384297782358e-01
1.973016294387560654e-01,2.918514984096660658e-01,2.929339100528415285e-01
-1.718082583229060267e-01,9.914666932037119462e-02,-4.748344631658137915e-01
-4.529456234121809199e-02,1.009554874935910673e-01,4.809338324196266168e-02
-1.038244480327620289e-01,1.270591936134312094e-01,1.206508149748404257e-01
1.858364167119195276e-01,3.704842302322139957e-01,4.310829243479973316e-01
2.607440493829252803e-01,-3.865954750650959504e-01,3.597211302364504704e-01
1.708190380451760637e-01,1.337534454290288943e-01,2.353719332622409288e-01
-1.148399063735675574e-01,-2.249994550199263532e-02,-1.781286499441603333e-02
-1.088216072108930677e-01,2.393057173712564989e-02,1.841491675114053095e-01
-1.916725573318621700e-01,2.293154061736374372e-01,3.644159957146364537e-01
-4.869812106689763720e-02,9.439242326440155928e-02,1.270246510482965219e-01
-1.467702496435955295e-01,-1.582389166238921119e-01,-3.718398907338095194e-01
-7.293297961064293400e-02,9.690912923720740313e-02,-4.714408783790746682e-01
5.673907089412011384e-02,-1.409661634831280708e-01,-7.497286984199291737e-02
2.354459704317473090e-01,1.826428860684083944e-01,3.710266434534101876e-01
-2.087430242395301727e-01,-1.457654287678150640e-01,4.437224153922457726e-01
4.673943132856417382e-02,-2.087780516450654655e-02,-3.750769700778766591e-02
-2.533819378979195180e-01,2.970235883728187254e-01,4.619104384502757954e-01
-4.264271755561521715e-02,1.287094667841659490e-02,-1.287496283902771488e-01
-2.289029452618239757e-01,2.211611970513415182e-01,3.213550762383864390e-01
-1.058114783169250561e-01,-3.656380573431072811e-02,5.039587636113596059e-02
-1.122824116758366353e-01,1.989830787126998235e-01,-4.613694141741164767e-01
-7.764025324590118071e-02,6.553627690531915739e-02,-4.086441594399037314e-02
1.274609272479680921e-01,1.675130402284763509e-01,2.674118208921925088e-01
6.268425230705843010e-02,-5.087146008635579086e-03,2.462688954085467952e-02
6.204526871226023754e-02,-1.822002624010341520e-01,-1.072891061182026373e-01
2.498221845715122846e-01,-3.748817319560759920e-01,3.646446200348754108e-01
-2.127324719348919757e-01,2.789864114825443275e-01,2.775570054625673411e-01
2.393631098397607238e-01,2.359247268836254241e-01,4.986387769355643540e-01
-9.744925892781253207e-02,-4.009483003663161238e-02,-4.524140187287566395e-01
-2.351954592116090037e-01,-3.962668312729076270e-01,3.410835586165655853e-01
2.821480119148009891e-01,3.612831568831718076e-01,3.987829195310329533e-01
-1.159879030103444508e-01,3.079127268844995546e-01,-3.538131888695296157e-01
2.499602596907267715e-01,3.578022942588299227e-01,3.881539378825134001e-01
-9.525060347267355620e-02,-1.140273824530451119e-01,-4.416563916124793820e-02
-1.791670074563315174e-01,-2.322760170801332347e-01,-4.112418823364255571e-01
-6.105960347699612711e-02,-1.065445672633503760e-01,-2.877543415520016357e-01
5.019707767794823194e-02,1.124252689684164253e-01,2.985269992642114456e-02
-4.538610899751005512e-02,6.379634923392607515e-02,-3.480451263803681083e-01
-4.291267923040698040e-02,-3.266867013723584456e-02,-1.672070567166556998e-01
-2.568875370433327809e-01,-2.513228540261565058e-01,4.219913254011391501e-01
-5.380261286520438002e-02,-1.078261200680739051e-01,-1.030474123321977187e-01
-3.832174380523845070e-02,-3.394573231397213231e-02,5.733892741833579443e-02
-2.037546608268203663e-02,-1.386317879675817988e-01,-1.104058112511109302e-01
-1.093840642236352245e-01,2.834991422711619080e-01,-4.587643159430614404e-01
-5.495199055466237770e-02,-8.176154272054392269e-02,-1.534058356475581641e-01
2.024413377276416126e-01,2.982885993879287323e-01,3.933414175464903240e-01
2.486688254501393525e-01,2.290171505979786692e-01,4.311878003303721840e-01
-3.918249950078334098e-02,-3.537269427410272282e-02,-1.445784063399209174e-01
-1.275892173255803730e-01,-2.503929726693191471e-01,-3.192048477259329387e-01
-2.002872313082630917e-01,-3.086796545508432299e-01,4.116072149434709671e-01
-2.392066183302200555e-01,2.196584359109419182e-01,3.313086510953030528e-01
-1.074853998695926016e-01,2.109382604829518337e-01,-4.822463219582281413e-01
-3.876246186475562627e-02,-1.461371675733867947e-01,-3.436540355980866046e-01
-1.982160583272578602e-01,1.381700604361632001e-01,3.039749749426903236e-01
1.784959412203825924e-01,1.445516562153801310e-01,1.696013196567213166e-01
-1.191279677545592497e-01,-2.455668407359775651e-01,-4.359425208985948652e-01
-2.613088598061874546e-02,5.295858880855563999e-02,2.010397753453685432e-02
1.306764523901349229e-01,1.051240257133335687e-01,5.903116628177418335e-02
-1.075591679311520554e-01,-7.164405076613944434e-02,-3.263350589937494828e-01
1.697925528698988051e-01,1.774547541087773128e-01,1.710465301828199003e-01
6.356680237646805676e-02,3.800321361630631944e-02,-5.519073700995880127e-02
-1.463635173345684271e-01,-7.081235437251209852e-02,-4.397379752264730657e-01
-6.001564882706977855e-02,5.296662351861081142e-02,-4.228098131097219881e-01
1.001978984614937396e-01,8.850527715382183747e-02,1.343634625023821805e-01
-2.015094595206036177e-01,-2.313882679430430134e-01,4.546707953110489253e-01
-4.794677091543508851e-02,-8.132050730894169188e-02,-2.799683535350402375e-01
-2.703458340023099371e-01,-2.217700561240283363e-01,4.031013877041674798e-01
7.711473725495943121e-02,3.995026698949077915e-02,-1.284117615977353744e-02
2.747448985632275908e-01,2.695992737026025043e-01,4.765995607413753277e-01
2.696788606959565904e-01,3.727587694878623514e-01,4.188330243961323474e-01
-1.965494494577952889e-01,-3.939530164711225746e-01,3.763449445995994402e-01
-2.320503266081977989e-01,1.852042083474844114e-01,4.023579496823779245e-01
-2.233074966944728068e-01,-2.858566579319951062e-01,4.787323141957970929e-01
-6.257114603342717185e-02,3.962419081375945229e-02,1.445796366191537397e-01
1.458100970769720117e-01,1.853761073477956378e-01,1.667774015450412817e-01
2.567657178424500586e-01,-3.665951642823764844e-01,4.396606202565848109e-01
1.441050807937334088e-01,8.554972101668312234e-02,3.421865350585998611e-01
1.674762212755619428e-01,-2.176655095465127587e-01,3.967825653641123829e-01
1.331615642265894239e-01,1.800629509700979458e-01,2.747797842409640534e-01
-1.187540289085399214e-01,2.698677093030072971e-01,2.822922243525339825e-01
-1.766868934417350490e-01,3.672405739886596132e-01,-4.300751525266299780e-01
1.760848200565555688e-01,3.283632313895783472e-01,3.800291809185750713e-01
-6.828339682567785562e-02,-2.272996149462930271e-01,-2.132412894370570022e-01
-1.981979370583751843e-01,-2.087328625312949715e-01,3.551493424463211257e-01
-1.870331383680937654e-01,2.247940378181445542e-01,-4.568567579583394656e-01
-1.150329138152752506e-01,1.911621846482871590e-01,2.096876397258514713e-01
-7.171239074592095086e-02,1.828993644423627662e-01,-4.274365394574500820e-01
-1.154173724777299848e-01,-9.353322641460326548e-02,-4.564197872188092697e-01
-1.356193879853130335e-01,-1.344070482984044412e-01,-4.866294750521630297e-01
-5.022991661226106075e-02,9.714991841685982621e-02,-3.209757805135293740e-01
-1.308604442983740679e-01,1.562122193744817089e-01,-3.311029662207858326e-01
8.159734967485121615e-02,-1.881521241313788284e-02,-5.592207788204017760e-03
-2.145309377042033949e-01,3.657320420769124558e-01,3.922684230534572158e-01
2.725780932041033111e-01,-3.439241178382630437e-01,3.836744847621148535e-01
-9.675309246938246233e-02,5.438583415835374080e-02,5.623384212796134207e-02
-1.595267277256833260e-01,3.197946504780010413e-01,-3.717904142705270587e-01
-4.035372570397111058e-02,-3.759319666784222136e-02,-3.684225163227570210e-01
1.960537478302074588e-01,2.245918904491917001e-01,4.451458363408599128e-01
-1.915197944511959349e-01,-3.842308416002292448e-01,4.125562754148236477e-01
1.514336626454407808e-01,2.780103158255684548e-01,2.595250521586826009e-01
-2.185292842665244040e-01,-2.788088703480960939e-01,4.761071303664963228e-01
2.822246173510968292e-01,-3.346764769781355175e-01,4.841511417885074886e-01
-1.610838846907507449e-01,2.308462070549659462e-01,2.065153002970624430e-01
-1.302647660039200073e-01,-1.155376622207685555e-01,-4.560072572852397199e-01
-1.190885333445096395e-01,-2.295337037980059725e-01,-3.479519367040176947e-01
2.182416307528696198e-01,2.672342947581446415e-01,3.857685562993687922e-01
1.878920680861461134e-01,1.887596496119415823e-01,3.905219738641321214e-01
-1.020448681670311775e-01,4.956891808053898174e-02,-3.593932979216524215e-01
2.153113017810748264e-02,-1.057285813488417769e-01,-2.289087397049830441e-01
2.178495023217592585e-01,1.908539679867365946e-01,2.897853238504229934e-01
-2.063669764086601965e-01,-3.778747813784880671e-01,4.573379633285821200e-01
-1.973435287294070806e-01,2.181065960221159061e-01,3.548705197341155415e-01
1.501178293313822909e-01,1.023917874490182234e-01,1.613629976496689933e-01
-6.685282604888809210e-02,-2.104116353966353214e-01,-4.152272772255232169e-01
-1.316445401488030020e-01,2.270570500571040817e-01,-3.615368027085577030e-01
-9.629561581139722826e-02,4.282924768346385580e-02,-4.784531858912669522e-01
-1.243193368003931987e-01,-2.484588155967369927e-01,-3.900046377898852556e-01
2.445547505777023733e-02,-1.111711512586480710e-01,-1.529325674313963823e-02
1.916628203202797032e-02,-1.125210741897140210e-01,-1.651537734104269184e-01
-5.819184887583550569e-02,-1.706038756321427430e-01,-2.818096883949612330e-01
-8.920192223973499868e-02,-1.224937401395173042e-01,-3.131097633130904834e-01
-9.976679152839151854e-02,1.319508704555348855e-01,-4.907311472402869912e-01
2.469517708299129310e-02,-6.630423025257625724e-02,-8.723561347548325351e-02
-1.203199974101704095e-01,1.621110829397965913e-01,-4.580220208259835335e-01
2.143230328370986371e-01,-2.610383127527692304e-01,4.494788984217883421e-01
-2.825312202598488920e-01,-3.604240126135601630e-01,4.915462989869895383e-01
1.376931029601952128e-01,1.243202515518325724e-01,2.028131769570612475e-01
1.269932699569442658e-01,1.683058892821969188e-01,1.856829890420756968e-01
1.339155836988080717e-01,1.291399260032949359e-01,1.949528423428862345e-01
2.127316476779614884e-01,-2.204764943503099150e-01,4.976583567045796963e-01
-5.649250726464905004e-02,-1.485874603096756230e-01,-3.414310251055803214e-01
1.921922369136395137e-01,3.213352419659125658e-01,4.440785520117939145e-01
-3.548581751355250891e-02,-5.171372037249577502e-02,-8.583695055152873454e-02
6.137351358097786758e-03,-9.873631270436544760e-02,-2.558317530690692454e-01
-7.087887395039560445e-02,-2.061498893179899428e-01,-1.796813930492707767e-01
-1.018644673559663261e-01,-1.471911997237684844e-02,-4.987227406540216679e-01
-7.196134965579303877e-02,6.848252213739225436e-02,1.183929731078876557e-01
-8.556613692297887486e-02,4.075965035309714324e-02,-3.384126155179807416e-01
-2.209238975221867740e-01,-3.331039166441371879e-01,4.773276642852174456e-01
1.439742633003822103e-01,5.427083624424910990e-02,3.302553838865300850e-01
-1.756341366090581335e-01,-3.142598025783845950e-01,-4.353347034281748185e-01
-7.703477519331880519e-02,-2.613925372812275771e-02,1.741517235656142581e-02
-2.684135815087458354e-01,-3.076695496349555192e-01,3.221368622669246173e-01
-3.147809624856390265e-01,2.853666147207433168e-01,4.676633019344634823e-01
1.322431990417164416e-01,1.820887759023742669e-01,2.061817197646402811e-01
3.059188202326816874e-01,3.329354825091339620e-01,4.114037293312899912e-01
1.234879267666919578e-01,1.735015376614198468e-01,1.613847396919417809e-01
-7.944420951908826023e-02,-2.024110210493211826e-01,-4.701754493342845675e-01
-4.428876024450267845e-02,-1.357659573183508384e-01,-3.604367413588269731e-01
-2.048646772803238703e-01,-2.965051361283942422e-01,-4.998407289630978356e-01
-1.651929891290379038e-01,-1.847761981060966896e-01,-4.802489733896039281e-01
-2.290311904536791454e-01,-3.718140887566981911e-01,4.041703166110949264e-01
2.783634204729190653e-02,-1.338510926238744014e-01,-1.932782654944228407e-01
-1.887137473433126988e-01,2.651634267744659157e-01,3.847417081207550327e-01
-2.366357920759730726e-01,2.454524868073186816e-01,4.548180353911749352e-01
-5.860450315203258320e-02,6.668410044848005480e-02,1.328191176148808550e-01
-2.286621175115917115e-01,-3.635519982962384100e-01,4.494736118121770430e-01
-1.491058112767524868e-01,1.592344137369763324e-01,1.014866001899003001e-01
7.952409500753421234e-02,7.208149074688185998e-02,-1.925076794784097434e-02
-2.165269405204628406e-01,-3.736328481248948341e-01,3.552892483370474475e-01
-2.150700263253065847e-01,2.744549573679335719e-01,3.532043025088997812e-01
-1.588410762326982750e-01,8.894165770079920375e-02,1.677153791255460158e-01
-3.050031164108022441e-01,4.120607410693454264e-01,4.659139043919494627e-01
-1.561702529049221466e-01,-1.695835117347110899e-01,-4.710005233480881737e-01
-4.423488854193080577e-02,-9.307293172274810900e-02,-3.731013420296773742e-01
1.356884736977292949e-01,1.163977165716452156e-01,1.628508962515574643e-01
-2.939644629088989936e-01,-3.135884542872796610e-01,4.825413847043417137e-01
1.447903310684812705e-01,1.223684879894475497e-01,8.419259410535251398e-02
2.524113853014973152e-01,-3.146834807272634871e-01,3.242383225888739728e-01
1.881284362679153110e-01,-2.681888192385863956e-01,4.252019834095318584e-01
2.151418554889167334e-01,2.362140677895115948e-01,3.073901564839973677e-01
-1.715758303596195411e-01,1.447746608669392421e-01,2.799194508028607364e-01
-1.545739129071105333e-01,-2.711188408146839590e-01,3.514236569849668035e-01
3.062192139352060138e-01,3.784551115327869919e-01,4.808075832970076791e-01
1.716007837606973174e-01,1.255797093887006666e-01,1.895173055079987234e-01
-1.368065691843656229e-01,1.986012385966157145e-01,-4.161200678921037621e-01
2.045343270698412041e-01,-2.880636580791641199e-01,4.803440364755910963e-01
2.800719456296932863e-01,2.894526982063039267e-01,3.886641470627711925e-01
8.059173935793151333e-02,1.052264714632780152e-01,1.664887565427036753e-01
-2.906689846715116987e-01,-2.598426089826428864e-01,4.325077642285654056e-01
-2.805645881545045794e-01,-2.751389854740478036e-01,3.897133479951836454e-01
1.745090363494203878e-01,2.758570869025018801e-01,3.334386773074925481e-01
3.010379910389493485e-01,-2.739004183376902990e-01,4.378543209143975767e-01
2.106573487644336495e-02,-2.566575464694864639e-02,-2.974989762052404618e-02
-1.314676962517756786e-01,1.443934327691211994e-01,-4.470377884956809877e-01
-7.688394855689539842e-02,2.366161254554923765e-01,-3.655733271112504568e-01
-1.156919418426416435e-02,-2.308384306086508353e-02,-3.250170641354248602e-01
-1.729182938069687703e-01,1.170157864768771594e-01,1.155776251120236298e-01
-6.940440094723487885e-02,6.012920213357286769e-02,1.399177580860025971e-01
9.719844965448509733e-02,2.533088386445569995e-02,-5.398507178942235640e-02
1.662180714963289452e-01,2.843358612844115729e-01,3.705327110356955167e-01
-2.053317411408566162e-01,1.816205800610942722e-01,2.814404987671208502e-01
-7.594899400568255743e-02,-1.012593320864686453e-01,-3.230287983207524860e-02
-1.012550529880770211e-01,1.768336234855312217e-01,1.983542840942646990e-01
-2.433553453722869797e-03,-9.646021150157002566e-03,-6.980815074230362072e-02
1.973528920215693594e-01,2.150949026363324634e-01,2.532835352369180448e-01
-5.641052507377553038e-02,-9.614289391786590144e-02,-3.697646202689592876e-01
2.789986145198247725e-01,-2.633348513938614799e-01,4.908992672047297612e-01
-2.352921805452085069e-01,-2.754755388912434322e-01,4.543505485998887705e-01
-7.928871297645623262e-02,3.106713212986300654e-02,1.043454400152057371e-01
-1.456692466528155538e-01,3.005616302186059352e-01,2.747762237561205412e-01
2.323021226414634377e-01,-3.628992102387910146e-01,4.672694683697411477e-01
-1.416563513131011698e-01,2.282382013305415125e-01,-4.282768775227409064e-01
1.214146191720077983e-02,9.090840906609642946e-02,1.822464812956636759e-02
2.054201779362865299e-01,2.069777031353987606e-01,2.008099256684360290e-01
2.127877777431567141e-01,2.506241396379914610e-01,3.264080942710864131e-01
7.259391079372168321e-02,1.581968288562229930e-01,1.364780361158449695e-01
-2.315095950713818018e-01,-2.695220146137371486e-01,4.992979335702416588e-01
-6.273302974363170748e-02,1.275077645568671869e-01,7.408443821251242678e-02
-1.926065468727269359e-01,1.619458880238100473e-01,4.336450478464212166e-01
2.266254711283348655e-01,2.532631375406791951e-01,3.786522398527563116e-01
-1.796704847904777580e-01,-1.880735921004008659e-01,3.809432268175841907e-01
2.862229195895384937e-01,-3.215027188050360030e-01,4.099253970071201625e-01
1.930258485686094927e-01,-1.720837394315010149e-01,4.051583891300750695e-01
3.775068577031581718e-03,-8.640107326922441544e-02,-1.993713995517586435e-01
2.698227935663644050e-01,-3.978308730751374256e-01,4.305319308279147439e-01
1.581640265593323713e-01,3.058002141361508830e-01,3.730265896831425065e-01
1.504737877405993851e-01,-3.070862908310927342e-01,3.568447646741147450e-01
-1.341698767786542179e-01,2.623206685531614957e-01,2.908982931766989077e-01
-2.546978194578976007e-01,3.058970216641447859e-01,3.293638505422420426e-01
2.187447426457516109e-01,1.650379354751718708e-01,4.710968440564511361e-01
-1.958088160940033573e-01,3.676215726379998827e-01,-4.753975849980707213e-01
-3.805185977962077803e-02,3.369828159845433824e-02,6.302391443341193167e-02
1.506839586502213280e-01,1.453750600395991022e-01,2.508052927262146570e-01
-1.265734750132864184e-01,1.159905186439327274e-01,1.949895700287704869e-01
-1.580747296584512629e-01,3.420626862265124801e-01,-4.523072958728130422e-01
1.041504504736751047e-01,3.954408333982528667e-02,6.576552653421507966e-02
-6.635367588412044437e-02,1.824905426516542084e-01,1.559956949620369127e-01
-1.566654785912213743e-02,-9.388158985693606517e-02,-1.306776378147955775e-02
-2.297858247208419691e-01,-2.661449071163087821e-01,3.295328318959511726e-01
-2.368418291852847357e-02,-1.357219847534589796e-01,-1.506451285661077888e-01
-1.229321257840452208e-01,2.904878698540143134e-01,-3.421940238763290232e-01
-1.109063794365139355e-01,-2.624218292309015155e-01,-3.319609517485425654e-01
-1.792970524489276851e-01,1.139599995798641352e-01,3.417366935844002862e-01
2.056781898881347992e-01,-1.602082831600758484e-01,4.817814673708729067e-01
-2.553149716149172299e-01,2.196463340288081767e-01,4.848185829992937013e-01
9.498164729632818659e-02,6.897477150877862062e-02,1.274156598000597551e-01
1.842661144815318508e-01,1.488200045685997841e-01,3.178758459356382238e-01
-8.844324071328457659e-02,1.531644120624803262e-01,-3.691795494958041157e-01
4.486939041172777198e-02,-4.649873452333452839e-02,-9.217679960185753973e-02
-1.684608969552863211e-01,-1.725666896486464097e-01,-4.069413289258251298e-01
-4.540370323068598779e-02,6.303725468855447822e-02,2.610297146183393480e-02
-3.015564873205467400e-02,-6.331480566334646287e-02,-1.160835065806303801e-01
-1.770675940444965679e-02,-8.758828688545938768e-02,-7.289035400730381475e-02
1.801232161562412726e-01,-2.183346070166619635e-01,3.996692205207027504e-01
-1.643014475498951743e-01,1.633663960158060480e-01,-3.867099654058724356e-01
-5.821088208002178632e-02,-5.482897758654114995e-02,-1.272439333671754325e-01
2.099412832405868068e-01,-1.191969962603917077e-01,4.046839370016999116e-01
-2.407802424305560685e-02,-7.433637447334806581e-02,-3.427545330082222286e-01
2.805585406929715919e-01,3.883307488816641895e-01,4.792337882841343211e-01
-2.089091210411485600e-01,-1.977483064922783695e-01,4.647555343081410939e-01
-1.511788566501862663e-01,1.434377382696675474e-01,5.856421992471094740e-02
-1.101955481595129349e-01,2.191229398679288565e-01,-4.920819972845161816e-01
5.194478470999763786e-02,2.122802189844574805e-02,7.213334229460577340e-03
4.587397377825130906e-02,1.743752554182375070e-01,9.844505682465776175e-02
-2.660805004211860281e-01,-2.120885371438980815e-01,4.152159777326728252e-01
9.152175542231710814e-02,4.764716611821884218e-02,-3.265412545795931543e-02
4.656071003299622202e-02,1.432363774169866932e-01,9.957089685737152696e-02
1.061334640398072793e-01,1.172773889112342927e-01,5.302522252432906313e-02
-1.625966225664325915e-01,-2.112663503960897637e-01,3.495227293714363581e-01
-3.174871793634526096e-02,-1.304552613812554052e-01,-1.275388569063504729e-01
2.393764906818239835e-01,2.827553175421854137e-01,3.072182833010547176e-01
-1.312085592273114498e-01,2.921272966728820641e-01,-4.938917124411553727e-01
-2.221016265714198523e-01,3.361941891541386784e-01,4.943687226196450402e-01
-1.775995051433488792e-01,3.253778622145782062e-01,-4.545750302797542108e-01
2.618976877518371937e-01,3.024584977536102226e-01,3.721564457219732613e-01
2.052567225873486167e-01,2.828385718816248673e-01,3.992585775034867002e-01
-1.782096172079405960e-01,1.220270743066920183e-01,2.006224205908800906e-01
-5.823318313705860838e-02,1.250803271129619088e-02,-3.273141382494988427e-01
-6.205852702527892006e-02,5.085960841063830173e-02,-3.182457515775944934e-01
-1.960801251836397086e-03,-8.924328053898322732e-02,-1.165310844980171900e-01
-1.018076078585221644e-01,-7.614743959325376288e-03,6.703405072642532048e-02
4.536889082970552156e-02,-1.853091099246857443e-01,-1.170173455322164324e-01
-6.018666686879403649e-02,-6.887931264776780971e-02,-1.200696320899042879e-01
-1.589608135049366267e-01,-3.536554043387248880e-01,-4.479621315067287002e-01
-4.013698087291217576e-02,1.546312761297806704e-01,-3.313815163764848304e-01
3.248781337175621342e-02,-1.225898418808136769e-01,-5.661351775314282797e-02
1.359585641492107033e-01,1.567617447492873906e-01,6.180132063888343907e-02
1.945875014966484962e-01,2.234132504256804985e-01,2.366260739620025255e-01
1.167226515264175868e-01,-5.741998713154528033e-02,3.234646573923694035e-02
-1.286917518739127964e-01,-1.674593358187771441e-01,-3.551420921028134448e-01
3.749756561759964857e-02,-7.110215000581110445e-02,-1.087178722490733662e-01
-1.346000858460796312e-01,2.542863736048067702e-01,-4.341420003392729710e-01
-6.168725396934271465e-02,-2.211356754936633084e-01,-3.234106823835705136e-01
-5.965134202048338885e-02,-1.587399597515799510e-01,-2.469909567114030313e-01
8.759216377653400443e-02,-1.644991539159890159e-02,8.625169995495340913e-03
-1.411658903784148711e-01,1.925063778868928432e-01,-4.432335781638442329e-01
-1.284113489341148773e-01,1.005183199299924945e-01,3.223574502270765141e-02
2.079040657813069348e-01,-2.916548955771375295e-01,4.073532050652723946e-01
-2.332756205119673742e-01,2.539214426483618059e-01,4.791585578310245674e-01
2.080759373051361827e-01,-1.591330506147583534e-01,3.896288629228824574e-01
-4.242488757336160266e-02,-1.557313015157202329e-01,-6.866991249848841683e-02
9.801216320684080774e-02,9.161821285320537189e-02,1.582818558098334494e-01
-1.168041706430476001e-01,-2.908509109601808973e-02,-3.314208547930630466e-01
-4.742374325820064573e-02,1.537976265261964404e-02,9.756167773681378996e-02
2.007565127538031291e-01,1.976034065844279874e-01,1.848083827617492680e-01
-5.692933826967461197e-02,-1.441769442046295646e-01,-1.255502363778591146e-01
-1.459961461795582505e-01,1.925708133634029817e-01,-4.900487401416535604e-01
-2.316159563177501157e-01,-3.440549739499126902e-01,4.810805260637541769e-01
-1.021465880841692098e-01,4.759072848558165703e-02,1.556482729059046610e-01
1.615580940496891271e-01,2.066696992189959170e-01,3.466876143874076943e-01
-3.865165105939349921e-02,2.566148567105241973e-02,-8.291192211928366529e-02
-5.843866622101412389e-02,1.785026354717036412e-01,1.314707198584512682e-01
-4.962106574370594991e-02,2.166421784088561342e-01,-3.976092972999587527e-01
-1.586519863897425386e-01,2.063994830773976386e-01,3.033160052529424444e-01
2.380147040552904603e-01,-3.604173056606567727e-01,4.455809873874788662e-01
6.082393053953327744e-02,6.710611323463577804e-02,1.509298567578798433e-02
-2.336635962491072638e-01,-2.753417912148590219e-01,4.369804268612350606e-01
-2.403094562510077470e-02,-3.576215844495300722e-03,-8.748742636033479680e-02
-3.540066100919669889e-02,-4.387479799602311825e-02,-3.556739735702141303e-02
3.404397319018326318e-02,-1.255566420740636957e-01,-6.207200938843959737e-02
-1.976772575474221583e-01,-3.324027537679580258e-01,4.183904386093674210e-01
8.453210913625786027e-02,-4.339685256204983688e-05,9.066919391566541364e-02
-1.000360229511224608e-01,-1.315851476437608358e-01,-3.086842489505791098e-01
6.987033608506165727e-03,1.256149420566399222e-03,-8.441564017317393365e-02
1.682041358054923164e-01,1.930407368857145478e-01,1.430156680244125678e-01
-1.032274900569853937e-01,1.245589758563053762e-01,-3.666187748303135763e-01
1.005029386054356877e-02,-9.515289480293320779e-02,-2.710176983394262384e-01
-1.463656811719901141e-01,-1.199857192568616338e-01,-3.403139677863609158e-01
-2.542979803370354341e-01,-2.017062922711272410e-01,4.437341135028546324e-01
1.230998238773798326e-01,4.133017075932499118e-02,6.366406062714380365e-02
-7.234559977017207544e-02,1.110835314218953096e-01,-4.599164973410430068e-01
-1.227169815093750449e-01,-2.080872816998653452e-01,-4.251026961474538846e-01
-1.630118806442494295e-01,-1.129769030950842357e-01,-4.840382853228787363e-01
-2.102022651903281414e-01,3.123008329554733953e-01,4.427568251142777189e-01
9.473919108600925565e-02,6.109332426741354016e-02,5.638447877600738511e-02
-9.381273058920480690e-02,-8.922006845840824152e-02,-3.340067566621786055e-01
2.064233686824670233e-01,3.401237433479937788e-01,4.136011822487837275e-01
-3.704581786399907539e-02,-1.901988892277525212e-01,-3.795218682879700767e-01
1.878823058544687452e-02,-1.165233053417643605e-01,-1.785237529318672856e-01
2.729664478253688298e-01,-2.521548028193134616e-01,4.807364431599497889e-01
-4.811296061486924902e-02,-1.359637870266120485e-01,-9.727209651349677522e-02
-1.035407050462988643e-01,-2.621247922786699158e-01,-4.737734838287038786e-01
1.366359748253855866e-01,1.517814783875176543e-01,1.654164875850087091e-01
2.418788506012269357e-01,2.138720706067092081e-01,4.187846697521931949e-01
-3.412281852798160209e-02,-1.721529482228116859e-01,-2.294325495052124131e-01
-2.546456653874901166e-01,2.665082436355528106e-01,4.994180778263188625e-01
2.255281082543729720e-01,-1.912227601930073240e-01,3.991819053531627803e-01
-8.132407208195657766e-02,2.272762636932157410e-02,-3.336959908529157914e-01
7.228601003302170813e-02,1.431897976282654472e-01,4.944723303923459490e-02
-8.873708341287744883e-02,2.323489943297383231e-01,-3.739683278423254764e-01
-6.594436819330629085e-02,-3.984134702584729570e-02,8.788002606620692880e-02
-5.022273818824551928e-02,8.962902127639871264e-02,7.721219626487973997e-03
-2.854625169124420658e-01,3.146564116388296251e-01,4.607977096907838188e-01
-1.085015651304988005e-01,9.886828758239163406e-02,-4.428444391419039672e-01
-3.710174125151510793e-02,-1.832757097302856186e-01,-2.727243719280074696e-01
-1.270664096402736032e-01,5.997906054579160706e-02,-4.837521927832929558e-01
2.232477506285744928e-01,-1.782713495051221342e-01,3.310672419305730196e-01
2.405370907444106532e-01,2.073949992406343146e-01,4.508993047280247524e-01
2.978382814824973579e-01,3.122222342882234880e-01,3.875398826358968929e-01
1.999504078071889790e-02,-9.430390364312857265e-02,-1.027607452457495185e-01
2.229341085489685570e-01,3.883541931126127666e-01,4.626529278446767091e-01
-9.922268755329866075e-03,4.201221376334718371e-03,-3.482366321861696257e-02
-2.249258658478358042e-01,3.091947861976612755e-01,4.645159174684222458e-01
3.862868277519504456e-02,3.466014408692819071e-02,-5.935945333697623116e-02
-1.775014399263533660e-01,-3.668520593763819893e-01,3.895911036670127725e-01
-6.366662858552341042e-02,-1.909183428986063191e-01,-3.302862138476517773e-01
-1.481356644307608716e-01,2.474606210927533523e-01,-3.997998476119404287e-01
2.150203096808641634e-01,-2.034253533546179771e-01,3.952466890751414885e-01
2.226943811598317557e-01,3.006470803396904534e-01,3.324950081740609686e-01
-1.924605836196265907e-01,-2.318799155306887627e-01,4.051003038501110876e-01
-6.325092449355129709e-02,2.129550072014610995e-01,-3.224125070375033486e-01
2.012053148608156095e-01,-1.734669100574874889e-01,4.406813294176129547e-01
-2.620659229793680378e-01,-3.549356587144804065e-01,4.442092277319865667e-01
-7.320854070338977948e-02,-2.056964072058341531e-01,-2.144989873283705828e-01
1.694262282296178368e-01,2.991626501597871579e-01,2.860841064586431282e-01
-8.448123244444516455e-02,3.979398873026618322e-02,1.188792565449159344e-02
-1.542358373363454938e-01,-2.063682199215176594e-01,-4.681400240095966447e-01
1.701949760650013355e-01,1.570655703980995410e-01,4.099240804925751158e-01
-1.896383949760502841e-01,2.034646974920968354e-01,-4.663469333439805853e-01
1.900981879063800006e-01,1.997162698925105673e-01,2.528036935332468316e-01
2.199293945503835168e-01,2.807882404653060382e-01,3.270807837732240264e-01
-1.363604963642270906e-01,-1.815083793618964547e-01,-4.777332938336538160e-01
-4.348804315709065005e-02,6.062346940925045224e-02,-3.742253156271508896e-01
-3.002622115330318975e-01,3.152040378675040611e-01,4.386317832524138094e-01
-4.430163352017513212e-02,-1.696760712913641944e-01,-3.304940051500998566e-01
-1.736733977803369688e-01,1.902983609391822872e-01,1.794978294372331362e-01
2.552537501751364069e-01,-3.925314902315627519e-01,4.761301140073253002e-01
1.780545979638282761e-01,1.229477350964212068e-01,3.279245977985993932e-01
-1.873539662144421136e-01,-2.519500959274842966e-01,4.117284577809399160e-01
1.563895445433324261e-01,2.713035242548436088e-01,2.971550736655335090e-01
1.862823691085658817e-01,-2.290958309446048391e-01,3.558613157713955699e-01
-4.212331897148802184e-02,2.087201380146824770e-01,-3.344973952333750722e-01
-6.346940554196289774e-02,-1.114320705821926216e-01,-2.953001916680080274e-01
-1.495848606896293953e-01,1.571030663029021612e-01,-3.858666198395858116e-01
-1.975458596571992853e-01,-3.400934354432041395e-01,4.245176956290989123e-01
-1.056224908718041977e-01,-1.575038121195561081e-01,-3.239684374348846818e-01
-9.189931338581813769e-02,-3.614995541803200929e-02,4.927194828705416807e-02
-7.839225146137074329e-02,-1.052622407008041439e-02,-2.188143454738855631e-02
9.236755348852043745e-03,-2.795024782843535949e-02,-1.098940171832335500e-01
-9.445149792173301861e-02,-2.309743569922718676e-01,-3.810736192900117114e-01
-9.483358247655415685e-02,7.088339852980907185e-02,-1.624348684692789035e-02
1.026672143434814721e-01,6.259940141275355252e-02,2.119560874324621924e-01
-2.672211892273964606e-01,3.082218088568032810e-01,3.393187053382383800e-01
1.888655552088781553e-01,2.468548230808491617e-01,2.142212910319870600e-01
-1.054076312109359925e-01,-4.068759711225444775e-03,1.678465629807079917e-02
-1.093291592481206997e-01,6.510312333235024340e-02,5.770115371219042277e-02
-1.194006330038772656e-01,-1.718181974018815339e-01,-4.979865852457955322e-01
-8.267207451105673677e-02,1.811418929514770904e-01,1.216851611699399927e-01
4.772204909818089646e-02,-2.297939612647081908e-02,-1.685125690211436433e-01
1.620552475247992730e-01,1.769169734175062292e-01,2.591676060794321224e-01
-6.380259812020117050e-02,9.181309831269590660e-02,1.312049913832969983e-01
-1.937969594907138493e-01,3.139067245461719668e-01,3.940186632956179658e-01
1.887469382300818177e-01,2.665751344087051722e-01,3.447673800189683391e-01
1.611717743990761509e-01,1.200402516343083148e-01,2.716020530395671928e-01
1.746355372312285992e-01,2.470473284236491818e-01,2.050146654037179328e-01
-8.733496654352579380e-02,-1.252671464231589482e-01,-2.691570243587918521e-01
-7.091366094544793164e-02,-7.023934052372116099e-03,-3.951640112160366147e-01
3.902571901318363512e-02,4.943540986562455775e-02,-3.022584996911270583e-02
-1.055187347776027629e-01,6.527946065220302518e-02,5.975236200503197814e-02
-3.768829361595027461e-02,9.026633743868917037e-02,6.537060293647045661e-02
-1.151904538671487677e-01,-9.346440752370299698e-02,-4.323441288429145102e-01
2.688386999355779627e-01,2.958286032845771629e-01,4.937734078522474368e-01
-1.266720164107996149e-01,2.603536536505259846e-01,-4.399709007948491291e-01
-7.569173887937474809e-02,4.551978133176548535e-02,1.398496327938711925e-01
-2.650601291812184623e-01,-3.968391480137319904e-01,4.517288044713279049e-01
-7.737855342332955466e-02,-8.510090288831240191e-02,-2.289610944267307380e-01
-1.576245601352070924e-01,3.422539346722158760e-01,-3.688903513861198080e-01
1.316325669975937362e-01,1.754702478791606568e-01,2.798205868854054534e-01
-2.555141539403975592e-01,-3.662299593788653773e-01,4.651465607372304856e-01
9.809049417963988660e-02,2.002537617830475458e-01,2.098543009905762258e-01
-1.729993084980691043e-01,-3.213900903625278582e-01,3.597014846297814650e-01
-9.238416044208785927e-02,6.872565921715645398e-02,-5.061009998568588575e-02
2.341441286594957427e-01,-3.823505472020902740e-01,4.046305399102757550e-01
1.289545436270996825e-01,-1.019519920753096942e-01,1.056903000254927338e-02
-2.317447206920759672e-01,2.459782163889191464e-01,4.419092004065388046e-01
4.859292116716529275e-02,-2.326532151955773564e-02,9.211370251085082561e-02
-7.297502176105197247e-02,1.117881562601475975e-01,1.557250603359107144e-01
1.125770410808603073e-01,2.198753471142324001e-01,1.847470795321258796e-01
1.138519994445981176e-01,2.434702260220561465e-01,2.119966868400118276e-01
1.598435759425312908e-01,-9.038759473449897719e-02,3.689142135319718463e-01
-1.229859248021839546e-01,1.265628737526591774e-01,1.347442001495057218e-01
-2.653789342366414949e-01,3.201400269491703199e-01,4.401396846283842645e-01
3.295987835372116148e-02,9.372646532732897828e-02,-2.451289646912113707e-02
2.367685682025362226e-01,2.699532874143181216e-01,3.747477415282632895e-01
-1.994999098717017416e-01,-2.357976761134946697e-01,-4.812868615287516638e-01
-1.880686022628802467e-01,-1.287078177505865950e-01,-4.902122775599122573e-01
8.002778619948858196e-02,3.749331532052191385e-02,1.963427196231900540e-01
-2.467549509755628812e-01,-3.430158841114580026e-01,3.220411476747545576e-01
-4.331003200455518787e-02,-5.703613589534217709e-02,-1.700104490873619589e-01
-9.050518765754533845e-02,2.004620656927177391e-01,2.188363525680212529e-01
2.798533313063414907e-01,-2.718660761319454666e-01,4.936447099015490725e-01
-1.859078134367441182e-01,2.427382273898914811e-01,3.737764221799507736e-01
-2.361813433427464304e-01,2.473646923199384062e-01,2.399178518278147765e-01
-3.163472855676341400e-02,8.118585224860674909e-02,3.540636598361390774e-02
-1.144797644103420220e-01,1.546504845992409116e-01,1.535982195253939864e-01
5.783047874217317474e-02,8.429255558548232052e-02,7.004547025852436715e-02
-3.648733817362947995e-02,-9.050240990660807228e-02,-6.633546072306428787e-02
-6.829109328934102052e-02,-2.176114671969402448e-01,-3.460302590532335909e-01
-9.743134326707636461e-02,-1.895240026373534725e-02,-3.361395176701131859e-01
-1.112649573731659958e-01,8.531657515532431457e-02,-3.525374321358406560e-01
2.466012581817305094e-01,-2.919765523102549887e-01,3.505976324946976641e-01
-1.328088037040977554e-01,1.192580787960633160e-01,1.800451389304070782e-01
2.535306543778518273e-01,2.317817854560640933e-01,3.807863721977604587e-01
7.872181214402140803e-02,-1.038177814359644291e-01,-7.282857537622478006e-02
1.675835615284214652e-01,1.798151435692976197e-01,3.212613429796591369e-01
8.393936769807930354e-03,-1.412554058506524379e-01,-2.210595732605546981e-01
-9.101395092830200095e-02,2.147735842739806333e-02,1.607939493226065997e-01
-1.654783906089012380e-01,2.954084029660869470e-01,3.290359785688804495e-01
-5.225766782244289921e-02,2.496145580400555009e-02,-9.007325557716305831e-02
-2.025511198471132701e-01,2.080090830769949495e-01,4.278845829392177169e-01
-1.930308295909476390e-01,-3.271393639365022254e-01,4.604212677462763414e-01
-9.221381139548900929e-02,8.960034679889783416e-02,-4.081738918062162158e-01
-3.357599324980620192e-02,-6.576450889860352422e-02,-9.944045477993468385e-02
1.744720647685678028e-01,2.183989696267041314e-01,1.813576180253192449e-01
1.269749115377911686e-01,6.412930430256291725e-02,3.354872412738829635e-02
-1.872129662648099879e-01,-1.941367007386298749e-01,3.279373071633532311e-01
2.773385056851508379e-01,-3.896590184076724750e-01,4.476631477663133296e-01
-7.151040749529324891e-02,7.677432912118420383e-03,1.302091795559903176e-01
-1.735483413825988919e-01,2.684352557423114183e-01,-4.919017088671044924e-01
-2.492779166238168198e-02,6.028400091141106198e-02,-3.280282112396009087e-01
-1.283306302819525735e-01,1.641181351846712211e-01,-3.670811251846261003e-01
-1.545039948698090360e-01,2.864834209141309262e-01,-4.387758910105293841e-01
-2.176562541586544164e-01,-2.551596245980071176e-01,4.815012791042161400e-01
2.033188469029677536e-01,3.361533767257645078e-01,3.762824285145617287e-01
-1.099913501899451029e-01,-4.098019934184415902e-02,-4.338846149989927792e-01
2.859191209698875857e-01,-3.448258839449841462e-01,4.257845755487705830e-01
3.678317690409516061e-02,-1.217240432167832065e-02,1.634849722571507513e-02
3.712439936704436949e-02,-1.805829425543674649e-01,-1.852787717318635785e-01
-2.213555010516891075e-01,-3.603747457319763647e-01,3.267204287469364088e-01
-4.756069057436518310e-02,-1.994102097881446101e-01,-2.358451551478626396e-01
-1.844718623118074552e-01,-3.197069728382414544e-01,3.626067507666133061e-01
-2.439044077232289665e-01,2.822371041693839677e-01,3.520055840157293447e-01
-2.184488688069067264e-01,-1.712581868854247125e-01,3.571491838493365822e-01
-2.475082891847681932e-01,3.355206102610300833e-01,4.113371439665712836e-01
2.369387513286025371e-01,-3.226126605260817293e-01,3.237181537484701277e-01
-2.411352074790108491e-01,3.063758741536760644e-01,4.445378449850444502e-01
-2.719485302587220099e-01,-3.680947434319375988e-01,4.877101999618698169e-01
-1.269918065231638860e-01,-1.215659764647103458e-02,-3.756218802976305504e-01
-5.012720793264568986e-02,5.101228123468914966e-03,-3.207755588489282772e-01
-1.425369925976358587e-01,-6.070545838734309196e-02,-4.189683363967011687e-01
-2.859587105489298509e-01,-3.768142402899126164e-01,3.782685093958820799e-01
-1.844348373384488982e-01,1.326692247147462922e-01,2.353377879593934185e-01
2.082148642898069557e-01,2.750075875713936524e-01,2.671274852694609514e-01
-8.015087919251684401e-02,-2.061353294505595679e-01,-3.707910392858034809e-01
-1.927732938996462586e-02,-8.518655605691438648e-02,-2.827813298781804985e-01
-2.408349142698824608e-01,-1.944611698852170001e-01,3.167519675377455934e-01
2.629926896712085904e-01,-3.710476224577375914e-01,4.029120543768779372e-01
-2.541358867853434900e-01,-3.328438588151629851e-01,3.170313550408906389e-01
-3.245058225193231394e-02,-1.480625341657604288e-03,2.619957331586997284e-02
4.232927214636761359e-02,5.537295130864872128e-02,-2.714732282252452222e-02
4.254296919228572893e-02,-2.726500139421694779e-02,3.905005198382993647e-02
6.239427719461521082e-02,-1.769107581428996934e-02,1.018613048018141010e-01
-2.013507248099521973e-01,3.346800591353504828e-01,4.413994259190933134e-01
1.935799682691186074e-02,-9.256324213684163915e-02,-2.135219180785663529e-01
-1.336091774118350894e-01,6.319139939889550917e-02,1.538023353546379424e-01
4.932797577119285570e-02,-5.920518093966475881e-02,1.887266611547455675e-02
2.299755420375849679e-01,-2.456577461916417127e-01,4.114429702387129018e-01
-5.887992225484106612e-02,-1.811446672226371124e-01,-3.759976645829623543e-01
-1.047500533777818710e-01,1.163231947699827629e-01,1.704040940360251888e-02
-1.215251200839980728e-01,6.791033636456533795e-02,1.651057029823478350e-01
-2.351890837339565277e-01,-3.671236680436537059e-01,3.251561816527218651e-01
4.652158730366573458e-02,-1.410527003808775826e-01,-1.141443892107824043e-01
7.338630726219175227e-02,3.614591513433840220e-02,1.796676896945664792e-01
1.983358568164383939e-01,2.427075996210298348e-01,4.057276871523297634e-01
-1.303339508177271400e-01,7.437748704276303524e-02,2.471686433490393187e-01
-4.201032234945545341e-02,-7.201503435686595900e-03,-5.083809024762553364e-02
-7.111513631376520372e-02,-7.553723010440627217e-02,-6.161416210989234532e-02
1.647888968173072399e-01,1.361088379777170010e-01,3.817900113494694381e-01
1.813882009685060526e-01,1.613443096349522765e-01,1.490836060284167486e-01
-1.689451339910311711e-01,2.051511722334955490e-01,2.094947227140047108e-01
1.499969431643151108e-01,1.114917138013760134e-01,2.568872727421103175e-01
-2.024728429965123588e-01,1.841648247966929386e-01,2.997737276615313196e-01
-1.850358602586553713e-01,1.435313669696453021e-01,3.158007900380828126e-01
4.527317562872956724e-02,-4.532936827372813227e-02,-1.595753835018474120e-01
-6.601372924328097191e-02,1.947135582467439674e-01,-3.479097033222539048e-01
3.064438518113441479e-01,3.525018267164008456e-01,4.957109511142075986e-01
2.841988751756698850e-01,-2.505913350450724719e-01,4.586030624934859246e-01
2.462341593170476184e-01,2.527651822555084804e-01,4.298088553229901798e-01
1.612754346702136576e-01,-7.106297326726618291e-02,3.646001655590110913e-01
-1.635668121576548950e-01,1.247755319384810102e-01,3.214773233903523986e-01
2.129591620434987398e-01,-3.571877791363367027e-01,4.194649531385836738e-01
7.834176162295425350e-02,5.495478283190935453e-02,1.432185445058650197e-01
2.340509970398222395e-01,3.084808261716476263e-01,3.683489850656480602e-01
-2.186816535484586987e-01,1.813346184979809372e-01,4.700473009447739825e-01
2.039655808927665070e-02,-1.692072327354212646e-01,-1.551678539093959142e-01
-6.436135042114032867e-02,2.060767121623332532e-01,-3.786803325024973299e-01
-1.377099051132959495e-01,-3.124963973593429811e-01,-3.897541293581776589e-01
-1.466595235225309768e-01,1.160414574108198371e-01,2.175782493681946983e-01
-8.320286909876628556e-02,1.847657633772505914e-01,2.051950009785156182e-01
-1.763833456814758449e-01,2.416339075897635524e-01,2.671632042916471939e-01
2.516574257272099491e-01,1.961109084143312087e-01,4.271306449748129008e-01
5.593530911036037612e-02,-1.347475469222640942e-01,-7.014071120553122540e-02
-5.361252916835634874e-02,-1.229379225105076134e-01,-3.400639624803361016e-01
-2.205555794018192461e-01,2.054893343107462300e-01,2.725715355747069246e-01
5.626359111036072225e-02,-4.327552953377755696e-02,-1.364343923982506146e-01
-1.416796617688339532e-01,7.811857756631956917e-02,1.031689446061132553e-01
-2.105403976028317192e-01,-2.251719193564754029e-01,4.489695823014943077e-01
-2.496026642316027111e-01,-3.751886715479564316e-01,3.171903894406510327e-01
-9.842660647955980835e-02,-5.011717013601479920e-03,-3.523956739976271679e-01
-6.052889451460918835e-02,1.278973763356520132e-01,-4.381465168688936096e-01
6.315101472992468157e-02,1.034176453057478184e-01,4.948062188601165534e-02
2.413867691204972799e-01,2.042769067497142155e-01,2.791601661132859791e-01
-3.272847688186681925e-01,3.408862485260816255e-01,4.856634837989654008e-01
2.125398673897815893e-01,-2.162248106089905697e-01,4.173979132590092123e-01
-1.963025493476977523e-01,1.754950335553595586e-01,4.570098653550966894e-01
-2.153011093333065951e-01,2.098028439003516432e-01,4.034665379857484968e-01
-1.131553630537672772e-01,2.399746320093000262e-01,-3.949499597285500707e-01
-2.757326580494871004e-01,-3.892056484602779420e-01,3.396037546744423707e-01
-1.598438679099688509e-01,-2.532310913022344234e-01,3.696056743028900415e-01
-3.384698583957934659e-02,-8.564068288284909514e-02,1.080222380626849610e-02
-1.343055648086191045e-01,9.643756104179845856e-02,1.271487907201859224e-01
7.063799268428005984e-02,-1.564261735722427549e-02,-6.105194316489703787e-02
-1.717925314711578055e-01,-1.614481637649941570e-01,3.485585223354422668e-01
-2.520293892661968904e-01,-2.817806875538297895e-01,3.836712820811697400e-01
2.975184898367910780e-02,-2.984842855266855999e-02,-1.525586635425908444e-01
-3.390325734745724962e-02,1.565350497051299916e-01,-3.558823723670748729e-01
1.219751639778299257e-02,-5.707027180041523984e-02,-7.798306262342047379e-02
-7.396198178072799223e-02,-8.750215567617636303e-02,-7.956085348458930007e-02
-1.733579483492030393e-01,3.217121294693536804e-01,-4.067943051157341117e-01
-9.292517356417351326e-02,1.264914354678681185e-03,-1.898722101132177542e-03
-8.875937763410335357e-03,-2.382643003452722397e-02,-1.329514592429803521e-01
-2.559878782497727601e-01,-3.168538571043244545e-01,3.949326363676383123e-01
-1.933369841247223331e-01,-1.880493660936638500e-01,3.759065541468160632e-01
1.993211613649401581e-01,2.674794813476624178e-01,4.741915209051377200e-01
2.294945784372190989e-01,-1.763363143926727217e-01,4.599960695179334813e-01
2.522808742434277107e-01,2.711468420893627940e-01,4.163178573722136067e-01
1.513310016749260800e-01,2.397446556965242559e-01,3.204573166393472894e-01
-2.058828155302204754e-01,2.677763844229336110e-01,4.730073375832059002e-01
-1.391554845947731156e-01,9.641432452006692966e-02,3.179375743697272494e-01
2.334410974545527706e-01,-3.186050254475101262e-01,4.103619494282862989e-01
-1.439496739734194009e-01,8.853845647761349191e-02,-4.397882675808801878e-01
1.066443912809527106e-01,7.988755304875594376e-02,1.259185986021127412e-01
2.570975453049864079e-01,-2.882436445241018941e-01,4.500667666644575515e-01
2.549776677410354742e-01,-3.504526536221903577e-01,3.650068219100083278e-01
-4.235734550126635245e-02,-1.752574213021773630e-02,3.066570518545819191e-02
1.910276923989344677e-01,2.993393017697898451e-01,4.023513286404595268e-01
-1.426490958041819468e-01,3.419073755420702909e-01,-3.559183679853864524e-01
-2.369260383372485679e-01,3.301234653383243733e-01,3.665506031531640119e-01
1.253221671135362758e-01,1.958119863212740563e-01,2.427958500462655822e-01
-2.314734307331584029e-01,-2.738050831454991174e-01,3.725967885113959932e-01
-3.136451875548080803e-01,-3.337052099224657731e-01,4.484045108097077792e-01
-1.741081621095486032e-01,3.153796431724589233e-01,-4.806636841267927229e-01
-1.645378470221907641e-01,2.747395459807480123e-01,3.171649779211266340e-01
6.504176199600497643e-02,2.119412222440808513e-02,7.821630409847957210e-03
-1.158961106279946529e-01,1.908985572149887178e-01,1.979068774249557183e-01
-3.020149771184176268e-01,3.946171068511052926e-01,4.564254508805271060e-01
8.061087332936756056e-04,-5.096148268157663086e-02,-1.282468144428893231e-01
1.955741730010366330e-01,-2.758894405988618903e-01,4.260888650096782415e-01
1.113693526178204385e-01,3.476417957954824889e-02,1.138548505925139898e-01
-1.467209862350282723e-01,1.678635650347901631e-01,1.257429153568996316e-01
-5.961246386533802788e-02,1.297102131224369126e-01,-4.229789033945222654e-01
-1.307605628019840038e-01,-2.732381130831473826e-02,-4.558909151127867876e-01
1.142745606904138622e-02,-6.889320481562799525e-02,-1.316438531412774671e-01
4.171332898711332948e-02,9.475083955311069950e-02,-1.965384138892967147e-02
3.985250971965825784e-02,-1.871427439004603732e-01,-1.888369081167550201e-01
2.337276723035190962e-01,2.129048546540230902e-01,2.627886742513255713e-01
-3.132805842933031881e-01,-2.645656268738254546e-01,4.600184874936626978e-01
1.934620384806471360e-01,-3.001720207368728799e-01,3.636126994900066300e-01
1.224311569806192379e-01,1.203996195385410584e-01,2.231623274521165046e-01
1.606341949851679551e-01,-8.564928681623018569e-02,3.722647811399651951e-01
-1.510644218363299540e-01,1.349085322624348215e-01,6.202313521438596045e-02
-1.591716432792428249e-01,1.650912758382870882e-01,1.887241634359883014e-01
-1.361138979669553883e-01,1.463072498383893860e-01,-4.988583240687594067e-01
-8.236727357363760049e-02,-2.213750799493970911e-01,-4.849876417571967746e-01
-1.007337088127210345e-01,-1.428494075650414974e-01,-3.864795423571000255e-01
-3.769731533454834249e-02,1.118975872037448749e-01,1.470970385178693718e-02
-8.095082361381100711e-02,-2.259777291561638757e-01,-3.848165078090883817e-01
-1.818170874475182330e-01,2.442319619782470363e-01,3.166814370535927514e-01
1.903557834328147846e-01,1.569717048375735002e-01,1.724311063272645494e-01
2.461764245043651655e-02,8.419482939129196986e-03,-7.198704035396052969e-02
-1.694526230784140219e-01,2.111921954564905946e-01,3.462011695997055938e-01
-8.375758845454439605e-02,7.088132676854541625e-02,-4.640859970639320542e-01
2.214715348112369364e-01,-1.510067847209415337e-01,3.196659358563221920e-01
2.566379327394041621e-02,-1.706590533370873075e-01,-1.548617330838191197e-01
-2.349461996781477824e-01,-2.147417551878307851e-01,3.632715037407481251e-01
-2.969153388843505104e-01,-2.915920145917545447e-01,3.888524263065437081e-01
-1.593092024203819346e-01,2.122984539458708797e-01,3.522699507125388596e-01
-4.388536546278465345e-02,-1.555965446189492285e-01,-1.023351300382433493e-01
-2.708507046493128234e-01,2.849052835858020272e-01,4.492752796554226880e-01
-5.932503796862087508e-02,1.080156850273610303e-01,-4.308512459879436651e-01
-1.979592527367063370e-01,-1.696922228468216165e-01,-4.837962264051119954e-01
-9.913243363752632931e-02,2.281884760605246143e-02,1.397107671301193177e-01
-9.426351844676106317e-02,-5.652720301563873839e-02,-7.355891217400001292e-02
-1.156969385853970911e-01,-2.200040395679003780e-02,-4.161203489872999928e-01
-4.080962681661437497e-02,5.786799408245357768e-02,-3.307020300762509857e-01
-8.625462242802661716e-02,-8.972252500473443249e-02,-4.840607724585221927e-01
-5.576075338265018555e-02,1.028884261804724476e-01,-3.498661547967160113e-01
-6.624849761885920341e-02,-2.092318394189833786e-01,-2.834821211979958733e-01
1.346541082561925062e-02,-7.398759530736642720e-02,-5.246242949958745960e-02
-3.395777956288326127e-02,-1.298296803874938732e-01,-3.547918601147018736e-01
-2.910609184373758040e-02,4.730730329265342426e-02,2.949393228575125647e-02
2.847314438992878394e-01,3.235377233348909476e-01,4.179130917499807030e-01
-3.040337521453247982e-01,2.996786723857192136e-01,4.431543374781818923e-01
-1.057792425607064768e-01,-1.733641214738199654e-01,-4.427934190667511816e-01
-8.381042000445737550e-02,9.075958484007140559e-02,3.786985586281854665e-02
2.398197436099772650e-01,-3.144591303731989473e-01,3.798334511652282641e-01
-1.022754815213955393e-01,-2.601988344002537090e-02,-4.547591446934579062e-01
2.220600158662874302e-01,2.103318981669296539e-01,3.063681362509793615e-01
-1.775774449493937590e-01,1.667495149043197733e-01,-4.168830627291971735e-01
-2.484266718212757574e-01,3.020978935665293852e-01,3.426785328877728354e-01
-2.322007479913050787e-01,-3.022095525142397543e-01,3.657985334965150326e-01
-2.226493842225235609e-01,3.662014511933301408e-01,4.007573929468062346e-01
1.433627689419952889e-01,8.114156061289623523e-02,2.265458910044589880e-01
-8.811060375454593530e-02,6.845593187882204056e-02,-3.634515395768236345e-01
1.872397514425218068e-01,-1.169928514976388279e-01,4.501454294315392346e-01
-1.615885923115301104e-02,9.284098080750013970e-02,4.491119637133378362e-02
-1.545889318868256535e-01,1.692783044599979192e-01,1.889213384989829603e-01
5.511290781783262371e-02,-7.541935222147599927e-02,-1.064224302907902375e-01
-1.526943635566394564e-01,-1.816386547486787961e-01,-4.556805308741534999e-01
-9.914445070301347585e-02,7.927880711017509796e-02,2.722756255811953352e-02
1.804725206840507301e-01,3.747135166833820419e-01,3.774600455727359360e-01
-1.740552329932218978e-01,2.337785763849626886e-01,3.526657263336419046e-01
1.857899693542373054e-01,3.725741767013547312e-01,4.511200238502330873e-01
-9.978978734753729540e-02,8.703288497368300014e-02,5.951512605175290904e-02
2.118759279234438964e-02,-1.583264172674327952e-01,-1.279243744538948180e-01
-2.375077040632126435e-01,3.840629377678900225e-01,4.256656010745283325e-01
9.863444423800460381e-02,1.497338892951624034e-01,7.877609106119654037e-02
-1.952613463805689120e-01,-2.300472597246785433e-01,4.413633877298824837e-01
7.813382010067393413e-02,-1.433825507365914520e-01,-1.119973986193889548e-01
-1.683999854641539118e-01,-2.355892919307644995e-01,3.437296755691848782e-01
1.691633382004640307e-01,2.693034466915446012e-01,3.003466661370365332e-01
-9.875589810164808746e-02,-2.393127832720285397e-01,-2.344033714288079606e-01
-2.061302247630603102e-01,2.408237848623435706e-01,2.439513400924514519e-01
-1.331502971198987861e-01,-2.254618518189116516e-01,-4.358679046524990275e-01
3.451110889131270287e-02,3.552983238234252994e-02,3.787174603918030957e-02
-2.236031276599762530e-01,-1.487574183063385957e-01,4.049805324161062092e-01
2.430423802193135696e-01,-1.622726572881841856e-01,3.193119066404322970e-01
-1.118083594429479799e-01,-2.405410689308375982e-01,-3.635712043359031753e-01
2.052086384929822094e-01,2.309053688879871835e-01,2.297926335906094186e-01
-2.094469985503545351e-01,2.979168270869481105e-01,3.111740930920670056e-01
2.045628533544707750e-02,-1.342432384298942738e-01,-4.958573551746137120e-02
8.637641712266108662e-03,4.946860987742562887e-02,1.187186594506084436e-02
-1.442955689296790966e-01,-1.945638642187192957e-01,-3.304734003778068141e-01
1.636585638339104198e-01,1.673687438217408285e-01,1.109299979658260327e-01
-1.169971846098383228e-01,1.483865469257247272e-01,2.380231320982159060e-01
-1.101052324060395327e-01,1.749359688412507330e-01,-4.030793710478564051e-01
-6.197205784703063713e-02,-1.437941188566438377e-02,-6.584236843427127006e-03
-1.047447637153430255e-01,-6.303998625944073897e-02,-4.786337997353206086e-01
-4.608560324277410913e-02,-4.330647338302429095e-02,-1.033440728288231858e-01
7.212484156943288482e-02,1.561943307638993250e-01,8.172861617042281868e-02
2.072722987254511651e-01,1.721773565929833882e-01,4.545254902058954993e-01
-1.758545824172752514e-01,-2.768154704804585142e-01,3.185428590641061763e-01
-1.303726155432274325e-01,2.108293128350160472e-01,-4.170865538397832140e-01
-2.417043195580612647e-01,2.421850605842291726e-01,4.703137990358140508e-01
-2.369445230388561585e-01,-2.336821347993075504e-01,3.919126525665602712e-01
-1.158836905192768274e-01,1.749810238749577307e-01,1.670203402889633981e-01
9.064985210247400449e-02,-5.972032557605577718e-02,6.438029610285023185e-02
2.621105481094294642e-01,-3.357171680408731484e-01,4.312901635831587477e-01
1.655038314804537780e-01,-3.457218238433737989e-01,3.857305818976658474e-01
2.333134478977961779e-01,-3.422439297164224792e-01,4.644095043819441715e-01
1.613854346638214921e-01,-3.033037745314590694e-01,3.531650583601019244e-01
-1.344443162041877304e-01,5.931095075380943271e-02,1.830527653521731857e-01
9.007375971168907203e-02,1.512983350758184686e-01,1.078750907712711093e-01
2.310349652932742748e-01,3.076201794948345558e-01,3.492566185916403665e-01
1.781218267532391764e-01,-1.990397233961561652e-01,3.176737231532642536e-01
2.604074670142433323e-01,-2.846019703220120656e-01,4.490830977129663948e-01
-2.124910373889724591e-01,2.464623825995223561e-01,4.160721206056989807e-01
-2.169557474822582099e-01,-3.345886098579223811e-01,3.424492815541404500e-01
-3.852829624170361900e-02,-9.528637240161474953e-02,-1.378386962145243810e-01
-1.495229641424763445e-01,1.867305490578798910e-01,-4.562540710808499211e-01
-5.162385291278259736e-02,-1.285756987517396865e-01,-1.830044816712768085e-01
1.259136572042510727e-01,1.530903723571392927e-01,2.723685236195346748e-01
2.849308665147614050e-01,3.988208352958226843e-01,4.381428939819285162e-01
1.785337982851000760e-01,1.060659927496454547e-01,1.648546216153462529e-01
-6.098778348372735358e-02,3.861349999681462641e-02,-9.134512416953255443e-02
-1.818966599455180688e-01,1.415740534678429086e-01,2.745569129205623904e-01
1.773612991168376229e-01,-2.298340992488576706e-01,3.812635743993784132e-01
-7.455199548687296840e-02,-1.260307594799812136e-01,-2.987872784063176912e-01
-3.723103929352966635e-02,7.134110615268918210e-03,4.734391373719981644e-02
-1.151384852560840555e-01,2.388818454513838008e-01,-4.342177195016716507e-01
-2.110852818438329059e-01,2.041647255225370605e-01,4.137046008994849089e-01
-1.553010214500327724e-01,-3.351052977735033966e-01,-4.873815820829580092e-01
2.381669649040677461e-01,-2.108696542581180999e-01,4.805255455123577102e-01
-1.897445009909269897e-01,-1.567366446275074710e-01,3.578012220516822994e-01
-1.491676571644352522e-01,1.807114750622381694e-01,3.016897557415761932e-01
-9.198707809513451128e-02,1.273531670516170333e-02,5.335465852873155779e-02
-5.781505009403342665e-02,8.106886971336546566e-02,1.151368855796147672e-01
-2.466589096937299441e-01,3.631690866986497790e-01,4.475493975616459119e-01
-1.959225722554122084e-01,-2.738149514455692213e-01,3.506765493757644236e-01
-1.923892709194756634e-01,1.320066738624950942e-01,3.133551566568074653e-01
-1.947913343254832341e-01,-3.523139360099977191e-01,4.294250424759692430e-01
-9.758264972975938534e-03,1.498186381161870084e-02,-1.018456040817553587e-01
2.034336168769044217e-01,2.210465458560753049e-01,3.243111317448688080e-01
2.362087336738797338e-01,2.249446556282905796e-01,2.395682850983004153e-01
-7.190589662474355936e-02,-1.846882177930403435e-01,-3.242165730794209777e-01
1.104967573283852644e-01,1.582422209818751258e-01,8.346762570372556755e-02
-1.973914122536829518e-01,-3.512583055093335682e-01,3.901627137051481009e-01
-1.429263188453152589e-01,-1.451503067861033003e-01,-4.300627563402369402e-01
-6.025718903040122587e-02,3.444023588741773612e-02,1.487039505095670844e-01
-1.832834613459423112e-01,-3.822859399613212084e-01,-4.534722345986602621e-01
-2.204434215696242649e-01,2.788958089779071114e-01,4.525362679063125171e-01
3.049066189914437786e-01,4.086617385738311459e-01,4.420896980286712630e-01
-1.078134227638881670e-01,1.734975238635994010e-01,-3.358007533340520157e-01
-1.182195004575912201e-01,1.967145056220966914e-01,2.107553107253211655e-01
-6.896890937701583013e-02,2.131735172756837882e-01,-4.467692543198584776e-01
-1.604323536227385549e-01,3.181855816091122557e-01,-4.990435673525895899e-01
-2.039353680117077516e-01,-2.218218389358427300e-01,4.454214863171882532e-01
-1.052636248256808571e-01,-1.370702299649074751e-01,-2.489139391449072258e-01
1.939402975039467014e-01,3.054847073418599512e-01,4.026584558104268075e-01
-2.142412163440621242e-01,-2.580949692480006830e-01,4.783636318518434960e-01
2.021064926393314476e-01,1.780868145329828067e-01,2.476638685351899571e-01
2.460520594401760519e-02,5.293294554246541495e-03,-2.619877804813719457e-02
2.541798327567936777e-01,-3.244844044768123714e-01,4.691966223651722334e-01
4.236849994071878456e-02,-7.696804344669516684e-02,-1.472905927258284509e-01
1.967526232335295999e-01,-2.989472454719024341e-01,3.282432803211439154e-01
-1.943444395127340574e-01,-2.288198578607649747e-01,4.018983244492291274e-01
1.024493334586544790e-01,1.157549779164337433e-01,1.786115460112769338e-01
2.664745931186144334e-01,2.750636914491851881e-01,3.910833199564593965e-01
-2.977188545464715119e-01,3.324009224962131137e-01,4.109558441314965505e-01
-1.752135873159065271e-01,-3.459032780724040634e-01,3.981140191335214018e-01
-2.948128746093648944e-01,-3.719454789218279434e-01,4.733882378069229624e-01
1.918335489411069350e-01,-3.072651177305052439e-01,3.783638413872392192e-01
-1.102205173596504384e-01,1.023068339631331147e-01,1.981781470346322127e-01
-1.351384647367001035e-01,4.414862227748850287e-02,-4.995188029574118005e-01
-1.551587131038306699e-01,-3.162402288440427922e-01,-3.571155991631113080e-01
-1.105016975772964427e-01,-1.750360390908005659e-01,-2.649856427134406056e-01
2.611907647943090272e-02,3.051084845263796197e-02,7.254277999890901274e-02
-8.282552672427656582e-02,1.555582783952280668e-01,-4.589459769973575076e-01
-1.435704531341334134e-01,7.077108897852069092e-02,1.170701228108034231e-01
1.595026329181281621e-01,8.345339820846153778e-02,1.273480731114767783e-01
1.182481055883511933e-01,1.489744426942842814e-01,2.225441545286340750e-01
2.185842215512536768e-01,1.679855243043336666e-01,4.472723018328822464e-01
-3.616843609451081409e-02,1.573781267826057650e-02,-1.212983071601863028e-01
-1.625509835585173812e-01,-1.678735065299898910e-01,-4.844462930833886016e-01
4.595548225989676272e-02,8.716350156547070238e-02,3.962347813139388553e-02
1.071745797659316990e-01,1.669023656752415263e-01,1.000861862917522549e-01
-1.801420545353935587e-01,-2.500833739149029844e-01,4.037541803956528064e-01
-5.849175760796954116e-02,-3.100054136784480274e-02,1.022187400233186549e-01
1.814459890707148526e-01,-2.221827601483054027e-01,4.254275554588086150e-01
-4.210646830822817321e-02,6.322565571366289827e-02,-1.426292543443341554e-02
-2.837083575801516711e-01,3.525510947821395291e-01,4.503044607284241163e-01
-2.860081263646869765e-01,-3.488872169611770824e-01,4.503201035833921395e-01
-3.664660874413794289e-02,2.174513227314625041e-01,-3.321391839620159159e-01
2.246821323626784217e-01,1.710812765851943418e-01,4.084390239865418604e-01
-2.133824656035848699e-01,-1.738182446275420290e-01,3.384349002645271609e-01
-2.163587409707804499e-01,2.848606792853777270e-01,2.938089184506709195e-01
9.397827371264566576e-02,-1.080361945264921575e-01,-2.198103095271020102e-03
1.727769682036282006e-01,-3.045547386250856414e-01,3.288824891646413562e-01
-1.199348569814110421e-01,-1.196672733505002029e-01,-3.511941692205403642e-01
-6.251862205164759878e-02,-8.439748524744949965e-02,-2.607936419362392177e-01
-2.872954589107765688e-01,-2.836988489908827127e-01,4.787071504783264597e-01
-1.307669893103116099e-01,-2.320179444179785166e-01,-3.733518674992982733e-01
3.103046195929095585e-01,3.726496113070765226e-01,4.709743611126692153e-01
-1.542829273737705842e-01,-1.470891445113776674e-01,3.233639194985249432e-01
7.065710699683747098e-02,7.520633587742742154e-02,1.315261722647276255e-02
2.274339413302582935e-01,3.843937860495875158e-01,4.960532964586434890e-01
-2.426211340429444974e-01,2.650090820379363832e-01,4.352369060125805822e-01
-1.958749147612096619e-01,3.791286063139416296e-01,-4.633083234538734052e-01
4.658692063406411066e-03,1.165671176452143243e-02,1.107750419105824058e-02
-1.432486499914564781e-01,1.635281910785496562e-01,-3.376993458483243948e-01
-2.221599449572330132e-01,-1.898200516664657611e-01,3.828587416575744973e-01
2.527784082271291588e-01,-3.931841471716155390e-01,4.365345437221751501e-01
-7.760200263909922125e-02,-1.850108902288970514e-01,-4.476398534520624750e-01
-6.049108923575330365e-02,-1.254137647808463152e-01,-2.047130745908073424e-01
1.673877946009646456e-01,1.859223252755116684e-01,3.140528261385137077e-01
3.840722434952947850e-02,1.182770125966248198e-02,-9.698168834675668926e-03
1.447592999531327473e-01,2.654767109662908853e-01,2.707881185929477130e-01
-1.064686131115426537e-01,-1.025165400651493197e-01,-1.185504002747894692e-02
-2.181567182921693160e-01,-2.153873608862409972e-01,3.755917216722111096e-01
1.759246217430360248e-01,1.437962569333218754e-01,2.517496546363149346e-01
-1.102370652961857100e-01,-9.638391445942917635e-03,-3.704029147815220968e-01
8.153549678099081266e-02,4.309051732352375819e-02,3.197716176772369412e-02
2.750755737815234747e-01,2.980588925848929316e-01,4.257578589688807424e-01
-4.568079766968446975e-02,-1.293543624985139529e-01,-2.483467485121234608e-01
-1.951783762221414031e-01,2.854284560041850938e-01,2.791289034904830269e-01
1.379868377070458951e-01,-1.090163166814286377e-01,3.315107898896553218e-01
-1.242969525841252088e-01,-2.101645706133763447e-01,-3.930695911126570463e-01
-2.874939342060552905e-01,3.625860782972412100e-01,3.906671357765124641e-01
-1.014357485689113547e-01,-1.811209447692474495e-01,-2.326666881102489315e-01
2.544934245912077175e-01,-2.560909422121261381e-01,4.840275415241738211e-01
-1.191352881200054004e-01,1.458842714158331555e-01,1.684754821538457792e-01
-8.857239044644149573e-02,1.515781903235053907e-01,-3.364920477955828382e-01
2.365967528277271859e-01,-3.751806149842955573e-01,4.583423211620423210e-01
-4.136123005874769998e-02,-7.002199004253595316e-02,-2.351146314058766285e-01
7.890147242921974335e-02,-7.214574077029112242e-02,-6.962731713698910863e-02
-7.919718627257787968e-02,-2.325205792102112978e-01,-2.372220940543212642e-01
-2.165860073057077617e-01,-3.662976329431650857e-01,4.586697114412923160e-01
2.086701977017147991e-01,-3.903326518220402441e-01,4.106314737541794102e-01
1.703224749861453891e-02,-1.555378418023611875e-01,-1.557516293717536859e-01
6.216116021673612213e-02,2.478532381989984046e-02,1.110175596729654490e-01
2.756953517802218645e-01,-2.169492062274674948e-01,4.644610480199692359e-01
5.641884254240636665e-02,-3.142848967419509254e-02,-1.554504453885768855e-01
-3.666189202336533892e-02,-1.172683563575983579e-01,-1.692332618866720928e-02
-1.325841621361111278e-01,2.703227026919208242e-01,-3.464411951308500326e-01
-1.136146009780275579e-01,2.661231056417878715e-02,4.076340429016012123e-02
-8.568485988489105143e-02,3.145929396346824891e-02,4.948990477944437139e-02
-1.889925455923994191e-01,2.062064900081100882e-01,3.450709236625397747e-01
5.226086246500982746e-02,5.282807450253224069e-02,-5.605212506181511678e-03
-1.463562196679722982e-01,-1.314001374637400188e-01,3.229998430573907120e-01
2.342496105750410118e-01,-2.492422908326663578e-01,4.706448344946277951e-01
-1.837038698226287625e-01,2.787423175566451361e-01,4.363218814226449416e-01
-1.347988229233082480e-01,2.118769053099525124e-01,-3.851707323332536070e-01
2.011627315242728864e-01,-1.571967587903196906e-01,4.008381657051292013e-01
2.214029262862921010e-01,-2.083076458270333164e-01,4.168015073048961794e-01
-7.754649122160572894e-02,-5.139025515933015598e-02,3.375800294142694558e-02
-4.066257650256399625e-02,5.595401799341637172e-02,-9.311942817841201148e-03
1.046610855591990630e-01,-6.970569959345163102e-02,-3.103718317720882691e-02
-8.592199782096165972e-02,-5.917340109101387746e-03,-4.988699947975255844e-01
-1.434166635025007075e-01,2.252962614941608210e-01,3.166539282415832268e-01
-1.724709554640098119e-01,-2.912502689773662778e-01,3.430055341127800084e-01
9.594499773487696892e-03,-1.175937476990546182e-01,-2.377886170837789637e-01
1.229996918780947857e-01,4.831677235386722113e-02,-1.348183940389513502e-02
-1.591704339802216817e-01,2.526767263806695141e-01,-4.742501416212255849e-01
-2.182869278781196520e-03,4.834328701728074495e-02,-3.456077849569405558e-02
1.309099585294604129e-02,8.579103100236173951e-02,-3.323768651119296536e-02
-2.068648868423438314e-01,-3.150268977178188878e-01,4.042123557702783643e-01
-7.227899985971897312e-02,-5.769366886649285320e-02,-4.288883023115209747e-01
-2.597804937005835368e-01,-3.885406127258539399e-01,4.041352932973265588e-01
3.043277186937778378e-01,4.173881179743497150e-01,4.467006087175532381e-01
2.153737249595699677e-01,-1.337649097355437799e-01,3.822634654610181926e-01
9.779288537387920144e-02,3.640173865118212504e-02,-4.505491662106386741e-02
2.038721999150637787e-01,-1.157827172392732473e-01,3.916205046375059728e-01
1.484261401257269686e-01,1.716604259066175642e-01,2.118879359151949471e-01
2.129213867784031100e-01,-3.870136751728915359e-01,4.434034579467606152e-01
5.992381788176093238e-02,-6.290350487771556587e-02,6.095548341334466880e-02
-2.809234620893988899e-01,-3.185093610811285947e-01,4.552748802753094903e-01
-6.765801719509689782e-03,-7.409107264716374708e-02,-1.754312312097918714e-01
-1.380791121773936592e-01,-1.454816336074894467e-01,-3.645268971739082930e-01
-6.570356549073441688e-02,-3.012773646722533005e-02,-3.443475636058097589e-01
2.164950146238131534e-02,-1.193694493831713999e-01,-2.050346280509413033e-01
-1.813363884209183707e-01,3.754688914138751832e-01,4.403598742870444838e-01
1.889128182908851317e-01,-2.331520867683858356e-01,3.397524426098951222e-01
-1.446156809879898253e-01,-7.130134291767398214e-02,-3.609888287729077216e-01
2.119350983058987392e-01,2.922430938484166241e-01,3.334080455338439553e-01
-1.366201141736322899e-01,-2.687652633946679970e-01,-4.732458150441232192e-01
1.841421327107186645e-01,2.067961036462704350e-01,1.677004003374685803e-01
-7.926766864635526044e-02,2.230294697046376617e-01,-3.984037277874572514e-01
2.438630877613263692e-01,2.023072445858322688e-01,3.001808487652940505e-01
-1.664454539556654566e-01,-2.119472322026644262e-01,-4.608268966600389538e-01
-1.621733008659247410e-01,8.061810892059495526e-02,3.568746480701437962e-01
-2.106460370695921736e-01,2.740207696178290631e-01,4.399071071814927292e-01
-2.334782369919531364e-01,4.015507795554300596e-01,4.232355917469119433e-01
-3.537995007808025782e-02,-1.763029317007340779e-01,-2.708469619072321199e-01
2.960453923640860019e-02,-4.533009816834587813e-02,-1.100874632120185659e-01
2.776278520888307844e-01,2.395280530882122338e-01,4.905653202308611904e-01
-8.758818642795074272e-02,-1.073647045252109633e-01,-4.745064444107673918e-01
-4.978844504418422634e-02,-1.314242444584080571e-01,-1.142911239171577886e-01
-2.650653504140184635e-01,3.584357928080310618e-01,4.972841647980728030e-01
-8.642177798047545600e-02,-1.717434950186400577e-01,-4.903685936252323296e-01
-6.296439470019388196e-02,-2.185845231271027478e-01,-2.285143203902847420e-01
3.539621659298886058e-02,1.153092062493938919e-01,4.279787409523450048e-02
-1.615054869728747011e-01,2.997574998799358292e-01,-4.338563894892381034e-01
3.044868108305127663e-01,2.882153301107229781e-01,4.121540877474726416e-01
4.841828278309445732e-02,1.234386353854135532e-01,6.570757418459971522e-02
1.761553457692801583e-01,1.336288609716155262e-01,2.155315857960450332e-01
-2.332543377443101473e-01,2.976680990448959951e-01,3.597406422325265529e-01
-1.086827605202186353e-01,1.607687024330359815e-01,-3.915410937571214278e-01
-1.911921390317572467e-02,-1.412444125832196251e-01,-2.785755683399400162e-01
-2.352897053750419021e-01,3.399941632199889874e-01,4.471275170698374435e-01
2.601894231416510550e-01,2.497613612576436992e-01,4.396196257169335819e-01
-2.236609089027402630e-01,-2.960148027142192051e-01,4.514489435546202856e-01
1.399375507660262086e-01,2.346499917510438404e-01,2.132983696515664551e-01
-1.751910887873354694e-01,2.714947519259350850e-01,-4.161976006272153361e-01
-8.083940054392280139e-02,-6.120949513179319013e-02,2.160204051630576494e-02
-1.417606368179753495e-01,-1.531702997977776315e-01,-4.818170841407226623e-01
5.998972964001092478e-02,-1.449597992994977602e-02,-6.476443532754028176e-02
-2.415925154855544932e-01,2.121173234437464528e-01,2.570443511033194683e-01
-1.178552725205126439e-01,-4.345771217944505160e-02,-3.923840417985499096e-01
-1.011531164221205481e-01,1.637154725868616989e-01,1.762189893359242809e-01
-7.640859604994776344e-02,2.374486319791816458e-01,-4.718673562014761291e-01
-1.693551069705748757e-01,1.603722680257958499e-01,1.598584491897349080e-01
8.989221443336736783e-02,-8.347660058917216741e-02,7.454997674517516160e-04
1.269030964947580609e-01,2.034486476323574822e-01,2.383218368313155811e-01
-2.132196888101184351e-01,2.671903221359523961e-01,4.416312367689633200e-01
3.035904555683140993e-01,-2.781745323542227366e-01,4.187123237959450295e-01
2.386476245048019251e-01,-2.056721303778413779e-01,3.586727946451011562e-01
-4.126668246984921407e-02,-1.639239932542899680e-01,-2.869547192832292426e-01
2.418896874711620182e-01,2.296864834178007353e-01,4.070246767156755485e-01
-7.098316222221967564e-02,-1.877822570896570120e-02,4.994094609633936699e-02
-1.801402061515795516e-01,2.260685715018424524e-01,-4.953816426076466106e-01
5.332288861495215748e-02,5.189991747647748621e-02,9.215272316681610842e-02
-1.778357538106228874e-01,2.597827109296351189e-01,3.429419754460052427e-01
1.606648613304219042e-01,-3.379790259712655009e-01,3.722279012122872155e-01
-1.562462270048855517e-01,-1.559102595709653816e-01,-3.942688042711088858e-01
-1.536834612499184960e-01,1.704367327202330751e-01,-4.370375173915959088e-01
1.962791876166922744e-01,-1.681975297224802546e-01,3.951443995215988547e-01
1.528450090390438554e-01,2.779796468084330119e-01,2.440827448362089536e-01
2.117321730301574556e-01,3.896052544757631075e-01,4.323900596248169137e-01
-1.515384067132811152e-01,-1.417203636536216171e-01,-4.736007735454133005e-01
1.943914001497968336e-01,-3.721110852784259571e-01,4.288019281747449396e-01
3.122070006357724470e-02,3.358579121503146858e-02,7.305159560070018099e-02
5.312526932053840412e-02,-5.697824445839871910e-02,-1.586713718964478659e-01
-1.859650749007835113e-02,-5.312552993265651224e-02,-9.296404155292870009e-03
-1.056706493737852304e-01,-1.642425949071885105e-01,-2.935045769715984854e-01
-6.573247056264164279e-02,-1.017708547670767016e-01,-2.504226609827618910e-01
2.037959055565641275e-02,-1.222812860567232818e-01,-2.198740415773603463e-02
-1.663370340073218046e-01,-1.425024864288797488e-01,-4.857823537417139681e-01
2.393785859758663648e-01,-3.122356176093079583e-01,3.591391253755916724e-01
1.918455782438223123e-01,-2.501029507071123037e-01,4.206110496007310351e-01
1.096466202736677831e-01,1.718926260724340516e-03,6.888439337948770724e-02
-4.376639711964114277e-02,3.952496573912245292e-02,7.197934869822841808e-02
2.579730184640776081e-01,-2.591575185194644471e-01,4.510180436503899992e-01
-2.248797147135150887e-01,3.172262597867011591e-01,3.668665254050574864e-01
-2.033645752746705559e-01,-2.295733426529102950e-01,3.826112055002851564e-01
2.538624535862302745e-01,3.374742612126693242e-01,4.628525694339509222e-01
2.488094757335562734e-01,-3.447537622022371906e-01,4.082647428930764599e-01
-1.453452306581211051e-01,2.765606210345106231e-01,-4.034849438588521409e-01
1.137371836936201808e-01,-4.806469550628511556e-02,-2.034547088561367012e-02
-1.237293754889332575e-01,2.823607340104812291e-01,-3.316855420565129053e-01
-6.439393907221824254e-02,-2.421111416125965032e-02,-1.251008178311452390e-02
6.333190209250538771e-02,-1.334262420857745823e-02,3.735303914402254843e-02
-3.395975927075360890e-01,3.564947364157541321e-01,4.949946866851379079e-01
-2.148556033229626072e-01,-2.188786918415660532e-01,3.629985947071935337e-01
-3.348966609319570242e-02,5.679966540526892871e-02,-5.219896701307324971e-02
2.812595986293567885e-01,-3.459101129432643473e-01,4.607672823724473510e-01
-1.514379951105416788e-01,2.891495390756948503e-01,3.627609681653837237e-01
-1.710422319462164831e-01,-2.355148341058096451e-01,3.161142574741232503e-01
-2.260822227124523742e-01,3.958752450328225647e-01,4.768539259482211801e-01
-1.979736776571772161e-01,2.779587533022193080e-01,2.781608146490883726e-01
2.016755677788107937e-01,-3.005115882318057929e-01,3.332207028682142580e-01
-1.472119525776656168e-01,-2.269231708162322558e-01,-4.391836630487178095e-01
-2.653681998608448112e-02,-1.543109934757547208e-01,-1.152286809465725703e-01
-2.135476075033132526e-01,3.069377250919932409e-01,3.089173691941927702e-01
-1.573096265083189227e-01,-2.993685905761019894e-01,-4.868834112230736588e-01
-1.137377394955063625e-01,1.086595529568420426e-01,-4.199039643192039595e-01
3.794950320582524128e-03,4.851666297256640448e-03,-2.098626817603155281e-02
-1.276601222794421231e-01,-3.247797266538876571e-02,-4.450347190579289069e-01
-6.494192307635404671e-02,-1.338267212618426960e-03,-9.852770999131033047e-02
1.033806782709034700e-01,1.808804773185932468e-01,2.391396262956370089e-01
-8.926468707727108765e-02,2.044554757913580323e-01,-3.685299975734779299e-01
2.465944724318533954e-01,-2.969064140165659227e-01,3.797175128826159041e-01
-3.041568372990219871e-01,3.302851051489984480e-01,4.688469124968760449e-01
3.209331171087079770e-01,-2.919837887366523166e-01,4.644042256464200324e-01
-1.143502393375250836e-01,1.112771532394518648e-02,-4.896284801727099900e-01
-1.591936612295603570e-01,2.064075391918139823e-01,-4.775544324579239497e-01
-1.143654605032725646e-01,-7.736030051542996944e-02,-4.480636836774583021e-01
-2.644821188663610823e-01,3.276605235971786767e-01,3.824451276999895066e-01
-1.246066726670497227e-01,1.302976226228615975e-01,1.322473652152152956e-01
-1.012714347481797894e-01,-1.748103845518619304e-01,-4.303851794190265423e-01
-2.125784233542241664e-01,1.777989059073143974e-01,2.869109494609725086e-01
2.786532177053154813e-01,3.198469318950779572e-01,4.646487872293331156e-01
-7.858920602194297000e-02,-7.459843701144508454e-02,-2.306950181915523590e-02
-2.329727146007355421e-01,-1.585131923113026753e-01,3.953293504005360726e-01
2.619166106615091749e-01,2.640991788113076222e-01,3.582913732672216023e-01
-4.442571493036062691e-02,1.527999793102899906e-01,-3.860453904211037512e-01
1.724066249397693262e-03,2.475548324871001959e-02,2.399200433289561118e-05
-1.373937696764919725e-01,1.279815943648398013e-01,2.809637096610485552e-01
-2.023361834583063956e-01,3.197165144797634584e-01,3.359800387715571324e-01
-1.556563301118283338e-01,-2.060955524370077230e-01,-4.366908378969258653e-01
-1.880026215744821094e-01,2.157256554343277566e-01,2.078845876187170871e-01
-2.728768985462762808e-01,3.048932911580547467e-01,3.437883745815034642e-01
-1.125638101031612992e-01,2.449792059722851745e-01,-4.661985975530230641e-01
-9.436713832273746494e-02,3.560571288623515240e-02,1.249691069901355256e-01
8.895444914353012322e-02,1.158622698848009724e-01,1.813619683452747378e-01
1.765988005418650530e-01,2.917949447020508069e-01,3.576688409698477455e-01
-1.252963714114715410e-01,2.347221494688934706e-01,-4.568406276744045869e-01
-4.301392533792391948e-02,1.167644482406293704e-01,2.860916487031939237e-02
2.137984019799976654e-01,2.075176640947519191e-01,3.636169055549409723e-01
2.183419234251340324e-01,3.894353161721739731e-01,4.502535833675957999e-01
-2.573206364242680566e-01,-3.919095283872150448e-01,4.640113426601675251e-01
-1.067025862354106236e-01,-4.769537659577660627e-03,-4.003041234238415846e-01
1.942421687337774205e-01,3.567794516905772317e-01,4.118979984561633723e-01
-1.322478365889421248e-01,7.722425938238219878e-02,2.260604090091172802e-01
1.751160045983840563e-01,3.363178046883900096e-01,3.909168976033403631e-01
-5.847759837964894292e-02,2.687267719301789093e-02,-3.724297628926185322e-01
6.651448665413406403e-02,-2.579058495239916482e-02,9.876180830592162785e-02
-2.168227386312622240e-01,-1.791439654061363074e-01,3.594793145226220510e-01
1.095798589578771409e-01,1.688882447093577044e-01,1.975214299511310889e-01
-2.992377938434986895e-02,-5.452960603061030032e-02,7.420176373251541335e-02
1.101113148808052777e-02,-9.502587939565099173e-02,-1.548112334342806040e-01
1.082190133707132684e-01,1.448008826400013493e-01,8.513360892863197638e-02
-8.979836969167376282e-03,8.694537817206204888e-02,8.185382278568908987e-03
-1.002793151630688717e-01,6.336339363373899580e-02,2.055837369741349008e-01
-2.948085836745508725e-01,-3.341850605883871506e-01,4.329571704965349266e-01
3.065336625870739296e-01,-3.418124775561491857e-01,4.231899976126278773e-01
-2.288255344033063299e-02,-2.099502642632444793e-02,-1.790066527569292854e-01
-1.294100810619103203e-01,2.956624919538461960e-01,-3.696661770568612226e-01
1.376077691724122420e-01,3.228998481500686690e-01,3.170161974950646000e-01
-6.205739534532161983e-02,7.422594839971818903e-02,-3.464735903052369448e-01
-1.471016758934818869e-01,1.931619731498350756e-01,2.245032211493419583e-01
-2.957620484430519836e-01,2.945438730246278114e-01,4.367777306924761627e-01
-9.188665616626523480e-02,-1.644318081313435043e-01,-3.853341419551367109e-01
-1.523162206677085573e-01,3.396005536653071699e-01,-4.939787714489797255e-01
-8.730805929442198021e-02,1.684361966213024919e-01,-3.644031717824570693e-01
-2.721132055289166018e-02,-4.290223984352559139e-02,-8.902245350414361713e-02
2.618706524729859098e-01,-2.829015030655508411e-01,4.251265292082367919e-01
1.848828669498014943e-01,-1.391510865007523634e-01,4.204974444794478128e-01
-2.209150962796904150e-01,2.164876191058057175e-01,4.793173716715585231e-01
3.056057228190158792e-01,3.498893950970031197e-01,4.793568920244162257e-01
6.129709138028816007e-02,-2.249085053476362894e-02,4.425639291896810157e-02
-1.426314011442312291e-01,2.289715342543591214e-01,-4.892458320477273137e-01
1.862483889002759518e-01,-3.155342713336150018e-01,3.366335410499489145e-01
2.239755246554961943e-01,-1.639218174492149682e-01,4.280281151548449570e-01
1.746829913667802270e-02,-3.432128396577505125e-02,-1.362731148555170746e-01
-6.443703553465773837e-02,-1.134727962681840729e-01,-1.031960659591939500e-01
2.314874629793109984e-01,-3.845508240082141649e-01,4.264132027386323687e-01
-2.166437302194675896e-01,3.632089906267846890e-01,4.564339771512712085e-01
-4.310040312855711875e-02,2.170990274540330889e-01,-3.626490814672439500e-01
2.754404367980549662e-01,2.728212916646544084e-01,4.628137374629981426e-01
-1.300937743316870066e-01,-2.410634047486825970e-01,-3.853049752389079430e-01
-9.757515081002177126e-02,7.856924862734693260e-02,1.497457946142886076e-01
7.214134811664596469e-02,-5.846765310077217670e-02,1.556983260111777234e-03
-7.956751123521033087e-02,1.435774974348177357e-01,9.373327807949161095e-02
-3.942537428542391975e-02,-4.250069158738012387e-02,-3.387289743374369833e-01
1.277444934499012419e-01,2.371328766599221094e-01,2.636332412195945274e-01
-6.800894873387697270e-02,3.086256693079980629e-02,2.703830820043962024e-02
2.562771810632461511e-01,-3.658095139945263252e-01,3.572566357949100713e-01
1.942291678465100091e-01,1.239743641810181485e-01,1.816950375935844075e-01
-1.002114078728821855e-01,-1.887782601951950578e-01,-4.993351089685290622e-01
-1.260705431913232699e-01,1.147140138566105083e-01,-4.254674361917163417e-01
-1.365636737141054935e-01,-2.624038923722554761e-01,-4.235840202973425450e-01
1.001650571640125831e-01,1.104638950680837395e-01,2.346042792861746662e-01
-2.028229615405540143e-01,1.537820205102731208e-01,-4.911377774698504339e-01
-1.985798292342308979e-01,-1.794885594258623929e-01,3.614989065580253014e-01
-7.028124677200087156e-02,-7.666123894193144217e-02,-3.866437337525951978e-01
-2.763277143581808204e-01,3.561121832216093130e-01,3.827479081257932902e-01
-1.433268939408178788e-01,8.670204495639299846e-02,3.197531486880489382e-02
4.921505764917277759e-02,2.622101289224776366e-02,-1.392260536732548015e-02
-2.659694987336888028e-01,-2.460933077497658994e-01,4.676834396118281223e-01
1.602956607696391922e-01,1.102680173076883152e-01,3.283056459611679578e-01
-1.910822509699425797e-01,2.789214061502263142e-01,2.884107766709779197e-01
2.994896307623861054e-01,-3.580490487898712049e-01,4.723575076995097932e-01
2.750836788476906936e-01,2.473616299905965210e-01,4.153015448665676734e-01
-1.075748613354265970e-01,6.435334232284084521e-02,-4.238287018332735911e-01
-1.061068122149507742e-01,-1.843261167397127753e-01,-4.408033862621357768e-01
-1.318649295728385740e-01,8.383242616981012585e-02,2.317460588439727021e-01
-1.133725293805059042e-01,6.208369736708618802e-02,-4.381568156392878777e-01
8.219386109260262696e-02,-4.303695775323079786e-02,-7.112878100370423340e-04
2.751381815610519643e-01,3.107230271708951719e-01,4.380485134037964690e-01
-5.150183802647445575e-02,-3.797622325147609335e-02,-3.239478158243845884e-01
3.973615744848624232e-02,-1.078987812965203075e-01,-3.006023999765206067e-02
-1.663981135683908485e-01,-1.650465178660700527e-01,3.279651438138698749e-01
-2.437037636486166781e-01,-2.356474415647035192e-01,4.904454394617079327e-01
-2.322544342339241119e-01,-1.813255735274535985e-01,4.639094234431349051e-01
-1.130186316346097897e-01,2.324856548379146126e-01,2.757841932417324227e-01
2.154708503972578848e-01,-3.471664730705904534e-01,3.312424274408621860e-01
1.629022251865773763e-01,1.762858074189580515e-01,1.493699305281909195e-01
-2.213137836187550889e-02,1.088371704105848270e-01,5.177486126014541057e-02
2.036587968620160449e-01,-1.723962877392037907e-01,4.590532121602548532e-01
4.486614987574455427e-02,-1.088713653334023590e-01,-5.147405158347040377e-02
4.669921612873773054e-02,-1.829454786083409834e-01,-1.494942079172065785e-01
-1.073127501307190590e-01,1.046261183655812221e-01,1.919976664330458327e-02
9.390003399481638979e-02,-2.545565823532813798e-02,-3.760457223163005125e-02
2.499541758716418149e-01,-3.201633098836234037e-01,3.812663599183219176e-01
2.096704141751498662e-01,-1.773369211519724153e-01,3.171305855457059453e-01
-1.583263694071986860e-01,7.738742722410840713e-02,8.831970371434161304e-02
-5.264458266539862041e-02,4.341959387951999094e-02,-3.432862185698386526e-01
-1.796613664685994260e-01,-9.123992132378055953e-02,3.669313053048858242e-01
-5.495126655780979696e-02,1.943458694681521326e-01,1.413347860192507577e-01
-1.003826935718412638e-01,-1.047945482922386651e-01,-4.639622860579183383e-01
-1.928609212974027320e-01,-2.685409992993436079e-01,3.941054949569449128e-01
-1.484149304923798596e-03,-1.118178700373015921e-01,-2.932942303348945456e-01
6.930592372690824732e-02,-3.702695606392480965e-02,-9.313800715317221979e-02
-1.785707184275338033e-01,2.838104604806761522e-01,3.415319003331607206e-01
1.862879329350669577e-01,1.407347698150324122e-01,2.531613047432754726e-01
-1.640743201940435547e-01,-3.629942945324190484e-01,3.819324534454078268e-01
-1.466839918033902013e-01,2.339552800516351283e-01,-4.698549670752495411e-01
-2.358069649881886498e-01,2.419660305057044214e-01,3.767246553370117157e-01
7.032704758613095297e-02,3.090787437242537017e-02,-3.451296216927512983e-02
-2.838566645019413581e-02,-2.547398418005097920e-02,2.797867687353883248e-02
-1.356892118963026750e-01,9.030654434341534031e-02,8.292331449795664611e-02
1.248611477380829893e-01,1.775259930974570910e-01,1.433054690652624252e-01
-6.961734569194955036e-02,-4.916508215833370610e-02,-3.012165005439892962e-02
-2.152954403291729157e-01,-2.079393335729687875e-01,4.157544971604766326e-01
-1.127679887492886168e-01,-2.917914244195352058e-02,-4.481550333046099288e-01
2.113614715266250998e-01,-3.099311540101714613e-01,3.762930497695734511e-01
-2.254370341217435403e-01,-3.575801929272059976e-01,4.817023563298311606e-01
2.488449406164237043e-01,3.180745350487556022e-01,3.469278103886777043e-01
1.398380982365394765e-01,5.526215975007764403e-02,3.188838256983406172e-02
-1.353511332958645674e-01,1.288563065601836533e-01,1.094438845016681983e-01
-1.140985819576495475e-01,5.091300538706877710e-02,7.485320744718326758e-02
1.918478501982848750e-01,-2.441307414338774739e-01,3.336507371328235605e-01
-1.656790092614551790e-01,1.819448344784669880e-01,3.327293670151901805e-01
-2.256195690640960816e-01,2.738110771405373178e-01,4.236239989974053266e-01
1.904095171447534041e-01,-2.364372731903657820e-01,4.119003634022780913e-01
2.142420025945313000e-02,-6.610463372912989133e-02,-2.411890801172118515e-01
2.447439145231526947e-01,2.437882808779164856e-01,4.013023721072593863e-01
-1.168873298784989245e-01,-1.609361323133347010e-01,-4.335281276932229089e-01
-8.264366856614580037e-02,-3.475421140510459583e-02,-4.615667724252117132e-01
2.468287823191586128e-01,4.164173996560633917e-01,4.577358667844061424e-01
-3.375671235415853566e-01,-3.704712723651775175e-01,4.930376835207127550e-01
-9.207090592161992770e-02,5.510188368114776747e-02,-6.479008124888541165e-02
-7.310456304099521851e-02,-5.884335595819289999e-02,-1.260601910763294864e-01
-1.711496896694940650e-01,1.146870665655985722e-01,3.510452322755389654e-01
-8.984347224070943216e-02,-4.404439999486686741e-02,-1.009475031961859504e-02
1.079357182737352705e-01,6.171476348778048848e-02,5.656590734248168051e-02
-1.311317746810649609e-01,2.963769675349700039e-01,-3.307599352210112142e-01
1.806596249784893082e-01,1.858125906037316755e-01,3.709788013326553724e-01
-2.927219950904997869e-01,3.628079125687289075e-01,4.305364874599186820e-01
-1.273415627871286038e-01,-1.709815802355266756e-01,-4.473720913092164020e-01
-8.157656208297348055e-02,1.518367080560271143e-01,-3.976068925639490992e-01
1.834785198441102327e-01,2.014934482243633251e-01,1.441839093296322094e-01
-5.344742917648970248e-02,-1.858956432230338685e-01,-4.178474263061792149e-01
1.050785435982528604e-01,2.196966362529771954e-01,1.937510132906041793e-01
-1.117731115073874459e-01,-1.206132955941083829e-01,-3.194343346220452906e-01
2.361390817829317479e-01,2.320164205894732490e-01,3.141393471283423500e-01
4.042580768801951052e-02,1.357849247450644281e-01,3.100268623361968068e-02
-4.283428663522126367e-02,5.175504991589674475e-02,-3.474590431017386960e-01
-7.684834234934490027e-03,-1.085831467506268577e-01,-1.772243668794146743e-01
-1.092871452433148427e-01,-1.387552554273807637e-03,-1.728874183502815409e-02
-2.215485922993403189e-01,2.877673416870536460e-01,3.746903080270228559e-01
-7.027784078465548756e-02,-4.662729896681561126e-02,-6.666610933091987601e-02
-1.949719279043979903e-01,2.328333156612062416e-01,2.998452992178716192e-01
-1.971351231272389093e-01,-3.257753537871357352e-01,-4.673948490424530977e-01
-2.110001547726265692e-01,-3.862145898141801093e-01,-4.963229228836885110e-01
1.612361356972590309e-01,1.221753163238351592e-01,2.418197887230921772e-01
-6.203280576528702461e-02,-2.401900967299175349e-02,1.119995964589285409e-01
2.503770539443416210e-01,2.923123836329000191e-01,4.031830630061993270e-01
-4.218685789350840043e-02,-1.352358385528782403e-01,-2.664477540214414963e-01
-1.674335101885237043e-01,2.239210902569700457e-01,3.443053731291216835e-01
-2.114333710494640250e-01,2.864897275575563063e-01,4.846355972636017251e-01
1.918490790017226555e-01,2.129897055520993954e-01,4.567519107529338651e-01
-1.371945110818666436e-01,-3.194113264203897185e-01,-4.670170492444638555e-01
-2.104759063302740207e-01,1.473925382453724620e-01,2.081311797788018003e-01
-8.429242944407888682e-02,2.707000839115554225e-01,-3.787551123021202226e-01
3.824942612119397456e-02,-3.835549674205618320e-02,-1.453076532725605663e-02
-1.274556603373060426e-01,2.045959116413247347e-01,1.500702820304483653e-01
-1.619060218176120447e-01,-5.771413855688600769e-02,-4.595535955139675721e-01
-3.019862036723564014e-02,-1.176695016523975346e-01,-3.071133676291973869e-01
3.066073025145915620e-01,-3.386406467734696113e-01,4.485246599359707931e-01
1.745456760857966305e-02,-1.228362340763939908e-01,-1.469967476444464793e-01
1.678274177109796428e-01,2.769941765657473187e-01,3.055731107780395028e-01
-2.063584982664343759e-01,2.048212184149500459e-01,4.100080015660574340e-01
1.878562609391524196e-01,-1.226097439423133872e-01,4.060578260233156378e-01
1.070473647292558006e-01,2.528747089902656509e-01,2.649400498630182232e-01
2.026064518529880898e-01,-3.100732911285756233e-01,4.131976698740348342e-01
4.493231228294736201e-02,-1.905597542758508123e-02,9.007706401498793980e-02
7.887429567383308360e-02,6.527367814547679892e-02,7.675738421033884151e-02
3.844396162631724678e-02,6.528891221165766812e-02,3.932569386877660111e-02
-1.000644481274142183e-01,2.391469378733714901e-01,-3.566519872786031442e-01
-1.309190592662846653e-01,1.805283569935928201e-01,-4.601591353049020450e-01
1.288121038159570908e-01,1.518490989247283096e-01,1.061332328988757734e-01
-1.102703537786020593e-01,-1.310120241693708554e-01,-3.922218243891402167e-01
-2.464969785413839709e-02,-1.116269743903618439e-01,-1.534370678211524064e-01
2.672651640287779795e-01,-2.502525357737921397e-01,3.847112147431626106e-01
2.095541273750438638e-01,-1.934006861567650892e-01,4.549583143351332293e-01
-9.109563443640611435e-02,-1.429332773107897525e-01,-4.943066740718319307e-01
-2.113219089359824610e-01,-2.881576375247582034e-01,3.947309876460337597e-01
-1.564795724697312096e-01,2.344042709069228403e-01,2.496567913307080611e-01
-1.709235560402739829e-01,1.838706211397234114e-01,1.228880965392057378e-01
-4.562941605661285926e-02,-6.622530038036200661e-02,-1.490554270331201359e-02
-8.569018828463326187e-02,-7.414999612427486397e-02,-5.118088563830336390e-02
1.919909350152074756e-01,2.549932714354234964e-01,4.309294521428057578e-01
1.233473781924967483e-01,-5.423406350657100639e-02,6.233141424575494582e-02
1.814991520887894172e-01,-1.601685061934213783e-01,3.715746208965582387e-01
2.558506246802660922e-01,3.880930243099358634e-01,4.146725918249015708e-01
2.600333076049865522e-01,3.241075676837994468e-01,3.855514821167775885e-01
-9.040072401168675054e-02,1.044059635907867989e-01,2.144042624242640249e-01
-4.819357579651439849e-02,9.647216077390063926e-02,1.095030652028600171e-01
-2.234541836403474147e-01,-3.253212255359904104e-01,4.388304475708033614e-01
8.430754960328878944e-02,1.457995443141260061e-01,1.061174153239289319e-01
6.254893910421022163e-02,5.626221794385133368e-02,4.395018012751683578e-02
-4.997137108528493243e-02,3.343800032028165781e-03,3.345099056182976316e-02
-1.061390888299733604e-01,1.577699943226178458e-01,-3.230132882799878757e-01
5.786804060683770068e-03,-8.089589322061196963e-02,-9.485297280251381302e-03
9.632326969334437106e-02,-8.159741465449621423e-02,1.605474275183060850e-02
-2.661544717025932094e-02,8.512046919201543549e-02,4.552779487916225332e-02
7.099579911299691570e-02,-1.860309483430313549e-01,-1.307480582773645761e-01
1.902786150045898683e-01,1.622470057059585136e-01,3.026909107665223253e-01
-2.618665735136278538e-01,-3.052525183579212209e-01,3.942306486304038016e-01
1.861978007960668480e-01,3.711166314875316008e-01,3.797845407088243919e-01
-7.142865294311562252e-02,1.401280975854373168e-01,-3.744784282673184750e-01
2.180401191654252058e-01,1.938511906174235078e-01,4.267548915024290679e-01
-1.133136393991108770e-01,7.977126913588561408e-02,7.101092188633317814e-02
2.120599922682888661e-01,2.894803222700380596e-01,4.527400452374612527e-01
2.886227949766815293e-01,2.589509347279332907e-01,4.372321677950530283e-01
-2.036038438730075617e-01,2.528769133912442957e-01,2.660590825189137476e-01
2.266891648897803035e-01,2.685564950261759565e-01,4.682728799199827874e-01
-1.524485933172567975e-01,-3.149207791350699948e-01,-4.920268998627858048e-01
2.557498881458385442e-01,3.302132500407818361e-01,4.380699160279428739e-01
2.845877858760798018e-01,-2.818868364617600486e-01,3.612834759334884183e-01
-5.567567574520149165e-02,-9.112926657216646742e-02,-1.705806202056758814e-02
-9.001105179271673418e-02,1.193201309059757076e-01,-4.251503292553289182e-01
2.479144387341782885e-01,3.010900305336811078e-01,3.993629009419544795e-01
1.696573051841816504e-01,1.632698394177343193e-01,3.470588823230751352e-01
-2.089211514056045216e-01,-3.118242222820175602e-01,4.374257659257706488e-01
2.054507751851732955e-01,1.460556017538868767e-01,4.283204589658792250e-01
2.239121132420838212e-01,-2.824073891335709963e-01,4.365611181829579523e-01
1.845582115365862474e-01,2.806221434900119105e-01,4.305750501663676566e-01
-8.235225363132880894e-02,-1.691008429825889836e-01,-3.551800188358921195e-01
-1.055015686095469585e-01,-1.500035983531882167e-01,-3.386730813273692853e-01
2.442065994420007380e-01,3.273453633945201391e-01,4.357156887316088190e-01
2.300490808487655192e-01,-2.045519706852076958e-01,4.946474458506588956e-01
4.042219748556796777e-02,-1.947386163038444806e-02,-6.444103516752242022e-02
2.161412628450195550e-01,-3.434926988353370625e-01,4.533468435848171385e-01
2.501309463502848773e-01,2.477180323413743501e-01,3.269541083128653103e-01
2.055170347696770872e-01,-3.981986398260565219e-01,4.469839021718261529e-01
-8.319628782058108296e-02,-1.478368808170610338e-01,-3.174668189994679368e-01
1.582497770082375022e-01,1.985757222996294979e-01,1.314937109046406816e-01
-4.821761104199917547e-02,-5.145948187551330211e-02,-4.622251236605223745e-02
2.479157846880344351e-01,-2.412355775651598977e-01,3.789791868135226061e-01
-9.527841934089720244e-02,-2.477590231026089995e-01,-2.326536227650070066e-01
2.686276539165273203e-01,2.621463770159743190e-01,4.113508515603561122e-01
-8.680210154000345124e-02,1.745844002457442867e-01,-4.735721732591666733e-01
8.953964554598270453e-02,-6.463181790465344356e-03,2.878036685200557887e-02
-6.833635544118044081e-02,-1.104724339658005317e-01,-3.790283318619103170e-01
-1.290571066956534008e-01,-2.174246333600005077e-02,8.735690021340458689e-02
-1.061169805630988172e-01,1.178780948081272761e-01,1.298244171691042004e-01
-8.781726732274830471e-02,1.920065806002589914e-01,-4.932175320031205734e-01
-8.169463165758172885e-03,-1.201067680036910224e-01,-3.087207877913503706e-01
-4.241290893291016495e-02,-3.417843984484536524e-02,-1.800711022757350843e-01
-1.161394980346996952e-01,2.118826440848564641e-01,-3.280131738647440454e-01
-5.269620180647183183e-02,1.067031862739195036e-01,9.266301526952125389e-02
-2.106443036712895012e-01,-2.467181867146247543e-01,4.185237249662561165e-01
7.200585671574610824e-02,6.770758549097954937e-02,1.395367170495460662e-01
-1.544944176259882562e-01,2.336153762683821355e-01,2.874604321276932328e-01
2.914303833551448175e-01,-2.988177528596128729e-01,4.661596874122885259e-01
-2.726852828903940651e-01,2.877972609324004338e-01,4.242976615254446804e-01
2.219622007910428962e-01,-3.981715816636732796e-01,3.470754541047422759e-01
-2.602522741532942163e-03,-1.552396982596526698e-02,-6.315035624454623520e-02
-1.234684042475673316e-01,9.849315289147053676e-02,-3.469025742803554246e-01
-3.052201501431037745e-01,-3.433959949825177160e-01,4.881944381116062326e-01
7.951245687267449735e-02,1.145261580366844223e-01,2.827271394426411621e-02
-2.424572906101493119e-01,2.950510835906928753e-01,2.799496860426078371e-01
1.537166734785840871e-01,8.886376874639179135e-02,3.565690514835043734e-01
-1.506897834549147941e-01,6.849980649067799465e-02,3.238555298978584851e-01
6.186533029028662423e-02,2.264991929355386624e-02,1.263630909877453412e-01
-1.577156519005278312e-01,1.393081937646923896e-01,8.478524001544196498e-02
-9.683918108610056752e-02,-2.071770873852697425e-01,-2.744150002779017772e-01
-1.130069780729536788e-01,1.063754360658195619e-01,-3.311050887170053914e-01
1.007085932244791149e-01,-4.934295831480361993e-02,-2.910958551952069762e-02
-6.449856099948692023e-02,1.177344471115817637e-01,-3.594375913574602288e-01
-8.279943655005106429e-02,-1.549111478780456075e-01,-2.959713829533802132e-01
-2.157202434261629165e-02,-5.375751715120447027e-02,-3.664434251703341250e-02
2.288211413585385934e-01,-3.472507048729552848e-01,3.637425730408484492e-01
2.174358379759078197e-02,9.301884543669747263e-02,2.947467416590354716e-03
1.917443980519079050e-01,1.324259085684182935e-01,4.589794299529161847e-01
1.739845596754898693e-01,-2.417894761901205891e-01,4.103518672761488073e-01
-2.456482679624709675e-01,2.775812897820781888e-01,4.580848670019056490e-01
-1.702230794084005350e-01,-2.817210221994850272e-01,3.704125826983553083e-01
-5.593813897543409297e-02,-1.371154995277107380e-01,-2.001612694585994667e-01
-1.967270510780457782e-01,1.528247643380036269e-01,-4.965993944422514295e-01
-1.566465526377595063e-01,2.400006504801414087e-01,2.493872276822093337e-01
2.566640599029919034e-01,-3.115904052635972699e-01,4.064001180270772062e-01
-1.686544316947966582e-01,-2.374572244795098985e-01,3.867433152356596349e-01
-1.344791467412258523e-01,-3.544310849288001553e-02,2.340854873648545720e-02
1.724933116112846720e-01,-1.759901703359734171e-01,3.563378160773312819e-01
-4.469604300761564897e-02,-2.719699234150751987e-02,1.699585854091800741e-02
2.259621845043856547e-01,3.296435712583047906e-01,4.515635710323248064e-01
-2.469592204019774861e-01,3.552443626238804830e-01,4.616785747350261593e-01
-2.438147159828859545e-01,-1.902955050243920754e-01,3.948372338943979543e-01
-5.399127438008621827e-02,-5.618914793166529531e-02,-3.734111813063170082e-01
-2.603265415069604405e-01,-2.145540585981501325e-01,4.715278552562137682e-01
2.311209948883325982e-01,2.107695717001216718e-01,2.345084813916425981e-01
1.610173366072400469e-01,9.784598331794625015e-02,2.862319899059129202e-01
-2.495145110262475541e-02,8.232404233296886087e-02,5.912415046341812364e-02
-6.163282519980384233e-02,-1.891006680536170270e-01,-3.597312512330299583e-01
-6.795484778789440128e-02,4.529467029135825218e-02,1.019769299254669193e-02
-6.159551978800670291e-02,-5.753191922104661238e-02,-1.506288529885927430e-01
-2.612732230100490716e-01,-2.267489578895169888e-01,4.647757892799686541e-01
1.299022485602796539e-01,9.171489343379723991e-02,2.019104346522474502e-01
-1.130234343433972333e-01,-2.708823704722385095e-01,-4.695781463982671156e-01
-2.514281137066518568e-01,-2.348174161325644604e-01,4.225784743957864409e-01
-2.252861192811247415e-01,-2.861355662650382214e-01,3.841650445583505435e-01
1.453716429986184888e-01,1.801883721838086760e-01,3.031369480064743938e-01
2.127756627327235250e-01,-2.426665115937446382e-01,3.472480130752829686e-01
2.330076883923620779e-01,3.428403497916341358e-01,4.156456215980596225e-01
-1.378574131045844364e-01,-2.949609560886041759e-01,-4.039379060320252846e-01
5.342035729281935375e-02,1.193354652779466951e-01,5.165348424809634853e-02
-1.080657546105129319e-01,3.897350977013191997e-02,3.546751620284116502e-02
-2.436414901670571620e-01,-2.781088723550677599e-01,3.218639717313813708e-01
-9.849613546317093071e-02,8.845776471299238164e-02,-4.556951996327053278e-01
-2.106774525110869378e-01,1.848533830619787377e-01,2.742764584413741602e-01
2.353732501537220134e-01,2.612989703390610208e-01,3.115890574977211447e-01
-3.073111276718419882e-01,-3.401554088083443839e-01,4.484470297174559805e-01
-2.213734490470621319e-01,2.916146909712041824e-01,3.129494425700315441e-01
-8.452474269818099906e-02,-5.312604272100274194e-02,-4.923791530823828921e-01
8.304953797518099812e-02,4.014496414827251058e-02,-8.844724225606215295e-02
2.942608128793582356e-01,-3.382949451435318666e-01,4.398556344555983877e-01
-1.777921197128978781e-01,-1.147271370602342966e-01,3.956288180120774989e-01
-2.102686972306805346e-01,-1.753806877233070605e-01,3.210216894818895828e-01
-1.048707429442128358e-01,6.227360594376862846e-02,2.140051807661924599e-02
3.231693103079140705e-01,-3.362597612495864530e-01,4.713077451156123532e-01
1.541749853647979007e-01,2.165563523783408106e-01,2.864272009358534987e-01
1.918645821920310635e-01,3.138397887030117683e-01,3.334353007940826785e-01
-6.038619010214862914e-02,5.946750125560296141e-02,-3.201159809713787219e-01
-1.872447478691795508e-01,1.689234792177075617e-01,3.051204640816207458e-01
1.573289152922766609e-01,-1.407943020099026166e-01,3.681057950361816822e-01
2.396819495176222281e-01,2.441902341033308499e-01,4.768440974181652470e-01
-1.660829446519020980e-01,-2.184274334854356958e-01,-3.800338720422797856e-01
-7.438165274381791647e-02,-7.249965081165310465e-02,-1.782624692952063938e-01
2.413629982086833436e-01,-3.218949597327530610e-01,4.261489785463945523e-01
-2.553883011365738476e-01,3.363035211368955446e-01,4.674006398184318289e-01
2.361259377035956897e-01,-3.121213764705146332e-01,4.816953477756953372e-01
2.364896002537382191e-01,-1.682997931386632784e-01,3.674801569799809320e-01
-2.016426411560546805e-01,-1.202452441356349766e-01,-4.693313340323576055e-01
2.527398747008114954e-01,3.545366746822268267e-01,4.458801069226487890e-01
-1.626311068826770123e-01,-7.229487796913158792e-02,-4.637800439338567449e-01
-1.313932515105079579e-01,2.640292256983699515e-01,3.064252044769654182e-01
-2.883820784660947600e-01,-3.232052509644693927e-01,4.296627146727489688e-01
1.906540925309396783e-02,-4.164750894141833193e-02,-9.750185484065032604e-03
1.399424530711204095e-01,1.211600182905098189e-01,1.067955766351244007e-01
-8.759236266253334069e-02,5.318982227460333778e-02,2.089722497349453256e-01
-2.237461296435512281e-01,-3.275947226163898884e-01,3.822864717602107998e-01
-2.274750972587613607e-01,-3.327296984541550096e-01,3.173182167807768739e-01
-6.023921519235386768e-02,-3.274057847260247733e-02,-2.083112762806118567e-01
-1.949658532918295828e-01,3.258874448886427411e-01,3.480493328834326494e-01
2.998434143660896334e-01,-2.863730785332951889e-01,4.693412565674479620e-01
-1.404579471686774328e-01,1.538946701598361555e-01,-3.862472589067987849e-01
-1.737178352337322984e-01,2.806618103698594879e-01,3.702877827871945415e-01
-5.894816245687661826e-02,1.208413096056690783e-01,5.909396550556245131e-02
3.790727876287747211e-02,-1.141746745760456871e-01,-1.753104969486238840e-01
2.294220151006052255e-01,-2.544608128200493979e-01,3.435059713487846889e-01
5.115384689898516690e-02,-1.249498407445616133e-01,-1.356227933118527851e-01
2.421473256005615138e-01,-2.638623688355589136e-01,4.989045439707611163e-01
-2.171550174890056750e-01,2.429469352678886862e-01,2.140052648433554694e-01
-1.321083468718500242e-01,2.864452736175321368e-01,2.843725803099533822e-01
-5.936338726375844921e-02,-1.997901464884597189e-01,-1.585603908884696267e-01
-3.451730934975372200e-02,-1.711647608810014098e-01,-3.717829480277992094e-01
2.066907179625225854e-01,1.676910498130346205e-01,1.894647045658223172e-01
1.953527632328442287e-01,-2.442230875864520590e-01,3.976956986844842890e-01
-1.725110396087116138e-01,3.268354437209531893e-01,3.745704871572533845e-01
4.976482468301057782e-02,9.779962104583306282e-02,1.226992706206105899e-01
-6.507439099546419303e-02,1.300733607803907788e-01,8.945505481419280258e-02
-8.887639864197094397e-02,1.009272446718219030e-01,2.227191216339264868e-01
-2.387500914384907968e-01,3.518822681029318833e-01,3.767008460279926974e-01
1.402014380938116922e-01,-2.512152368970250738e-01,3.331387790885760314e-01
-2.882188755229782018e-01,-3.747811427359524217e-01,4.611076990277280796e-01
-1.398994327246499969e-01,-9.440344793879373864e-02,-4.633948440325439400e-01
4.613617337504383187e-02,4.469058787960666912e-02,-1.451206527615356290e-02
-2.387044558798886440e-01,-2.283260002134053224e-01,4.989841863335037209e-01
-2.914259784596761049e-01,-2.511811891323153523e-01,4.443111938012118678e-01
7.771594228132927551e-02,1.723676857351131853e-01,1.284138368060293578e-01
2.637557804252567140e-01,-3.177594033269969254e-01,3.619463940919197542e-01
2.520653336193841021e-01,3.248108747140536767e-01,3.501608495930469411e-01
6.196558795151496657e-02,-8.093054123153431423e-02,-9.584653195001757719e-02
-1.324955783262429243e-01,-5.531740036199461752e-02,1.799277885273353750e-02
2.266266006243189413e-02,-1.246737422385381100e-01,-1.192995921106013713e-01
1.130951003583778869e-01,1.355464976293313528e-01,2.584223468081648933e-01
-9.525033472393540368e-02,-6.171673137198407932e-02,-3.457757308778507399e-01
-9.041024931376728802e-02,-7.074127178049527398e-02,-3.687853801403286891e-01
-9.350373212263252132e-02,2.539132053786098409e-01,-4.493552305481811615e-01
-1.724837400233335538e-01,3.716624537372376080e-01,-4.096849493836800526e-01
1.956810206497325844e-01,3.026377439535721248e-01,2.840908530458615688e-01
-6.955129426823736249e-02,-2.090455046407715400e-01,-2.579268389371525139e-01
-8.319874900866619516e-02,-2.470816893287319793e-02,1.026202092546091293e-01
-1.250425598005876493e-01,-4.402417707848560458e-02,-4.229646794651532593e-01
2.330584155127257695e-02,5.186312723355412935e-02,-5.360915369356933358e-02
-7.670863945638595194e-02,-2.183998272988642020e-01,-2.591424984642813900e-01
-5.293961977133554431e-02,-7.934473721969248494e-02,-4.115567418414454171e-01
2.383506024962456227e-02,-8.916700292086265911e-02,-1.316400737449588965e-01
-1.551379675500645927e-01,-3.170285350586193873e-01,-4.041993754340083012e-01
-6.044964671162844638e-02,-1.780664150607306206e-01,-3.455910497712733065e-01
-2.865701981330808223e-01,-2.385652966083070536e-01,4.181880241313365998e-01
-7.848273369617153605e-02,1.315402616411708303e-01,-3.728502630378380811e-01
-8.355003091042545460e-02,2.062421146772428493e-01,-4.480598615597738421e-01
1.877578845524169315e-01,3.951308126204363669e-01,4.364757764986985089e-01
1.916292154179665141e-01,2.703311596230471014e-01,2.425796243569664501e-01
-4.918344096901816620e-02,2.283124397679836548e-02,-1.166822085686400889e-01
-1.809882738774850619e-01,-2.274558011461653706e-01,4.379605079345960661e-01
1.467513078122376635e-01,9.598975328810355201e-02,1.784516749235897093e-01
2.348354777521455272e-02,7.962195683215578246e-02,7.507916364243416574e-03
-6.012121646916168682e-02,-1.005697023525468081e-01,-3.168355739610629884e-01
2.573542346870428821e-01,-2.466448927401846403e-01,3.194054026988426553e-01
-2.167622466471478271e-01,-3.697131027718991714e-01,4.216008032096379976e-01
-2.641208201127892563e-01,-3.051651509313816346e-01,3.324880391959958992e-01
-2.711911268595417202e-01,2.938749932172740609e-01,4.022733333404013845e-01
-1.560105135572263935e-01,1.960244829275115119e-01,-4.564288539582426196e-01
-2.193346282462202979e-01,1.638357931004710277e-01,2.410379006370911847e-01
-6.925432252144758660e-02,-5.591696216560659849e-02,-1.369364390754758132e-01
-1.190088146045538142e-01,-2.139100285734838458e-01,-4.049940265513342075e-01
-1.051632608470289831e-01,-7.066976527934709651e-02,-4.866428668301092664e-01
-1.650099624836692813e-01,-9.110210040051902602e-02,-4.585785814962619611e-01
-2.193939143681983284e-01,4.016710916393462227e-01,4.671207717405402304e-01
-4.913131914223878294e-02,-5.620399433197043049e-02,-8.018150300546966758e-02
2.018410777489172414e-01,3.083043373585295788e-01,3.696853235495105583e-01
2.181177010946980799e-01,2.465650043310132489e-01,3.465603733898353633e-01
2.740653285604375267e-01,-3.782709211676803518e-01,4.557207399133683667e-01
-8.037581691495265801e-02,-1.694973271520234803e-01,-4.729727399740710769e-01
9.343088415814160275e-02,-4.848962598676764824e-02,-1.098085447759356015e-02
1.975821266765855899e-01,2.608064195360271231e-01,3.076037887122679004e-01
-1.599636873668012216e-01,-3.025809157153317441e-01,3.827717758096838008e-01
2.209798635892579188e-02,-1.630135498322647924e-01,-2.099247708304750049e-01
6.075858749309503981e-02,-1.785328044939707981e-01,-1.361092759604916047e-01
-2.770753215693115834e-01,2.717035197517911893e-01,3.923893765644504983e-01
2.820524712640137821e-01,3.256992653184050956e-01,4.978165774610301408e-01
-1.147974010074135354e-01,-1.432728473561298843e-01,-3.317017535915064430e-01
-1.670659554057776219e-01,3.067306959861574311e-01,3.781702658398825578e-01
-5.432838695393238382e-02,1.656119778986591129e-01,-3.431127920439294154e-01
-1.116934237749801495e-01,3.002241048165210646e-02,1.825459379272128535e-01
-7.939607150396987834e-02,3.542674296571390880e-02,-3.193065152583048905e-01
1.042174340681598643e-01,3.150257378998477797e-02,1.010375253683404306e-02
7.126431549086076345e-02,5.019159914480875173e-02,5.920266235757687401e-02
2.196038113607106101e-01,-3.143320226764942937e-01,4.601044605217882166e-01
2.552974992833481060e-01,-2.108207867991906959e-01,4.708754663764782578e-01
-1.297332514116444901e-01,8.945997376424863479e-02,5.818189846281762723e-02
-2.348302968953086545e-01,-1.708272833966953952e-01,3.896348144795361845e-01
-1.018847867701884180e-01,1.150335102443661439e-01,3.221794481511819352e-02
-2.032948851750886465e-01,-3.001727496031910691e-01,4.599023557242145621e-01
-1.679523048831579324e-01,-2.485709790348733517e-01,-4.264680365542548035e-01
-1.851110245016277522e-01,-1.337833903768642640e-01,4.400196606300422753e-01
-1.219993794444823587e-01,-2.145006433678531277e-01,-2.742873872943567548e-01
-1.866292879783255643e-01,1.101718933719276761e-01,4.188102739417282061e-01
2.950172717256328569e-01,-2.921146150001543429e-01,4.420569512192548123e-01
-1.287116518663795617e-01,7.151338056998135517e-02,1.228957809450663685e-01
-2.047821219146451766e-01,1.768152525037530731e-01,4.769803813834527784e-01
-1.000737986617287190e-01,6.158133782496943986e-02,3.697964570962131159e-02
-7.699227748882764288e-02,5.297066266713279514e-02,1.255812532677157423e-01
-5.297040180335899073e-02,-1.072657105000126565e-01,-3.403622508805373981e-01
-1.771276935846993750e-01,-2.424703156896488299e-01,3.293410017469413642e-01
-5.255130311511535535e-02,-1.074360090593767803e-01,-2.424753726687423061e-02
-1.146326977602284414e-01,-3.505352567649311357e-02,-4.858198928849029041e-01
-1.540801369392796882e-02,-7.588915003981411278e-02,-6.297497321746547971e-02
-1.791492964487758632e-01,3.450244229042019883e-01,4.197929316533964839e-01
3.208785231202759824e-02,-1.091215855030258641e-02,-1.422117838178793559e-01
2.085414753333858506e-01,-1.375193610104117337e-01,3.669897385375403553e-01
1.892169224857888077e-01,-3.221721897074816265e-01,3.459770779173388933e-01
-4.445856209137422077e-02,-1.032422697282106006e-01,-2.347841981109219933e-01
-8.646962364587262861e-02,2.946395943839741349e-02,-4.221866295646766742e-01
-2.497165293698166977e-01,-3.430080614021772112e-01,3.588957288976137860e-01
-7.548858464755958675e-02,-3.584305175605195792e-02,-4.399458517312924144e-01
-1.053138521669222394e-01,1.308535086634083910e-01,-4.034836693270997809e-01
-1.326695448692238877e-01,2.064325305023013701e-01,-3.259156689936213436e-01
-8.631074607380107011e-02,-6.195835950627126554e-02,3.437372100528734986e-02
9.125325350546720227e-02,1.856820892808701551e-01,1.247794914625353080e-01
-1.269538341500202616e-01,-1.501084256926225047e-01,-3.784470616847956936e-01
-1.388514112506987752e-01,-1.615771703517797642e-01,-4.760234318040257318e-01
2.473190744037747635e-01,3.673427238344413315e-01,3.838987818289464338e-01
-2.013886690613807540e-01,2.607166397919412626e-01,2.809876744113745106e-01
-1.790155236928213656e-01,-1.342519878943339018e-01,3.892016329210575831e-01
-2.759482708460762046e-01,2.533616058818012329e-01,4.622615116086166154e-01
-8.348960633858026892e-02,1.333701703150158568e-02,-3.904296436378292823e-01
-1.596359088859478081e-01,8.522120007074107662e-02,-4.327827571437857790e-01
2.651071059274263675e-01,3.271259467646298047e-01,3.597241560576569519e-01
-9.284229428281098873e-02,-2.134802706031135866e-01,-2.224615362721691358e-01
2.711294447337979641e-01,-3.499415700228454273e-01,3.979865788565156715e-01
-8.336627228139037449e-02,4.347637998110287505e-02,-8.170210802621769020e-02
-7.885456206818819425e-02,-7.599419713978150526e-03,4.332791434471483516e-02
-2.377539112215965034e-01,-2.800965958901086017e-01,4.506691438410272976e-01
3.182805561085940704e-01,-3.056332323170973808e-01,4.959863659560621585e-01
1.305785714969970313e-01,1.120810071578157707e-01,8.929782361511173772e-02
-1.547299589681900844e-01,1.736483296154023304e-01,3.034049956457975927e-01
-8.440579000924774977e-02,3.285919386766744665e-02,-3.487547853437803491e-01
-2.259416549226154203e-01,3.314251345150279748e-01,4.101448991917382436e-01
-1.146477526309400696e-01,5.851366980000249907e-02,3.485982422805322667e-02
1.095982992931410216e-01,1.869411693037104083e-01,1.878017744821169899e-01
-2.665107406750093499e-01,-2.791493977297244689e-01,4.674586600725320062e-01
-1.331637893504267200e-01,-3.025913485727080854e-01,-3.068506700881494798e-01
-1.608708259648383709e-01,-6.334655127580968159e-02,3.406492087576439287e-01
1.224707892589349534e-01,1.443269619479288224e-01,8.851753427275643737e-02
-3.271024268526256940e-02,6.342465002917474504e-02,-3.601422171936579097e-01
-2.556768601111004680e-01,2.652511123733896081e-01,4.256388681713005884e-01
-1.885675725854591978e-01,2.205855175979707372e-01,1.566806692208272400e-01
-1.760385216303241851e-01,3.241480870403752323e-01,3.196623675803792475e-01
4.827026540886458772e-02,-3.792206821509624959e-02,1.624587434960034216e-02
-8.490036999576955346e-03,-9.841368462377952930e-02,-2.201329424753057928e-01
2.738850355917761270e-01,-2.446772694173822149e-01,3.784210412184572103e-01
-7.821509635212142708e-02,1.390315589271988728e-01,1.212137219597010374e-01
-2.399133085866306248e-01,3.195417193057256133e-01,3.487108163385956860e-01
-3.789879140864671481e-02,-1.150702621582775365e-01,-2.596851585011019647e-01
1.853134900849963129e-01,-2.920927545956379934e-01,4.207344135664992102e-01
-9.537130559102868776e-02,-4.470757109235701243e-02,-5.751189642056941942e-02
9.701701924492134310e-02,1.392703575464230292e-01,2.073264696130958651e-01
-8.915482737804281133e-02,-1.324440438383052143e-01,-3.060712293000695805e-01
-1.578988217072067046e-01,9.929768447507647533e-02,-4.020624899843147082e-01
2.152700418454609466e-01,-1.300492293611603678e-01,4.548984667804079063e-01
2.043999425466795916e-01,2.197526457370738706e-01,4.869729586691871059e-01
-1.882570835525810837e-01,2.251747403496148214e-01,-4.626291246681312197e-01
2.471588170866644285e-01,-1.933245291145738731e-01,4.361501174201934949e-01
-1.401482611098134878e-01,1.799407423757066748e-01,-4.305526324404532756e-01
2.043086252302002137e-01,-2.096575634143218458e-01,4.908279167930821307e-01
2.064576254914841646e-01,3.688033935379725348e-01,4.730799902864325501e-01
2.649487523208315931e-02,-1.698667994985434415e-01,-2.046863080078752395e-01
1.405326707249727747e-01,2.286674365051393210e-01,2.533452326758895978e-01
-1.231233766453139200e-01,9.305704472230069690e-02,-3.463336407053304589e-01
1.989837019411201391e-01,-3.483622068746023981e-01,4.510552338667538352e-01
9.652143246584032887e-03,7.564746471387850946e-02,3.672312303550251400e-03
-5.566832117374609368e-02,-1.137940576048429575e-01,-2.799599046350573772e-01
-1.514931732559243738e-01,3.385369614400545180e-01,-3.685814662811444098e-01
-9.763387187604111173e-02,2.512098678173788624e-01,-4.293674942180505383e-01
1.800076482604581196e-01,2.060892495541717384e-01,4.377921056420456258e-01
-5.165622668780400772e-02,1.227208159537674925e-01,1.166986377700678368e-01
2.281028908265358979e-01,-3.702006079618113121e-01,3.899526451769728119e-01
-2.747890703150314140e-01,-3.410255093243895752e-01,3.966070672116698281e-01
-2.042787358542433873e-01,2.943801215724555220e-01,3.054514103743547482e-01
-1.956190581462873279e-01,4.129336369509675198e-01,-4.883200995429978208e-01
-1.656072975985616313e-01,-2.334104873035695027e-01,-3.919107752936573652e-01
-1.330584378467499773e-01,-2.711124814055112520e-01,-4.632991271843357461e-01
1.277087012236679531e-01,1.521458309490383298e-01,2.143165578505710211e-01
-9.916417791474585464e-02,-1.028830182711041319e-01,-3.384377367808926174e-01
-4.872600689605743884e-02,-1.876350538901472298e-01,-3.298936858574674780e-01
-5.388415891588171913e-02,-1.188326883369014153e-01,-3.602310116898680414e-01
3.068627486716343222e-01,-2.796603574618333754e-01,4.407089614422475821e-01
-2.065659719364709712e-01,-2.618582858573310634e-01,3.847011779571746226e-01
-1.815809731095419099e-01,-3.186932104587902881e-01,-4.849025376047990665e-01
-1.418539951239056185e-01,1.366601175229229526e-01,-4.339391114485889878e-01
-1.588604407778119176e-01,1.076768202916398298e-01,8.085720708264609868e-02
-1.450146101561918810e-01,-9.803967067378271949e-02,-3.462378590408482504e-01
-1.408199818234676659e-01,-3.096711701837797648e-01,-4.991766280222343921e-01
-1.162187650861606913e-01,-1.901517888509191012e-01,-4.925377493006231067e-01
-1.164106811817857690e-01,8.243298188422776285e-02,1.774538283230957525e-01
-8.448050841009180356e-02,1.762099916295859492e-01,1.635657983135035964e-01
-8.551311333182953778e-02,-7.601435197253558762e-02,-4.831443845957723582e-01
-5.734695632603470372e-02,1.579067420685006384e-01,7.944450521907775453e-02
2.811013761616204532e-01,-3.280973853974983312e-01,4.466342261896216748e-01
1.858454242994035388e-01,-1.664325074626449297e-01,3.775196941135109396e-01
2.055808947083591631e-01,3.984236021534877104e-01,4.339103180497073664e-01
-6.943628987621186521e-02,-6.994858491326150229e-02,-3.864947465265540227e-01
2.578992577487534410e-01,2.068130719803364936e-01,3.770581712068733493e-01
-1.410029069384101108e-01,-9.349582369859255060e-02,3.443013700039325720e-01
4.242431931586021499e-02,-1.245216760904288567e-01,-1.608700752918501564e-01
-7.570579840002955585e-02,-1.140089317658226076e-01,-1.059156343240083009e-01
1.874117850287994047e-01,2.590564199181403238e-01,3.143384749359180441e-01
-2.656531260812222683e-01,-2.983055248442704199e-01,3.193410998610984874e-01
-9.018725300091112729e-02,-1.768412271002417491e-01,-2.492626512396214356e-01
1.685987624082275760e-01,2.740045602976967087e-01,2.882553059399769468e-01
1.689727634161459768e-01,1.503607835688833827e-01,3.362129214014697443e-01
-2.235966774283161262e-01,1.983220404111866175e-01,3.581846642323113228e-01
-1.414872611075106423e-01,3.315854182098655345e-01,-4.524871438758453213e-01
-2.973372608576382303e-01,3.628899404103876902e-01,4.027418676997092106e-01
-2.004541496694272062e-01,1.809337684747539532e-01,3.428158501095240895e-01
-7.032668943062336808e-02,-1.922110380318935441e-01,-4.598042063644496302e-01
1.159033384884554652e-01,5.238352663472256587e-02,1.790192768459757389e-01
-2.607564090286530467e-01,3.356458163115593196e-01,4.554712305821652096e-01
-8.695588367638229510e-02,1.188915644315152731e-01,-3.447663755440507627e-01
2.242210782919015211e-01,2.819998904620704128e-01,3.024466388708527687e-01
1.075825473963750722e-01,4.622484962151596211e-02,1.964333640145836668e-01
7.225397653979870327e-02,1.439357848629788661e-01,6.960380682193667568e-02
3.201278574823945844e-01,-3.449419139145843971e-01,4.549804006340253393e-01
-1.435193916477554010e-01,-9.007737788882430596e-02,-4.586395901076061321e-01
3.611468688733832089e-02,2.405747922731305000e-02,8.492206474032570895e-02
-1.228580968368920834e-01,8.413520716346323258e-02,1.669201811310402350e-01
-8.627043784302379503e-02,2.267352570662172218e-01,1.750810509815200477e-01
-7.279873363398969843e-03,-7.300701865230974086e-02,-7.356148872574974629e-02
-3.076912019166777590e-02,-1.207403298571195771e-01,-1.488215462029326419e-01
1.196198282493248222e-01,1.679349574259334510e-01,2.592576726594513215e-01
2.136689056103103779e-01,3.753932907794231832e-01,4.684984745932601058e-01
1.007830870968147163e-01,5.817724625650044779e-02,3.343867484005269564e-02
1.974946111898735479e-01,1.781707815768520664e-01,4.044944377172443595e-01
-5.659350409233920853e-02,-7.830229177724878920e-02,-8.163239242003972329e-02
2.080965788797768390e-01,2.799507175261252145e-01,2.568138838499940402e-01
-4.681200097302840035e-02,6.593296579204777075e-02,6.458350355693809330e-02
5.918056516979108839e-02,4.849646599946555448e-02,1.084229812824081263e-01
2.616459999556272065e-01,2.860990736041224558e-01,3.964672274494084325e-01
-2.487512867637612368e-01,-2.743968684513025114e-01,4.567905867376949036e-01
-7.541627201393441560e-02,-1.471268394201202812e-01,-4.631473060491804183e-01
-6.931528400095754439e-02,-1.029466498394738805e-01,-4.579121519453004385e-01
-2.963693123766342197e-02,-2.798967637027172106e-02,-1.838627229869430613e-01
3.385823012324373771e-02,-1.420897212970895218e-01,-1.044485712965597113e-01
-1.552388402928829292e-01,-3.020353387233377651e-01,-4.364346587278274958e-01
-1.785673013715911583e-01,-3.719119605142872098e-01,3.333949759144263503e-01
-2.002423689040185861e-01,2.695815427209725668e-01,4.249348172677859248e-01
-9.502215895402810197e-02,2.200348867813939346e-02,-4.009392398246303113e-01
2.333251274696824806e-01,2.196494414307559317e-01,3.463890827937283756e-01
-5.728840503447574228e-02,-1.918845339916606108e-01,-3.685360683849089325e-01
-8.263808968367880592e-02,-1.629709713574142294e-01,-2.921680068130561025e-01
-2.099454266398601554e-01,2.393352762826954638e-01,2.762659597083609864e-01
-2.560965212278242253e-01,-2.555631577688081135e-01,3.885909935145036576e-01
1.533020286248257813e-01,2.515243480988466063e-01,3.568027859164356608e-01
3.299522690531131452e-02,1.679309191357125641e-02,-7.058202206407870882e-02
-2.262436889602338352e-01,3.405961268671757747e-01,4.683081664637481767e-01
-2.286999768534829780e-01,3.747248268394365311e-01,3.997823212909002999e-01
-9.060661096389399649e-02,2.664557574764012671e-01,-3.870130997232592573e-01
-3.051292771778968405e-01,-3.020373003370296905e-01,4.767789219319543692e-01
-8.351756541710908532e-02,-1.764871439272082121e-01,-2.513464444448061386e-01
-1.519490432966829063e-01,2.958434722858924726e-01,-3.989016681139559983e-01
2.618868076009230883e-01,-2.812662750885746021e-01,4.694019181847793876e-01
-1.368477877647308327e-01,-2.848119208442335681e-01,-3.413638425183976866e-01
-1.392360008582073094e-01,1.240191063865032639e-01,1.684529745128822142e-01
-1.307810541717083774e-01,1.115922293579969526e-01,1.744827909656292420e-01
2.699775471535756921e-01,3.387339119301646662e-01,4.465420542948868032e-01
5.717031285692908416e-02,-1.900430780699650102e-01,-1.489094206262131515e-01
-3.271142312019881260e-01,3.187385842355686671e-01,4.694134455744234380e-01
-6.275947790600711063e-02,5.442173097541813664e-02,-3.332927195987274160e-01
2.091595147236067209e-01,1.864453370513724506e-01,3.739216993222557184e-01
-1.692669391846949312e-01,2.821338457425283108e-01,-4.444843028872916824e-01
-4.866756250653414551e-02,1.287775903123622445e-02,-4.184101325818985195e-01
-1.240809861633607181e-02,4.253040312940536971e-02,-3.207231945331464606e-01
8.173303744670223914e-02,1.251243854343985218e-01,1.228612487488177640e-01
1.048378371411295973e-01,6.850082613896368855e-02,1.025711724780384859e-01
1.219039110715333107e-01,-7.140963639417519104e-02,5.231051090633476175e-02
-1.986648716362798828e-01,-1.951648241172722065e-01,3.877619202449864577e-01
-1.434357731627112775e-01,8.289048516674679679e-02,-3.936374730784779619e-01
1.635550655428890110e-01,1.945999235152132689e-01,2.667471816633254500e-01
2.741797857965311280e-02,-6.673573053636494556e-02,-1.575839770050283528e-01
-2.170142583822759486e-01,-2.617586212542770685e-01,4.484762372828693389e-01
-7.134531518441822318e-02,-2.082243523284267317e-01,-4.459753824011883916e-01
1.156838132463766655e-01,-1.877552593189613095e-02,3.824191245720953702e-02
4.563405453672342293e-02,-1.020105033574624231e-01,-1.663611307172716547e-01
2.292469745147487359e-01,2.013570286175692114e-01,4.979012276440275553e-01
-3.998950458129646446e-02,-1.129865275512008660e-01,-2.031354334493428171e-01
-2.089896322782505145e-01,2.107771997145757581e-01,4.264099377536642033e-01
1.795474940858756696e-01,2.952122512037069768e-01,2.901547956005295914e-01
-1.255294884639290842e-01,1.118211202221007783e-01,-4.269277325819038627e-01
-1.096581306178318060e-01,6.218069962632855052e-03,-4.056196931009239393e-01
-1.641279665116460729e-01,1.008381087702260315e-01,3.934158108832469525e-01
1.806017066666647519e-01,-2.526514112898990971e-01,3.629638246340233243e-01
2.023593278447253230e-01,2.752193946648561207e-01,2.412826920138582132e-01
1.904512224915289043e-01,1.373030855788784921e-01,4.198469534165720773e-01
-1.777048640438790850e-01,1.682329760077700964e-01,2.923947082604205772e-01
-1.083523598956607215e-01,1.433394438421187189e-02,-3.320825266975608869e-01
8.848406912012152237e-02,2.415308800974602654e-02,6.054129492375981414e-02
2.395972484849102635e-01,1.855354885151550004e-01,4.222861789410784494e-01
9.876064417977148402e-02,1.687682892289336101e-01,1.947981952932861249e-01
2.092765506712344070e-01,-3.401510881785096974e-01,4.773241568202780671e-01
2.466057045189629093e-02,1.498982557602213106e-02,5.706955958641912741e-02
-1.048253113260637637e-01,-1.942335314600428520e-01,-4.053000343330178668e-01
2.136309007981939123e-01,2.118117245229371726e-01,3.549519302354600114e-01
-1.125072324861609019e-02,-2.186916564828444987e-02,-4.057961749624794390e-02
1.214442885207012157e-01,1.936162539931644000e-01,2.536025366060434827e-01
2.463890406116310272e-01,2.704505217588378807e-01,3.758781306068418315e-01
1.438670914956386993e-01,2.671751617211478580e-01,2.395270035254261076e-01
8.432219285669773079e-02,4.274251092945480224e-02,-6.345952340982075057e-02
-1.516205464549567061e-01,2.422869998767233080e-01,2.447765035303777204e-01
-2.083315702193065944e-01,-3.875987292652077754e-01,4.096697293061806189e-01
-1.689512041745833137e-03,-1.202827962092882785e-01,-5.986809728723196944e-02
-1.117353750938053780e-01,8.268122358951279782e-02,1.685310510143454010e-01
-6.332922199233126381e-02,-7.280901494964120424e-02,-3.390587480504314577e-01
-3.228415894109546436e-01,3.392732435077847608e-01,4.675433315017721858e-01
-1.591424180869527305e-01,-3.379635382281014344e-01,3.580331408299610718e-01
-2.601717546009031379e-01,2.355838207241951476e-01,3.269922981249139271e-01
-1.627910173391863280e-01,-2.662280507597977186e-01,3.171051991704540995e-01
-1.963667875375190164e-01,2.961663069920374980e-01,2.899722778648978760e-01
1.899858687050580697e-01,-2.361821605523423129e-01,4.478929565153318970e-01
-3.197628805597246826e-01,-2.980364433497876275e-01,4.955896217183521912e-01
2.416066854777104700e-01,-1.741262500301273830e-01,3.517654207145018974e-01
-1.441886844119704136e-01,2.439282279795211839e-01,-3.789257885333168208e-01
-2.439395426385282395e-01,-2.133414488232369122e-01,4.481695160908734099e-01
9.496938108356989261e-02,-1.007638312734582264e-02,8.085307501608707259e-02
2.916947841343530134e-01,-3.837597974689516134e-01,3.711010721533753998e-01
-3.128362779041438113e-02,8.434025774723385993e-02,-3.771331839680447384e-02
-2.341403031046345173e-01,3.749774217774279883e-01,4.658996210997436993e-01
-8.964909948768295944e-02,2.044960336565223580e-01,-4.704238838615177887e-01
2.853488635213509150e-01,-3.357476949329831761e-01,3.980815452689927536e-01
-1.645485701625442054e-01,2.609246724526390615e-01,3.585642037559951811e-01
-1.875036627125403754e-03,-6.340656083923101871e-02,5.592631724442465035e-03
-1.015076838741586496e-01,-3.582089918047282051e-02,1.181347885615102733e-02
-7.613099736649220350e-02,8.474508250460699443e-03,-8.127988670386887549e-03
-1.978330362643198059e-01,-3.820704079160389677e-01,-4.698506267200314168e-01
-2.728924352612389637e-01,3.548398896230333666e-01,3.795777643492127540e-01
-1.186358887601935974e-01,-2.920609373148203014e-01,-3.771083974277227302e-01
1.130446035264645044e-01,-5.320244419479003284e-02,-2.501647263044715075e-02
1.011089344139222135e-01,1.403605149910402972e-01,2.158251015266294814e-01
-6.321596994570688466e-02,1.130061509688345955e-01,8.987134813652786214e-02
2.100092876736761038e-01,-1.466381544265596970e-01,3.261408801110493583e-01
-1.113728073930448925e-01,-2.451242043858792297e-01,-4.778111427998397165e-01
-2.227202844019861017e-01,2.839533432066798646e-01,4.145251438403839694e-01
-1.841750853524467546e-01,1.796994783209084900e-01,-4.307618498862413325e-01
-2.452195597459408960e-01,3.061536800920421353e-01,4.572030109455929026e-01
9.461320141604612211e-03,1.231425647564343695e-02,-1.332415010337314465e-01
2.047943236018014979e-01,2.254075041658044620e-01,3.955448445279797776e-01
-2.672461717979542906e-01,-3.229190288947179077e-01,4.025222063224415114e-01
-7.119227328812927080e-02,-1.223134328344060995e-01,-3.075775955141923923e-01
-1.792152033933456234e-01,3.436013563833669737e-01,3.881054544899280589e-01
-7.638220893725777838e-02,-1.647618199634154346e-01,-2.328798711620482242e-01
-1.469170377619232193e-01,2.045308444414029037e-01,2.812006270636630001e-01
3.346035059479279816e-03,3.344457893476349142e-02,1.282844888591672117e-02
-1.397880985049266833e-01,-2.530534897062972632e-01,-4.921778523845452558e-01
-2.412850901939747050e-01,-3.839030299811463376e-01,3.254878901560831483e-01
-6.547588985845953502e-02,-2.243779627648025965e-01,-4.463241866442536621e-01
-9.926944574433060886e-02,-1.038581042968467205e-02,1.070828111872476063e-01
6.762592156629143592e-02,1.066794844836693734e-02,6.007644183795879389e-02
-1.029159112451317748e-01,-5.528763531372049567e-02,4.606364007117358383e-02
2.541217935814832352e-01,3.425490918882695413e-01,3.697105205886326296e-01
2.172613083624667096e-01,3.516594480120383004e-01,4.346003401378509823e-01
-1.054381503146812893e-01,1.712214569043394308e-01,-3.678522901034919634e-01
1.581365225776638628e-01,1.730642669381614596e-01,2.406489605734740689e-01
-1.445664976669475132e-01,8.478322325751108668e-02,1.720237708837094592e-01
-2.032801370246848371e-01,3.365050794816920599e-01,3.921401520162701715e-01
-1.571125123281220670e-01,2.394608755535774236e-01,1.900928317339272144e-01
9.874633645224950573e-02,8.533188991678108959e-02,3.939845220251747548e-02
-4.490196377238742098e-02,-9.605140020281244251e-02,-3.059842979039867350e-01
-6.167854335143130307e-02,1.907691641244797509e-01,-3.805814464137197151e-01
-1.401824481722415694e-01,-1.301115653067907996e-01,-4.002517210418252702e-01
2.874027439992448141e-01,4.218973132075363175e-01,4.960292155104998324e-01
-1.649632688277982151e-01,-2.939319284632532225e-01,-4.447994712908394099e-01
-1.293056028195505025e-01,1.570205041292997983e-01,-4.687157785548684563e-01
-1.781662512324519998e-01,1.245875748546334538e-01,3.696925197700505761e-01
-6.061143768039156665e-02,-6.321282506867598183e-02,-3.828249172292520486e-01
2.872484296879790344e-01,-2.790515672702117422e-01,4.381814415774309968e-01
2.741726780528307428e-01,-2.063686914554245799e-01,4.461596479730468578e-01
-1.077136593463274838e-01,5.462961316345604779e-02,7.225869098725534734e-02
-3.303331278303744956e-01,3.205127218968647496e-01,4.927629874830951051e-01
-9.319214433132305686e-02,1.861729843221788805e-01,-4.749843378198461696e-01
-8.882405452426567205e-02,-2.292155649670386541e-01,-3.824154325570975343e-01
-1.244193867980525336e-01,6.299207194552280953e-02,-4.532580958941113680e-01
-3.921890481621648217e-02,-1.530084237631634814e-02,-3.102598682082446935e-02
-2.190149424050735760e-01,2.372739616917616257e-01,2.079667865820932215e-01
-1.138031815370119659e-01,2.502108628334209772e-01,-4.905195534094185517e-01
1.903478689994583251e-01,-2.539220200945645489e-01,3.522706586606392243e-01
2.196191853055908805e-01,1.975667138789805044e-01,4.331798257586473300e-01
-2.322780102320591844e-01,-3.686031400620503051e-01,3.306363955396500742e-01
1.303480623814582406e-01,6.423686663351257931e-02,8.185305925908148428e-02
-1.236503181695947085e-01,4.758379549879310222e-02,-4.868852346216344662e-01
-9.532785187045622610e-02,-2.571618052127662146e-01,-2.646767774453867572e-01
-9.765226920798741883e-02,1.588816033949753681e-01,-3.607422016045717106e-01
2.214546825469271285e-01,-1.405210434220706128e-01,4.172113290227285054e-01
-8.332829425546028901e-03,-1.098841232789852240e-01,-5.174711857025560136e-04
-8.273362959529939609e-02,1.993122466419098293e-01,-3.289808546569782388e-01
1.084572274493837973e-01,1.723866775161571052e-01,1.854838741575964844e-01
-4.954270019705186989e-02,-4.661973601490132513e-02,-3.559631570479478979e-01
1.189623090390783400e-01,7.068401840636573397e-02,1.191985156847257254e-01
1.032480357615955802e-01,1.438133304121836931e-01,2.536190804059043069e-01
-1.186610868170798749e-01,1.824597023645477822e-01,1.915936103130834178e-01
-1.926465433048208942e-01,-1.465313889025707805e-01,4.345525120696426269e-01
-1.489040848422551466e-02,-4.551768074045625667e-02,-7.304653333989874486e-02
2.930104750480776454e-01,-3.371755446444172355e-01,4.996413334881411039e-01
2.469911190305427162e-01,1.979026405994719351e-01,4.568529316927346651e-01
-2.488103273412810568e-01,-3.983628733107018594e-01,3.423273723712356720e-01
-8.814753980919576293e-02,1.895849062383914152e-02,-4.828620102910771150e-01
9.642312067009428667e-02,1.386274644787146570e-01,1.355431078483686491e-01
1.612021900544655661e-01,1.346369139751192323e-01,1.034146845168074647e-01
-2.906956075394873107e-01,2.646164999685862718e-01,4.762630117458301893e-01
-1.753773625341283893e-01,1.800285134159700373e-01,2.574625762893099079e-01
-1.198020443339837815e-01,2.968607919251925464e-01,-4.049098760430037691e-01
-5.239697426527989421e-02,-2.030383399941146916e-01,-1.826361949677990371e-01
1.296964622399990885e-01,1.289074208188045745e-01,2.837133934640145849e-01
5.664197117316482899e-02,-2.221694722230771468e-03,-4.368051684672813462e-02
1.159074191781994667e-01,-5.650362721993296145e-02,5.348319196728301694e-02
-1.511353767533389902e-01,1.889914687055844755e-01,2.803286527643168435e-01
1.899470329418367909e-01,1.895067864106798616e-01,2.587272442095516212e-01
1.437705612710066250e-01,-1.539840362229901727e-01,3.222913758157400776e-01
8.845641500761969311e-02,-3.718077607349401514e-02,1.003158783800821574e-01
-1.450947627389941319e-01,-2.223108253204230111e-01,-4.882782666689724493e-01
-9.263019252021531535e-02,3.793957874460607282e-02,-3.378855500774776699e-01
-2.570438457521622144e-01,-3.130495356960431019e-01,3.844685832453050844e-01
-1.974739075492837337e-01,-2.913463733284146207e-01,3.572576754009755273e-01
-4.621388795256453630e-02,-8.882683224616838569e-02,-1.968253686859668949e-01
1.918704355945073381e-01,2.172963406250190133e-01,3.217626000155787702e-01
-1.265101245966707699e-01,-9.568328837712569701e-02,-4.733079597821637785e-01
-2.335246641597436001e-01,-1.501757154861813603e-01,4.301896997571084125e-01
4.161123278780076706e-02,-1.430625748155108790e-01,-4.856611453326531436e-02
-2.630714251972798845e-02,-8.122667690817608754e-02,-2.207309202527322212e-01
1.918489571780390701e-01,3.104494105999237030e-01,2.888611894759158805e-01
1.047113369948733386e-01,1.711533681912797977e-01,2.435551170247546304e-01
-9.478465160263516154e-02,1.718549083666763844e-01,2.203999068573223585e-01
-1.803513049627522014e-01,1.475800191324255772e-01,2.990536687292716378e-01
-9.810312516402863725e-02,3.546840281969032560e-02,-4.974235748789813671e-01
3.127039954056368698e-01,-2.741539415752133335e-01,4.618066049149563979e-01
1.306869379642420226e-01,1.091610658287237579e-01,2.363084505454309259e-01
-1.188378018937918945e-01,9.846949784707381692e-02,2.201004667972239481e-03
5.325050621484916924e-02,-5.186420580813810854e-02,2.928705934681063994e-02
-5.621953074132846062e-02,-1.070059702652564892e-01,-2.454561378956221507e-01
3.266496698240251018e-02,-1.011799610990539167e-01,-1.428628008471591881e-01
-7.623153122099102230e-02,1.629883669979708127e-01,-3.396025025607830594e-01
1.771084279815491325e-01,3.454063574126928771e-01,3.557500374462250203e-01
-2.571070485754641810e-01,-3.806309015618312142e-01,3.485659525255282443e-01
1.859502330064288778e-02,-9.571905802591607060e-02,5.461371129266034963e-03
-1.774790916319683998e-01,-2.980409986619163565e-01,-4.492981316195693298e-01
3.195957754560586617e-01,-3.450527653564939845e-01,4.681804462278288392e-01
2.992359459041471492e-02,-7.386374712739940396e-02,-5.561514613596008072e-02
5.022268524043638216e-02,1.519780723650188126e-01,1.260252474671655909e-01
-1.265556003754650938e-01,5.789666399703519151e-02,1.370063155121435949e-01
2.364724639380908489e-01,2.108576970006299511e-01,4.147728188001668093e-01
-9.714738149122159605e-02,5.611358466971827497e-02,2.200805514469870161e-01
1.940875111688741272e-01,2.503712272792032456e-01,3.681993137455567000e-01
2.230928507032569064e-01,-3.087580919022417936e-01,4.231895379211684238e-01
-2.886775714438480911e-01,-3.224417236091918770e-01,4.960887477147242208e-01
9.079292141311490205e-02,1.655660884260068411e-01,9.133972453671479474e-02
-1.584557865156887013e-01,2.183267069510104186e-01,2.444121800903005237e-01
-2.824022081244209614e-01,-3.923118134369761867e-01,3.818319458481591600e-01
-6.492613084542075974e-02,1.613674001582884321e-01,1.281737674247915848e-01
-4.388130793757993864e-02,7.633917721513983068e-02,6.483002539292559430e-02
-4.875302239176637631e-02,-3.560592623540936863e-02,-1.015228757756703182e-02
-1.366494201784110851e-01,-1.259965395795648035e-01,-4.024960762514864232e-01
-1.454793706821856381e-01,1.800883480022530403e-01,1.586298986378618103e-01
-1.755334002536996785e-01,2.509383450772156854e-01,-4.822885454711455244e-01
-2.280129638955865623e-01,-3.076354880609951659e-01,4.633391563414266390e-01
-7.230590196975028583e-03,9.621286539652218472e-02,-6.422090681336589668e-03
2.381739467379695441e-01,3.839446580264027631e-01,3.903623268347721220e-01
-4.755884933112730639e-02,2.060812952040735890e-02,-3.547334245534117247e-01
-1.172788931120365419e-01,-2.124974249227121748e-01,-4.705483857850880636e-01
-6.136426638687630941e-02,-9.568101963403963239e-02,-3.273851501067703840e-01
-1.106318373287447088e-01,-1.778591133875144781e-01,-2.766008891593866315e-01
2.076789864262096330e-01,3.151580905110825670e-01,3.474821881965687309e-01
2.570887744619189119e-01,2.783587013136250565e-01,3.030795158331976991e-01
-2.215662886150024935e-01,2.589275372666454134e-01,4.534423721443701094e-01
1.187432257878950903e-01,1.563576321391156876e-01,2.539980030491548746e-01
-8.538809800718649701e-02,1.616491596274212128e-01,7.691891757228663806e-02
2.489043989831248860e-01,2.927659581899361152e-01,2.950934857175497861e-01
1.230017946383016314e-01,9.151170246106299366e-02,1.118589719731643006e-01
-8.195073173089839624e-02,-6.243725983179371219e-02,8.983444103213278353e-03
-2.586688368762696255e-01,-3.519582767725227823e-01,4.946533545927170872e-01
-6.972277806527016342e-02,-5.413820480114284184e-02,-2.125951336398737013e-01
-3.858465486871409666e-02,7.430682406940536389e-02,-4.290516966946855693e-02
-1.672074713093962828e-01,2.142484412278069517e-01,3.985659450185956576e-01
2.428736092616270437e-01,2.502198498654811809e-01,4.501670092436076409e-01
-2.232403114308137981e-01,-3.234324959275064471e-01,3.680423989456141909e-01
1.148650903083997532e-01,1.950478967907708361e-01,1.673183680530948569e-01
-1.589728282604260245e-01,3.030112342123904012e-01,3.376747840329972217e-01
5.491984289000140240e-02,-2.649749007958568381e-02,1.040210983280727142e-01
-2.017756145520764877e-01,2.466527630919306269e-01,3.008368075941675324e-01
-1.299460014939495256e-01,2.642526183070654788e-01,2.475676280959043796e-01
-7.244397158732041042e-03,-1.437067130781403135e-01,-1.751806311201342670e-01
-1.948695534495232806e-01,1.837847015582388943e-01,3.522025417486075449e-01
7.591178051172875474e-02,1.001667061722933960e-01,1.153060321667767063e-01
5.195342603340225018e-02,-9.265789572651994543e-02,-1.249514788699913614e-01
1.064214833728035492e-01,1.183758247278754450e-01,2.490866537009925885e-01
-5.504565417616680278e-02,5.471451168566399126e-03,7.336947115865122271e-02
2.180859807172014220e-01,-3.430365462472907412e-01,3.356332425659714902e-01
8.434235647384602519e-02,-8.316632601924833779e-03,-1.975258764536014233e-02
-1.541147162470133392e-01,-9.959192664672189554e-02,-4.378766644511405959e-01
-1.749778457426309775e-01,2.047390188884667950e-01,4.114517484718746010e-01
2.032393439962656423e-01,2.953209669604213161e-01,4.083066171100218078e-01
-2.519973037813675321e-01,-1.780238071497315389e-01,4.448215260230522494e-01
-1.964128438799637166e-01,3.432095219492535820e-01,4.322740126036096475e-01
1.888238840622659120e-01,1.666374909845415031e-01,3.472600026203901402e-01
1.381929838653906950e-01,2.000360796171085642e-01,3.073943345081754375e-01
1.605461700082808640e-01,1.230480171659503741e-01,1.512730259354743145e-01
-2.175060069748531166e-01,-3.081445460276122095e-01,3.911452831434671928e-01
2.042071733303606473e-01,-3.702981462317262995e-01,3.816297271205782993e-01
4.347986839374096135e-03,-1.088043901953227310e-01,-4.957474652132143333e-02
-1.682087233114732960e-01,1.059909736267861113e-01,9.537933217256089335e-02
2.149842135984547653e-01,1.884679981138303040e-01,2.431449455527071590e-01
-1.635716466813861292e-01,-1.235468626275383341e-01,3.654177577878341410e-01
-1.531933825737813448e-01,1.081971605141539561e-01,2.564177880869059623e-01
-2.226703340895676009e-01,2.200310859708021205e-01,3.639726973430232881e-01
-4.806097107803064539e-02,-3.142702542489528295e-02,-3.794038976932685436e-01
-1.419612385935101750e-01,2.511279410795806966e-01,3.178161486340479458e-01
-1.602025205214069326e-01,2.558170159662250809e-01,-3.988485665509557965e-01
-2.318423196885550652e-01,-1.702769943761726079e-01,3.847073581016321464e-01
-2.143468924732697678e-01,-3.198103926526384422e-01,4.471260421948239916e-01
-8.823023111939520824e-02,-1.152058638665703905e-01,-3.135704600044094681e-01
9.071301361613848258e-02,1.371961146510181084e-01,9.207606904866816322e-02
-3.073736393935945221e-01,3.551858280219241104e-01,4.399207287842925584e-01
-1.648610968315323833e-01,3.696855761140601659e-01,-4.804982243672547559e-01
-5.062377611656154741e-02,-8.337582615160554766e-02,-2.640757982823991323e-01
-8.078927816743686208e-02,1.118652181746597751e-01,5.404728592120677799e-02
-2.005008546138687953e-01,2.821605553002399791e-01,2.614725763968189787e-01
2.515348794761844697e-01,2.998256200702870133e-01,3.956306254598743744e-01
-2.632240589665099106e-01,2.825296065252105304e-01,4.650488442124536270e-01
-1.940441366466579831e-01,2.627615692661628977e-01,-4.733347625124950664e-01
-5.322009368513702654e-02,-3.289561337399560248e-02,-1.426250212958071195e-01
6.195928066520384192e-02,6.283440496346925919e-02,-4.404421623142518172e-02
2.067304993532138591e-01,2.099229385207946885e-01,4.694922193655219900e-01
-2.878150341907403931e-02,-3.682889342241935093e-02,-1.714504410296001646e-01
-1.437672010534359890e-01,2.529171112751353867e-01,-4.642873943921967950e-01
-2.127250938181745044e-01,2.627489388657228142e-01,3.397292712676944770e-01
-6.769295130231067770e-02,-7.530024553392367093e-02,-8.910971571442938277e-02
-1.478436232504594106e-01,1.916658350090461038e-01,1.823924543285175837e-01
1.641627774731525546e-01,-2.779341306081335450e-01,3.747440097509531221e-01
-1.383003500418544807e-01,2.451217473455498119e-01,-3.563922317937033846e-01
-8.535080789606863672e-02,9.918748074255767655e-02,-3.391551882512646721e-01
-7.366966318240408818e-03,4.402800872722045789e-03,-3.373862492126600277e-02
-1.759082561920420895e-01,-3.025821937320321009e-01,3.165706771023746313e-01
-1.132485739778250622e-01,-2.253934045416772225e-01,-2.654391570273150203e-01
1.516475289792433845e-01,1.409882573013856444e-01,3.672486185939113357e-01
-1.672601258479735620e-01,-1.485678566541825951e-01,-4.003673539496761524e-01
-1.176425292871464690e-01,-3.431589571038740072e-02,-3.789947622943951044e-01
-2.509017585562856034e-01,-2.084991070844863792e-01,3.213785940706430644e-01
1.816479716824721535e-01,-2.672979509722698266e-01,3.892742487578978450e-01
-1.401911716804900010e-01,2.731413512907842067e-01,-4.644818172547211521e-01
2.885345020745166966e-02,-1.305303732963111196e-01,-1.031840429667256753e-01
-1.587910503595590939e-01,3.079290519762808431e-01,3.386076810498948042e-01
-9.578007915835828889e-02,5.189792778494906056e-02,-4.816169938259226013e-01
-6.746926177020384774e-02,-2.128517928213511379e-01,-2.020218910336326612e-01
-1.174814884417776373e-01,-1.903056603450892226e-02,-1.055030246510824110e-02
1.035073810278756001e-01,5.464976512240016238e-02,-5.633382104265083345e-02
2.145380432404061510e-01,1.502832367407298531e-01,4.350209559394061509e-01
-1.243092059026452700e-01,2.187698994005321529e-01,2.767250805452902140e-01
1.647075630015980563e-01,2.232197773470390167e-01,1.826264284243396263e-01
-1.995646311399086326e-01,-1.446218440723734400e-01,3.467600810921769305e-01
-6.100934472194474711e-02,6.811638948693243822e-02,-4.790389959332497227e-02
8.042796880998048792e-02,-1.212211530949977023e-01,-4.184893372239872900e-02
1.676383821025858589e-01,3.089027855348152052e-01,3.098868848096426598e-01
-1.642884918026908947e-01,1.672519944237647049e-01,-4.717181790258920815e-01
-1.146833087042029575e-01,1.527103808512763061e-01,-3.991714855103517534e-01
-9.186806106340805744e-02,1.681012958823497883e-01,9.153230254575894786e-02
-2.652048475469105382e-01,-2.882480726584916164e-01,4.807477100074425413e-01
-9.512624614189069128e-02,-6.081838357718094557e-02,-3.964850683448608581e-01
2.643529115600559143e-01,3.110069798041922295e-01,4.644657615801157657e-01
-1.768271397402160217e-01,2.756910549811265598e-01,-4.916649984147081209e-01
1.504948207588474585e-01,1.295343766017253984e-01,3.489504344040548212e-01
-8.699652605568397590e-02,-1.914198199056372784e-01,-3.467289573902252453e-01
-1.970780266191684005e-01,1.989952064148162725e-01,3.618612584598327464e-01
1.738543224445774360e-01,-3.155943704977832720e-01,3.195605123825124849e-01
-9.373509538446256339e-02,-1.177763686029962287e-01,-2.916816557035387669e-01
-8.124804253555140132e-02,2.195239256969173658e-01,-4.532218393280394997e-01
-1.996653467711914098e-01,-1.897413759802748512e-01,-4.917118956846059374e-01
-2.393664103485173555e-01,-3.754448277899002928e-01,3.957522518084596319e-01
2.042923832908594139e-01,-2.502395770584121548e-01,3.517946871880809345e-01
-2.345492510838418365e-01,-3.216086405920856039e-01,3.185201888276407711e-01
1.698284149177081703e-01,-2.307742938797139320e-01,3.819185564935522192e-01
-2.610236053477694718e-01,2.739140324465572096e-01,4.774046582355695456e-01
2.721627140651267096e-01,2.472513749669936756e-01,4.499557741427874236e-01
1.068767423241749892e-01,1.880458967209450716e-01,2.024087614840371918e-01
-1.479777084919698948e-01,3.038164989523046700e-01,-4.419096493113815471e-01
-1.527595567440223068e-01,3.094094281882697750e-01,-4.533831718731043958e-01
-5.796580431140108125e-02,-1.177900854715883128e-01,-2.776728048649979019e-01
-2.852430475562319767e-01,-3.907298990021086382e-01,3.673663475478802232e-01
2.000086348439632511e-01,-3.100351955373549240e-01,4.816650992995408220e-01
1.933836427135199321e-01,-3.297307038069472451e-01,3.471886843078050289e-01
7.323550620819951895e-02,1.562435147628207233e-01,1.729999883648210002e-01
-1.041712410584474391e-01,-1.358749852257969959e-01,-3.687274321358080531e-01
1.546508894186523486e-01,1.626660374339348181e-01,2.999576183443329880e-01
-1.222685555445595096e-01,2.175384362751023870e-01,-4.670010377220265019e-01
-1.907372035529177889e-01,2.763574236280443852e-01,-4.429907006453774887e-01
-1.775222412695943719e-01,-1.562671003847053708e-01,-4.370437162405721443e-01
-1.108692791391168164e-01,-2.203135455307114743e-02,-4.679311530666805385e-01
2.011284006576022909e-01,1.831577093578126147e-01,4.034651526780104192e-01
-2.381773033463933098e-01,-3.451863772971955902e-01,4.465516227877003308e-01
-1.587996798017186073e-01,-1.327597937441542530e-01,3.469507696674718478e-01
-6.215926017623485400e-02,5.559445785452998834e-02,9.876930565888963898e-02
2.403932208940243731e-01,4.027831837814697113e-01,4.386837799676183147e-01
-2.431557043079811686e-01,3.646701540193669766e-01,3.807927924178640122e-01
-1.944903897331692333e-01,2.977395680617055396e-01,4.085214128745140449e-01
1.749352420338697867e-01,2.683687480889271892e-01,2.559481688402274191e-01
-1.500463916886156657e-01,-1.428331764148046412e-01,-3.796256120651682053e-01
-1.051866342942302524e-01,-2.574074417379732527e-01,-3.074693218209308965e-01
-1.504499487288258885e-01,-2.559302116172519348e-01,-4.467322247792850920e-01
-1.913908492404601258e-01,-3.507438867603440702e-01,4.075346709798500777e-01
-2.252532833777319832e-01,2.730138200652433289e-01,4.092571473842929741e-01
-2.341182875351176529e-01,2.848784053410805539e-01,4.210637437898947510e-01
-3.636542107080453778e-02,-1.830654224994316959e-01,-2.734816499730232664e-01
2.257268549099185062e-01,-2.318916685511438480e-01,3.540515135712420935e-01
-4.622513523795057644e-02,8.531327587005266277e-02,-3.745020958137268430e-01
-1.168040258730024261e-01,-1.574662573789812336e-01,-4.899359391530734298e-01
6.275346025814976247e-02,-1.219910849055005908e-02,-7.896481374505670559e-02
-8.852451350988788104e-02,1.867398330938930817e-01,-3.244580822290146216e-01
1.832171095754243639e-01,1.377297984720902146e-01,1.661131903123657105e-01
-1.560410303364681006e-01,1.933954824739891887e-01,2.437584343502741113e-01
-2.826757392920919987e-02,3.660578386579371735e-02,-3.232398127027739099e-01
-1.256321970272340494e-01,1.690211705528913422e-01,-3.397620167932416946e-01
-2.163267051676929231e-01,2.683876652975265564e-01,4.298654471020934009e-01
5.509941254769235019e-02,-8.901629725667825621e-02,-1.339243971692144486e-01
-2.380765171655471191e-01,-3.381566626792624763e-01,4.381187808847410992e-01
1.725464413780323225e-01,2.927531943905624656e-01,3.062984768357700505e-01
1.822137584828016355e-01,1.483389614311372284e-01,2.095272886868725370e-01
-5.541066487248791361e-02,-5.732066220061005080e-02,-4.669959096682241295e-02
-9.970651964263965716e-02,2.809446227980316735e-01,-3.888305524005422065e-01
-1.381831434760127930e-01,3.308436485829345797e-01,-4.160447854943502000e-01
1.781573897708754739e-01,1.693374834326681899e-01,1.720650251196468306e-01
-1.081391421175638134e-01,-7.900586130792885964e-02,-2.699923347874133572e-02
-2.236654552186720935e-01,-3.566923233971986962e-01,4.078626659738698867e-01
-5.658112794937264489e-02,5.910315109843899961e-02,2.110875171457071708e-02
2.106969370924587359e-01,-2.053117726625159900e-01,3.494422680716564589e-01
-8.518316253933344573e-02,1.193829518357490960e-01,1.598026089230136781e-01
-1.346249583437624242e-01,5.684698990139913644e-02,3.180795726413359059e-01
-2.651619005809046081e-01,-3.648383934925133465e-01,3.978696587803988161e-01
-5.710289919085442811e-02,1.513699366822943704e-01,-3.438313876832309601e-01
1.157144667968641460e-01,-8.954554412374027272e-02,-2.056689002823886003e-02
1.778280819226318865e-01,1.704149807202353095e-01,2.240955020925641250e-01
-2.184369981156952800e-01,2.868128051957211655e-01,3.986817903451068679e-01
2.031890722064388921e-01,1.757188009417092189e-01,3.508932181725622490e-01
1.126795238415939648e-01,-6.160174122345918324e-02,4.029601249001757424e-02
-1.739839677185914812e-01,1.305222642992603932e-01,4.140428777628497592e-01
-2.398343700249491173e-01,-1.862067205542323745e-01,3.529894366860624189e-01
-1.231631819916775283e-01,-4.056530902255506277e-02,-4.342936817964266893e-01
2.481225190409880321e-01,1.968643450678831952e-01,3.231831065694935612e-01
-1.060458200112934790e-01,1.988221374373244643e-02,-4.637788974262492259e-01
-2.537782511059860635e-02,-9.360391386761068855e-02,-2.850807981775127509e-02
2.296248033952313916e-01,-2.729159500774900327e-01,3.360605031937219378e-01
2.363273968039877326e-01,1.896169579067997768e-01,2.786363943093098650e-01
-1.797522798247130904e-02,-2.388497112789778054e-02,-6.596741021168339714e-02
1.694919821827315376e-01,1.460438661729731580e-01,2.765754732378929992e-01
-3.025134130902495944e-02,-8.392049110354071750e-03,4.282867031602555219e-02
-2.006728489700209117e-01,2.835230746139314473e-01,3.700131353546818325e-01
-7.503604716957579246e-02,1.069172113613681141e-02,-8.272229164687439074e-02
6.654863937501442894e-02,1.345064376375230131e-01,1.317784494560743092e-01
-4.377111954461121446e-02,1.374119529409804086e-01,1.101106138980921800e-01
-1.356322998415385728e-01,2.359054992156360830e-01,-4.963592096980280477e-01
8.019458787408739742e-02,2.967910588196687183e-02,7.067271795111129684e-02
1.183853593344210697e-01,4.645627304506982913e-02,7.561947332465013272e-02
1.955094970908611840e-01,1.800149088908548078e-01,2.889924007199810019e-01
-6.894817302082933974e-02,2.102266989779052464e-01,-4.126288658810907117e-01
6.602007706213208760e-02,9.376875814001484066e-03,1.161722548879586814e-01
-8.047727364887158341e-02,4.710185164026170490e-02,-4.282351782758048175e-01
8.324559652151231059e-02,8.450766631106221283e-03,-1.909509815182452996e-02
-1.521393853538043350e-01,-1.097697404344062377e-01,3.466183018819477546e-01
-4.328581049940727343e-02,-1.540206469766473019e-01,-3.003972130828436171e-01
-1.931385024384940641e-01,4.052452934766055392e-01,-4.885921168971835149e-01
1.890537405329749676e-01,-2.831655118235786306e-01,3.396377202914554472e-01
-2.403716787700472812e-01,-2.202177695645783917e-01,3.485460480143031115e-01
-6.374898428913478021e-02,-2.245213220717912073e-01,-1.857311065449498422e-01
-6.783221999346289444e-02,-1.482515246141707932e-01,-2.154154264131860064e-01
-2.452028833604144031e-01,-2.645850598294408051e-01,3.444180268215005780e-01
2.082209845335251108e-01,1.434234537255678621e-01,4.564088365468491615e-01
4.829836453430469412e-02,-1.638815429634669085e-01,-1.721325886325041354e-01
-8.541234870259151180e-02,-1.079508845758162527e-01,-9.301414993615797489e-02
2.868793063840517910e-01,-3.797300395076025348e-01,4.095413911896732539e-01
1.174216291216952923e-01,2.737558301098595992e-01,2.446237803902810981e-01
2.862259930479993386e-01,3.126245243129480711e-01,4.369462332133882132e-01
-3.624125486458606993e-02,1.724058654948587010e-01,-3.613790741025197928e-01
5.216466843778189144e-03,1.559718269615439912e-02,8.427058286488375849e-03
1.544981496096389240e-01,1.542439944955411590e-01,3.223128250757534285e-01
-1.483187187258176998e-01,1.414844890572137803e-01,2.439748420444740606e-01
-2.232517287471279532e-01,-3.400451267582191850e-01,4.545419869012071734e-01
-8.699389612207819589e-02,1.323486402185473088e-01,-3.246171828704826900e-01
-1.408443228720002161e-01,-3.083965233326724231e-01,3.280958209167268436e-01
1.000679344623114364e-01,4.144545855149306401e-02,1.414580037500023924e-02
-1.728072929928805568e-01,-1.928283401228121363e-01,-4.908247940604839599e-01
-1.055546656717860632e-01,-1.888890191961268838e-01,-4.843221159787109986e-01
3.247291018209579327e-01,3.503083430564615242e-01,4.779069293759463655e-01
1.209021771572057480e-01,1.675427304912934234e-01,2.297274883764029996e-01
-2.497587435263566302e-01,-3.587402331434229596e-01,4.674798038123879618e-01
-2.361466109430792049e-01,3.460817183624459448e-01,4.461657950490431901e-01
2.146364296467981880e-01,-3.059161457839623122e-01,4.673682232413799431e-01
2.064232086134379918e-01,3.314349016262041481e-01,4.581309457190732015e-01
-1.411292225268593326e-01,-9.275018235342247230e-02,3.287036765060790122e-01
-1.273390214811308541e-01,1.310652437521951930e-01,-3.208451887357788301e-01
-5.732006147801027574e-02,-1.966656329173104290e-01,-2.871570326499210957e-01
-6.085078697075685383e-02,-1.438969474933887716e-01,-3.285685487165318497e-01
1.957398931099553208e-01,2.334253070499148208e-01,2.312818831795454555e-01
2.911420567613908217e-01,4.071043104896434617e-01,4.289278104209519604e-01
-8.712489127227662777e-02,-1.815783961810960578e-01,-1.019347162638086779e-01
9.288747913602157791e-02,1.085115033837660281e-01,2.195322724320671881e-01
-3.687633749991769960e-02,-8.851421606187614977e-02,-1.672370366478408421e-01
7.623823465635559682e-02,-1.475185565065365578e-01,-1.059959384744975086e-01
-7.693395396994662239e-02,2.181226376098420738e-01,-4.034241279715812256e-01
-1.431356460206816283e-01,-4.788745133020499978e-02,-4.040499761797186062e-01
-1.063232267869707037e-01,-4.142084784440058787e-02,-3.489051891906291836e-03
2.345297532209132951e-01,4.089651651464315529e-01,4.680902720191324473e-01
-1.516549201362861199e-01,2.639461617621183809e-01,-4.098155489209931446e-01
2.244397357945120408e-01,3.482667971718390598e-01,4.214248975308763079e-01
2.537301053563795206e-01,-2.897978950377595453e-01,3.829981737374948958e-01
4.151866936729120550e-02,2.874295210661359512e-02,-5.897212742121682449e-02
-2.266322117058349184e-01,-1.995807869244043964e-01,4.341615230222694022e-01
-1.003128626894647102e-01,1.691174974252478425e-01,9.260822047047312378e-02
1.228981044631540787e-01,-5.711371239841900316e-02,1.248778673591510735e-02
-1.587421012799512532e-01,8.047917798737125317e-02,1.556268402770449866e-01
-2.860891644875174222e-02,-1.748700453210842998e-01,-1.818099939771964380e-01
2.232059022357075762e-01,-2.340998321116491976e-01,3.711530969869804020e-01
6.532673934070321042e-02,8.630220282739409221e-03,-1.031949165608059271e-02
2.113431950791682112e-01,-1.330350693691979558e-01,4.049463952340438544e-01
-1.761401904600007340e-01,2.413804922911966244e-01,3.431296920294351072e-01
1.338366668148136540e-01,1.144720695113201625e-01,2.947092747686355096e-01
2.774438057450145934e-01,-2.317466270688640639e-01,3.907390088949531659e-01
8.517579792599250244e-02,-1.964878437137862477e-02,-9.872762437260884649e-02
-1.181253583922579065e-01,9.513474988967829393e-02,1.823370255889655844e-02
1.569606258718531100e-01,2.685761632723729919e-01,3.728807169646679576e-01
-1.287714639292091290e-01,1.773494444599248432e-01,1.141476392590579092e-01
-7.215871794855577281e-02,5.781068775482223199e-02,-6.966469904204797281e-02
1.533280865095395518e-01,1.312576016429828352e-01,1.691612608096874082e-01
7.626050449845178658e-02,1.559864470365126543e-01,6.947319078160663075e-02
1.485502131773183132e-01,1.216874257857222252e-01,1.654504499343321111e-01
7.692050952008644416e-02,3.532117248237320872e-03,3.362462208599814595e-03
8.474173278328700487e-02,-1.336303313172380047e-01,-8.190099426840646846e-02
-1.412460665580821395e-01,2.969846277914938160e-01,-4.617697249229455458e-01
-4.328805078864550460e-02,1.217637963773431364e-01,-4.027190405683366281e-01
1.842251484853274501e-02,5.304142064812145119e-02,-7.837016058132662000e-02
8.269536619175843484e-02,-8.068265624634596289e-02,-4.720233269494100714e-02
2.175185032880851965e-01,1.859458432720030308e-01,3.302131181488944245e-01
-1.250654409168204806e-01,2.033892613261767401e-01,-3.810669516648835797e-01
-1.989744865658733541e-01,2.242612380487334356e-01,3.731658645364903659e-01
1.983959145768325882e-01,-3.942103484243598688e-01,3.952973369913157509e-01
-2.634872749164437478e-01,3.580325251124713004e-01,4.929423219760937780e-01
-2.252202907949861777e-01,1.672461842052926917e-01,3.538298957050327598e-01
-1.350936807064062606e-01,-1.296544966897152928e-01,-4.541524828167060601e-01
-1.207040953169667974e-01,-2.685349298969880172e-01,-4.079040989378961424e-01
2.025046759675949160e-01,2.074076521229878400e-01,3.808577391399741163e-01
-2.857773736961946032e-01,-2.752259812761281843e-01,3.969389061593301404e-01
1.344387875201653593e-01,1.339930052926643356e-01,2.495307835470225166e-01
-1.641279881860250311e-01,1.120846914660907911e-01,1.817366607119962341e-01
-1.133795449007203304e-01,2.416349375138088229e-01,2.417862364547460619e-01
1.767509063220384924e-01,-3.407541987260842564e-01,3.848575249043426627e-01
2.932162710070318479e-02,5.513116171776322183e-02,6.023124600376683624e-03
-2.215670893546494158e-01,-2.248407759291598529e-01,4.077986874122132566e-01
-3.217464400893659260e-01,-2.987849236947743847e-01,4.955249380875438314e-01
2.551444602665653427e-01,2.870597961585690250e-01,4.132410725506062699e-01
1.947371256485472824e-01,2.089742174280434517e-01,4.538090949882831460e-01
1.976668600847379942e-01,2.327559340573409630e-01,3.787712899468627104e-01
-1.036874947190959961e-01,2.681827173829032240e-03,-3.495359570723202136e-01
3.047706030797610044e-01,2.936383742490882298e-01,4.665279550892873495e-01
-2.804510243790836466e-02,-1.017910213104552541e-01,-2.421133816502887282e-01
1.359039082921600361e-01,1.338720727915987396e-01,7.450382261058707822e-02
-1.827486399546323081e-01,1.974147298147664875e-01,3.208408735259667965e-01
1.860896668680996902e-01,3.395725172912072987e-01,4.163329654878009656e-01
-1.805297509841151671e-01,2.154570180945574176e-01,3.781349846504034051e-01
-5.960184075727625874e-03,-8.901661343479594368e-02,-2.543089296109974917e-01
-2.100175530166736859e-02,-1.297782480734352983e-01,-1.862751297935765216e-01
2.923959487963285753e-01,-2.878684331871781410e-01,4.196219311651769868e-01
-1.024928339390338561e-01,5.496883216249237591e-02,2.155243876584852503e-01
2.929806384715796241e-01,-3.720356682586795083e-01,3.999590983966945235e-01
-1.087324337225770154e-01,-2.586287744649217180e-01,-4.824633309906760648e-01
-2.600064977955135470e-01,-2.013573805059479804e-01,4.334243892588720559e-01
2.423828167281220081e-01,-3.289006682646422597e-01,4.444388129784097030e-01
-9.479090262708633752e-02,7.256528522704197570e-02,1.887271082540190603e-01
-1.464312919634328525e-01,-2.186004889028734244e-01,3.393729474152954451e-01
-1.496970923881131288e-01,3.090199410044038864e-01,-4.002468617585694943e-01
-2.276465511976578648e-01,-1.432115078292952592e-01,3.861152858726830672e-01
7.423032488932612694e-02,8.181681425235487470e-02,3.293330655768300641e-02
-1.904715492152427858e-01,1.863941147148466815e-01,3.267618329998628335e-01
1.330172366203696832e-01,6.797889572195625618e-02,6.025980455009682935e-02
-1.056757619242658652e-01,-1.304261777883866102e-01,-4.259663284154349139e-01
-2.638920551327301744e-01,-2.593752918375586969e-01,4.675794431351610880e-01
-2.202885986920796180e-01,1.750092573996578915e-01,4.741214724048514739e-01
-1.811334994557853850e-01,3.171658370293846119e-01,-4.432630276431271943e-01
-1.650869565314661003e-01,-8.998963842902096832e-02,-4.444003138119981822e-01
-2.119581653496829254e-01,-2.445941492558514341e-01,4.242406643454053050e-01
-2.914313092871166910e-01,-3.052010845058530375e-01,3.814634692400661331e-01
-1.335697122485633992e-01,2.464877222537404933e-01,-4.263302335658158970e-01
-2.739425131507663425e-01,-3.555383093364951064e-01,4.254164999867524610e-01
-1.022404715437418288e-01,4.929981225329582717e-02,4.914297332873074353e-04
2.416961924329997791e-01,-1.940630556903679693e-01,4.662112171894173818e-01
2.524770857497160570e-01,-2.442401012236279367e-01,4.473764494632260780e-01
2.011969650395974973e-01,2.033604138676654571e-01,4.813075300737003070e-01
-2.126089623276222751e-01,-3.191086252205969087e-01,4.273404251211960769e-01
-2.177742598102553329e-01,-3.528039692674087568e-01,4.780079381419762852e-01
-1.439497523101572751e-01,1.356130122964162021e-01,-4.901958654992470965e-01
1.497941769681757629e-01,8.473127598042318187e-02,6.784880712654595136e-02
1.132297223800291519e-01,9.875431963945835445e-02,9.225108251021274519e-02
-1.915289593081525021e-01,-2.639103613205121546e-01,3.349969139033489585e-01
2.228917865034442114e-01,-3.879432957925205150e-01,4.515512171930604612e-01
2.219968599960349120e-01,1.953550447727220307e-01,2.965149159244463428e-01
-1.868866807403584129e-01,-3.095022714281736587e-01,-4.840344113683744398e-01
1.917693946783158854e-01,1.582876517443073672e-01,3.221780907274883754e-01
-3.609379413836988348e-02,-1.631163168139028175e-01,-3.538713602288202642e-01
-2.553009714298588584e-01,2.875071046757687876e-01,4.255679038438577866e-01
-2.112483805146144755e-01,3.675919260559741275e-01,4.902836907862133664e-01
-1.105390869198358272e-01,-2.018171617563289111e-01,-3.511404204830897990e-01
2.296466292042175228e-01,-3.261776939794148733e-01,4.536894923605937491e-01
-2.636872909151033451e-02,-1.650556610438680405e-01,-2.956182473744140005e-01
2.288602274552762328e-01,1.820432358465684519e-01,2.296258602901232182e-01
-2.331533672259145096e-01,1.733481564129250030e-01,2.471748367950425962e-01
-9.304634815676393611e-02,1.900831065831098954e-02,-4.861853931357145164e-01
-3.047616175834764185e-01,-2.829689217926648626e-01,4.174768383558468132e-01
-2.713736207029336933e-01,-3.249961089599818775e-01,3.865693405016062956e-01
2.342817216154834403e-01,-3.004076535040463014e-01,4.754824418822795051e-01
-2.424614472550939981e-01,3.304597671191884523e-01,3.674448154798134469e-01
1.742974062572092420e-01,-3.433334992032419652e-01,3.445441546952702216e-01
-6.649614255728464318e-02,1.952595874535451026e-01,-4.171743566745804710e-01
-1.163437936733415778e-01,1.711101292600882839e-01,-4.718729338398723883e-01
8.654882713548006645e-02,-6.733964994266261606e-03,-5.566043991168889704e-03
3.242003516355720372e-01,-3.051747118216241450e-01,4.881463411224719051e-01
-1.247796462642141169e-01,4.074233210533018124e-02,5.126188723361035926e-02
-1.083396608416995477e-01,-1.700660677393630582e-01,-4.608504218079929604e-01
2.687653556938018884e-01,-2.886065492000058352e-01,3.613830574945539054e-01
-1.537508213707442506e-01,3.265645286486698051e-01,-4.386465123302520919e-01
-1.582467001301065546e-01,1.820619657282854797e-01,1.992590326843278747e-01
-1.408191461684054069e-01,-2.680988068997480767e-01,-4.398148342254326604e-01
1.029584223975036350e-01,1.746601192182924978e-01,2.535051321400563218e-01
-7.875444964685374138e-02,1.375434222018767638e-01,-4.528519769522179050e-01
-2.914079854236584222e-01,3.751801539284207454e-01,3.868218832845043975e-01
-1.636421080039358600e-01,-2.784333936770588824e-01,-4.556176209301364688e-01
-1.834160981928985024e-01,1.528616770553536952e-01,2.640766620693453248e-01
1.555947121057112970e-01,1.158192667904769380e-01,8.623515692047800663e-02
-8.074442860263575383e-02,1.238516012242819597e-01,-3.825889145810059677e-01
-1.281431085387100266e-01,-6.783094083348306658e-02,3.636689088860978192e-02
-1.108319858376918265e-01,2.351165738855749421e-01,1.955886882032453755e-01
-1.061561824540000476e-01,1.829165984227806296e-01,1.407232162050828794e-01
-1.431516168890349938e-01,1.469180963039153909e-01,1.921434246906507104e-01
1.610035063848572756e-01,1.756400993371163288e-01,3.362972524724255896e-01
-1.655188092662651655e-01,1.578176307298070347e-01,-4.967530938207840308e-01
-1.021451341398154078e-01,-1.447839315141657979e-01,-2.958542928683886020e-01
-2.170201250683008176e-01,3.069584078086129431e-01,3.771012056984112126e-01
2.912151370046733856e-01,-3.317322380349969624e-01,4.734054834929629640e-01
-8.330989770397334571e-02,-4.815113491563816073e-02,-3.655070995483320484e-01
-2.740782436626503227e-01,3.406067066350718653e-01,4.135301597535147033e-01
1.835157044863933162e-02,-4.417588936375405062e-02,-7.295568203720814715e-02
-9.508949649281739358e-02,1.003966182103380733e-01,-4.813554720306177925e-01
2.400243856830590605e-01,-3.451465618536961877e-01,3.268202383817218060e-01
-2.080141522578498048e-01,3.142244895330594812e-01,-4.913740232312853173e-01
-7.422417687197213620e-02,-7.071945420903857915e-02,-4.313710849559979632e-01
1.148686789135365816e-01,4.478740137459780168e-02,1.538061998830986266e-01
-2.183541438962951498e-01,2.941126732305722191e-01,2.935263385652085999e-01
-2.410118337802712452e-01,-2.700653524508385139e-01,4.048026094857704038e-01
-4.388223673356561605e-02,-8.320082412215590306e-02,-1.891136374472717208e-01
-1.266600532413464375e-01,1.267558876868483120e-01,-4.119767813717878369e-01
-3.008050415044039028e-02,-7.003362027928428102e-02,-3.361546879564065726e-01
2.688162470964722273e-01,-2.541110645690750625e-01,3.536064524758202321e-01
-1.822312100306392457e-01,-1.984083256525410732e-01,3.740252369950213263e-01
3.090815791302908844e-01,2.761561600729897092e-01,4.911052382223125568e-01
2.500475444935664759e-01,-2.139745917649662488e-01,3.226856214671577350e-01
2.475558979247942659e-01,-3.682407377818853744e-01,4.482776831716549504e-01
-1.287640886688976583e-01,2.692748314753191652e-01,-3.822880190300952385e-01
6.890712141276744696e-02,1.449986511376384346e-01,1.389035335429045226e-01
-8.978283957875854426e-02,4.586933190564024265e-02,-1.330096083157117359e-02
2.053246686344522010e-01,1.545424824686841836e-01,2.606319900988663951e-01
-2.246391147897928153e-01,2.569365826591838431e-01,4.976533121105723989e-01
-2.465377166300093403e-01,-3.432060827952639892e-01,4.536367090253932144e-01
1.725165535872174027e-01,2.487978643950234936e-01,3.548049544374752839e-01
2.119646867892004405e-01,1.582902639443685144e-01,1.911712481422083165e-01
-5.441955834290013172e-02,-1.539849468292643353e-01,-2.904893584372093551e-01
1.958639902068394223e-01,2.702344784427721525e-01,3.818825162797098161e-01
1.026618787085006312e-01,3.409718905988845528e-02,1.801406894754556953e-01
-1.748749170343369963e-01,1.460724745190563612e-01,3.987399095442752950e-01
1.398182243594501273e-01,-4.348135385283302679e-02,2.216458296758438973e-02
1.920277139922689225e-01,1.223842115778439599e-01,3.972524557171381865e-01
1.838217616849279201e-01,1.798971209379591762e-01,2.367389120100670263e-01
-2.270218764580190784e-01,-1.799083627667816820e-01,4.821336691229922700e-01
-3.069633009434891147e-02,6.146492186474616926e-02,4.271283843766748856e-02
1.123096843259443478e-01,1.968873454012275426e-01,1.887902947283394139e-01
-6.837819967129421528e-02,-2.578052766167560073e-02,-3.831661166968001186e-01
7.124282939555914851e-02,-1.636894481438444515e-02,4.572336361636109014e-02
2.543495027179977219e-01,-2.459096542553574904e-01,3.409455491127407756e-01
-5.819648875743266281e-02,-1.671361463905052247e-01,-8.690718154534737838e-02
-7.403152006924851314e-02,-1.041635575450675644e-01,-6.563923483010747351e-02
-2.254507669444535400e-01,3.315515905269735830e-01,3.529154274781993728e-01
2.079415379817117771e-01,1.820322968814414022e-01,4.654729793385899983e-01
2.992462403119046099e-01,3.278687126710218003e-01,4.200056839664444430e-01
2.259197125358169966e-01,1.860610166410061606e-01,4.090614144804618491e-01
-3.119565795716423562e-01,-3.444417187268761227e-01,4.778789949229242939e-01
1.343441372585775229e-01,-1.710960360009441406e-01,3.211659160374422672e-01
-3.125811912390263902e-02,1.112513651193873798e-01,2.478664054718493492e-02
-1.522570337397892715e-01,-1.109482677734279221e-01,-3.537032508427574440e-01
-7.455975033702144650e-02,1.807527468804837056e-01,-3.915926463002522562e-01
-1.701847865706000995e-01,-3.637730036006353584e-01,3.200402015771882658e-01
-1.142164842440960282e-01,-8.077358855424721096e-02,-4.127413774185246798e-01
-1.431809613141356019e-01,-8.745102127775505885e-02,-4.429157262154782559e-01
1.613671676692385315e-02,-8.285852536268722979e-02,-2.083761431219637306e-01
-1.442228152346071157e-01,-3.996889567481165528e-02,3.695591377365070596e-02
1.188052803634990218e-01,8.924983586993739948e-02,8.021937337119866562e-03
2.858920723666960040e-01,-3.846678088942786511e-01,4.162101683547532183e-01
-1.156667598153473531e-01,2.489156326285532073e-01,-4.424562419729825002e-01
-5.062378729555283563e-02,1.076788317855181809e-02,7.571392296106083108e-02
-1.370557697913057371e-01,1.029979981984137094e-01,1.646008299535044461e-01
1.024791680864581833e-01,-1.209779298797361013e-01,-4.797501396134717933e-02
-1.010306229965005631e-01,-6.923841291449117641e-02,-4.856340137825243541e-02
-1.086393351326427892e-01,-8.890331161243714142e-03,2.897767290890118641e-02
-1.234553258456219105e-01,-2.223706316920908144e-01,-3.700234916812532582e-01
1.976105909600572863e-01,1.691116269132614258e-01,4.192446464434439468e-01
2.154772852732700361e-01,3.500759213710071815e-01,4.687658673227803607e-01
4.513577380297295605e-02,1.512994020924141036e-01,7.265932514807438292e-02
1.308052811296398499e-01,-6.295988173908551033e-02,6.472059858749468209e-02
-1.715542384950621280e-01,2.456950250012182035e-01,-4.958270811567659919e-01
7.367752003703043062e-02,8.742961506120372484e-02,1.610176738528934504e-02
-5.568824456778287413e-02,-2.678984662835737218e-02,1.817190739434593194e-02
-2.045551495042912116e-01,-1.932855940526228000e-01,3.683948379709670595e-01
-1.425332312691020009e-01,2.364674768897192525e-01,-4.541053035737518950e-01
1.312379992475287693e-02,-1.421967406996748062e-01,-1.592622043894685868e-01
-1.869858105092758738e-01,-2.588094409442832644e-01,3.325919211947785392e-01
-1.552211003683585666e-01,7.443807572149352403e-02,2.094461773871097998e-01
-2.521752084889757883e-01,-2.667883616350811282e-01,4.100139160398055260e-01
2.395450525290887533e-02,-1.266928359541503735e-01,-1.964641098386057383e-01
-9.034714696216872287e-02,2.308210547164185611e-01,-4.289938750149511204e-01
-8.971277955949752414e-02,-1.701600778818852522e-01,-2.342832615890833026e-01
-2.691739859056965223e-01,-2.346501095605244558e-01,3.836366351074196324e-01
-1.743930106643887257e-02,-6.444218399279955101e-02,4.365879951574669349e-03
1.920854699831164858e-03,-1.089717669488442509e-01,-8.005884186457146168e-02
8.815085093591712440e-02,3.204255416928336597e-02,1.572160306836147825e-01
-1.684077716654179824e-01,2.297520878414803791e-01,-3.909409632960363368e-01
-2.845898069782752948e-01,3.638121703337831025e-01,4.899689124002795104e-01
-1.115622717307961365e-01,1.769531352358325593e-01,-4.578057500949611613e-01
1.406892597212812124e-01,1.398108349418749619e-01,3.063726509204639514e-01
1.428102426113705414e-01,-3.489535254705400380e-02,3.199092666530567453e-01
1.724959151661712431e-01,1.381688314999438560e-01,1.401492909268826637e-01
1.879799437178150123e-01,2.899418050977781158e-01,3.120899452332620561e-01
-1.288055999156475506e-01,-5.881641419126248937e-02,6.661257783645047059e-02
1.291381309821006962e-01,-7.468530602393008699e-02,3.546642336976457699e-02
-2.295206638593616510e-01,-3.913091787882290173e-01,3.503557302485472702e-01
-1.794010423342446980e-01,1.045567321415539208e-01,1.343694525210255009e-01
1.451153995971981026e-01,2.128303930397046351e-01,2.552190742908573284e-01
-6.913956454793357409e-02,1.719064556648378650e-01,1.583904124694796023e-01
-5.701841754154324260e-02,-3.893110357838469593e-02,1.028341058873082359e-01
2.230964731113385113e-01,1.768403719741737934e-01,4.138104728560421108e-01
1.735797238672058818e-01,3.143427626600575620e-01,4.128777823395809454e-01
1.774432278180358979e-01,-1.710498272825222710e-01,3.533806220718480606e-01
-1.922429349186184355e-01,-1.030721516615182853e-01,-4.920446876031575600e-01
-3.137981412541486215e-01,3.151003617452949879e-01,4.885419946621343268e-01
-1.014352934486785207e-01,-1.759185434509892287e-01,-4.113633466870990629e-01
-1.997926485577520284e-01,2.369512684524970325e-01,4.362654013805665754e-01
-1.677303942496952693e-01,2.985015454457885520e-01,3.194130492319540160e-01
-2.129866457412807890e-01,-1.466611568361252393e-01,3.357833248692980721e-01
1.451683341229066393e-01,2.822168976861060274e-01,2.816049543193243077e-01
-1.566300973431916654e-01,-3.166098656911288112e-01,-3.644077324252446015e-01
-1.110158888966619184e-01,-2.013472340801635285e-01,-4.307368137193571256e-01
2.015341909143978372e-01,3.147458723641947120e-01,3.810807777582669864e-01
2.243162913272066517e-01,-3.914296202879972153e-01,4.287831277284701592e-01
1.498575734413272187e-01,8.753680817001341374e-02,3.439811538964854254e-01
-9.164251861033489988e-02,-1.777982925001879710e-01,-4.965001815316725242e-01
1.207838770275714291e-01,1.403908199314388705e-01,1.120351328248149203e-01
-1.549973961735998662e-01,2.836936746005780385e-01,-4.559569656455285669e-01
-1.046657016304616272e-01,1.680353652575877765e-01,-4.047834842290158885e-01
-6.612781661740041450e-02,-1.393859270613231338e-01,-1.124396661149453802e-01
-1.692037369285833703e-01,3.277398859180719048e-01,-4.846630443931477794e-01
-5.919939724863154673e-02,1.318062685971921333e-01,1.244178525584938022e-01
1.440995818300823128e-01,1.243536381604190000e-01,2.997992281540118320e-02
-2.793350911144939497e-01,3.429128500923487310e-01,4.310857088595669850e-01
2.496195445388064149e-01,-1.895290208246349639e-01,3.700168566569235207e-01
-1.519329412689811587e-01,1.167471734662505201e-01,3.317956526028399411e-01
-1.226634215697370855e-01,-1.052028849140531630e-01,-3.925151037812479871e-01
8.292883050749033647e-02,3.693953148707673773e-02,-4.781123646184848308e-02
1.748415973959738245e-01,-2.064430097065336200e-01,3.770518757967545875e-01
1.611202830673958974e-01,3.574192307600267959e-01,3.699898092373753444e-01
1.282176860561030640e-01,6.651519994626786669e-02,9.408169051497217161e-03
-4.727214736578044807e-02,-1.310113084124763239e-01,-2.523886466670930417e-01
1.971897162336725406e-01,2.838451469048998144e-01,3.437942809311662629e-01
1.569838249419512888e-01,1.608320102599247736e-01,1.084028335515764274e-01
-3.076512869702994202e-01,4.033932697146180857e-01,4.214307030395743059e-01
-1.026617711621325979e-01,-8.498637735993208597e-02,-2.551196689888738378e-01
2.295383671235073919e-01,-3.618362186531475233e-01,4.003012614890242293e-01
1.492764996566280367e-01,2.173533652866181942e-01,1.758028000073059705e-01
-4.042863325618750725e-02,1.397656346049703791e-01,1.053469028813910358e-01
-2.572125450934197310e-01,-2.385826667078624341e-01,3.473560344547031997e-01
2.646021771528610511e-01,3.325429639745899335e-01,3.901541166450034348e-01
1.856393416439978683e-01,-8.697827193733032036e-02,4.161958030780571471e-01
-1.728258978563170789e-01,2.647443128039923543e-01,-4.450491885289801219e-01
8.077762296294332955e-02,5.090123084097752937e-02,1.081548404633390081e-01
-3.866727231547162358e-02,-1.538282367411829554e-01,-1.917521147986349650e-01
-9.056773942571572089e-02,1.029063988909164618e-01,7.175125576549712392e-02
2.519124180873730801e-01,-2.202409839598897801e-01,4.787382363261249996e-01
-3.045407264086197330e-03,5.496326222206515677e-02,-6.900442774476600594e-02
-1.136461727066651051e-02,-3.839619864640120284e-02,-4.779225330291703155e-02
1.711237000801505426e-01,1.466790436172715761e-01,3.362500690789874680e-01
-2.074794453464274824e-01,3.049635678433582076e-01,3.336338992918744806e-01
-1.384564047424253763e-01,-2.607213197688647011e-01,-4.516700674591176412e-01
-1.332071729716901576e-01,-2.694865155799656131e-01,-4.192609176373096602e-01
2.103460725702073209e-01,2.005750510589556779e-01,4.619779173421620921e-01
-2.693738461599236578e-01,-2.817413560173547271e-01,4.057510334788825279e-01
-1.235335990832366893e-01,-2.502699842096308691e-01,-4.369142737685943745e-01
2.814771611749108393e-01,2.371649717117193523e-01,4.815355880064979832e-01
-1.177672497825725806e-01,-1.526220705987655357e-01,-4.440061546394152847e-01
3.657671628595537960e-02,-8.456274526594220742e-02,-1.394198045376813244e-01
-1.301716362617661993e-01,-2.616778244893849248e-01,-3.975524880365710612e-01
-2.811185514915253147e-01,3.296209437026351718e-01,3.521141286175679674e-01
-2.026525733253271566e-01,-3.347010000154261311e-01,4.570187690088945986e-01
2.172348018865866148e-01,1.658089427317589459e-01,3.741734146303952180e-01
1.244013765303364494e-02,7.537506001362914709e-02,-3.891735790131911621e-02
1.261262740206828825e-01,-4.445445667902048204e-02,3.208231696275598566e-03
2.662549456605830533e-01,-3.366600507082668781e-01,4.495163413420736331e-01
2.618836627514569138e-01,-3.892828633151977913e-01,4.198809124843507767e-01
-2.298095543795009021e-02,6.326557063058768637e-02,-5.517267470921483064e-02
-2.413337767104684062e-02,4.574043812635153472e-02,-3.304112387465788503e-01
2.029641747536016227e-01,3.366991552706349866e-01,3.713342847415974646e-01
-1.890973547120511356e-02,3.216448904724822366e-02,4.010194466120564627e-02
-1.148397793810421730e-01,-1.625819180547447562e-01,-3.032938354219120169e-01
-1.075126830855329674e-01,-1.896095564533238909e-01,-4.987679286123343214e-01
1.121657571396930120e-01,5.182193413630742373e-02,1.278353095625446301e-01
-1.127544230599606401e-01,1.450901706463548768e-01,-4.751858376522613003e-01
-1.732288141253837122e-01,-3.167402509737458072e-01,3.593217431842676834e-01
-8.308970867251519454e-02,7.786643206562049446e-02,2.851834092534510923e-02
1.131213970187924245e-01,2.597263337926323246e-01,2.519932484871197920e-01
-1.398830941941099359e-01,-2.521216831759887089e-02,-4.579099880486759977e-01
1.258300719176649318e-01,5.267996247118778008e-02,4.379404511962037283e-02
-6.526628436207881911e-02,1.385790789896532704e-01,8.630119762489840696e-02
-2.199707442231667587e-01,2.494268362982156040e-01,2.571348354712201800e-01
-4.666421420399879949e-02,6.678115019112951245e-02,3.226751556614826377e-02
3.564711186979196977e-02,4.622883598356164470e-02,-8.073730973605308670e-03
-2.430628892650700257e-01,3.229039686961024946e-01,3.553349064533719570e-01
-2.176513737429092155e-01,-1.949759786855647103e-01,4.592565693209557098e-01
1.391211528805820219e-01,1.092064419325667890e-01,2.023921800432025853e-01
-1.555343012635180822e-01,2.007293430374381682e-01,-4.845571351947626226e-01
-4.845312376250221487e-02,2.104902395570917850e-02,1.407241443831797056e-02
-6.502548945892439036e-02,-1.658334905636665857e-01,-1.768054596537640411e-01
-3.214088986450358565e-02,-7.338028891550729682e-02,-1.805533414092906908e-01
-1.414822089243903402e-01,1.125503373173732946e-01,1.916560597020455781e-01
-2.967712117391988480e-01,-3.462609347722379605e-01,4.162209653818147448e-01
-2.976538984734111715e-01,3.370444958344512854e-01,4.076725923587514178e-01
-2.018640108556677415e-01,-2.360324563946307741e-01,3.466176264908470417e-01
1.687375767724076381e-01,1.812804754094987647e-01,3.274198243222308236e-01
2.001852162186225081e-01,-2.446082806083524908e-01,4.476949685739286533e-01
-1.536713514297035621e-01,-1.202959370079001999e-01,-4.487208066096730619e-01
-1.889622016433225582e-01,2.283570052886313428e-01,2.715568971057347181e-01
-7.900135579980727130e-02,-3.939332619386104462e-02,-5.686367581671658566e-02
-1.652321359956211433e-01,-2.586317830152549124e-01,-4.194859123379550692e-01
-5.043641375667684557e-02,2.087294080454389356e-01,-3.482860462020425096e-01
-1.904926632518842977e-01,-3.474361413266828791e-01,-4.728742613490397595e-01
2.048436213167045272e-01,3.200295293647267281e-01,4.043197750172095040e-01
-4.610762386198119511e-02,4.001847642163969265e-02,9.026846949683253740e-02
9.876209442684535933e-02,8.171171067410998301e-02,9.020142515331608379e-02
-4.972797124616057385e-02,6.391949171573352295e-02,-6.453393911641325253e-02
1.706290095171533183e-01,1.993713322988046599e-01,2.291365726453878926e-01
-1.551408590857592529e-01,2.203439198450873882e-01,-4.379752818061134478e-01
2.606342719136064412e-01,2.959684630058135868e-01,4.604881091673518334e-01
7.604592847582170023e-02,-9.651632325888725994e-03,2.990763360175452412e-02
-1.313752365599781813e-01,-1.815308045118110281e-01,-3.875469860307596548e-01
-1.457393488999464415e-01,2.748138756105653613e-01,-4.893488447578488998e-01
-1.171015645522733850e-01,5.468313537137992064e-02,-3.631629639974055523e-01
6.498547586859426684e-02,1.297061909152879000e-01,1.060700851668657796e-01
-9.482148014130287184e-02,-2.608738634296642322e-01,-2.241554652117170310e-01
-2.558766540747787754e-01,3.239487004103414058e-01,4.042919411231875593e-01
1.852839054411121733e-01,3.591785167249983424e-01,3.737720649236956350e-01
-2.226755464296340525e-01,-2.096191999328798072e-01,4.449419399573762979e-01
-7.117463043558069913e-02,-2.331334644404207124e-01,-3.509942809985346912e-01
-1.605203851115354352e-01,-8.369055522590984619e-02,3.493639474258302124e-01
7.732060759817482865e-02,1.252464070859460321e-02,1.214846488417342663e-02
-1.827652615570768413e-01,2.660558030741061453e-01,3.518416877408749865e-01
2.087618023978401460e-01,-1.713502395415595903e-01,4.137560455498197065e-01
-1.376936862775953729e-01,1.337950653281979596e-01,1.943777243896398499e-01
-2.853861480994412947e-02,3.730680002683617325e-03,7.371010600336735941e-02
-1.759319743091812827e-01,1.002212013665386703e-01,1.987952430524807523e-01
4.315379826937515428e-02,1.694687795304128386e-02,8.365073637476272417e-02
-1.379475051607416125e-01,1.873945468747295617e-01,3.278356023497681626e-01
-9.026412957669482928e-03,-1.286855583661800084e-01,-2.087480930711831384e-01
-1.548212144414532476e-01,1.133633307480477193e-01,3.066115256647610199e-01
-2.057261502751830395e-01,2.701491149440610195e-01,4.526970862772832227e-01
-1.323588964410860047e-01,1.715083753901944785e-01,-3.344032086117715297e-01
3.331523313055448909e-01,3.337481040106246022e-01,4.953551668980427092e-01
-3.386282837957153014e-01,3.565932390296493448e-01,4.848358737688382991e-01
-6.073808605358654855e-02,-3.929282224759211850e-02,-3.856993658986089812e-01
8.509662359906200457e-02,1.418807877733230249e-02,-1.450567979940875496e-02
-3.133735176450958004e-02,-8.518675559028676680e-02,-6.546299960833856790e-02
-2.023706178273365630e-02,-3.660312103567220365e-02,-3.620077414512257175e-02
8.902059136172812970e-02,1.310757166514219252e-01,2.233574032167716661e-01
8.785545123307547666e-02,-4.288055674282842400e-02,2.289256589273713782e-02
-1.280669390976623134e-01,2.598083875429610945e-01,2.726278602461231770e-01
-8.866311888975841882e-02,-4.139519474986608216e-02,-3.187297676947459246e-01
-2.868072733422082354e-01,-3.371415176966406912e-01,3.925251612590593409e-01
-1.199205135719199067e-01,2.860053001259758032e-01,-4.143236876308612482e-01
-2.661592831296727413e-01,-2.467478473922011251e-01,4.727836441805990386e-01
-2.021125417346828490e-01,2.206844143443927875e-01,3.909353919802153188e-01
-2.734210181393786909e-01,3.893940019646167094e-01,4.003394543625005131e-01
2.415552879191005253e-01,-1.956449988605989398e-01,3.594091985642576814e-01
1.759195738044500024e-01,1.085471020592450042e-01,2.002488423980561816e-01
2.593163601226783355e-01,-2.389731452614537455e-01,4.035594920257751239e-01
-1.463395935019319305e-01,2.518691188214751131e-01,-4.189791340307311707e-01
-1.545196289270365231e-01,-3.460381966829395584e-01,3.211385507762617442e-01
2.824795476477899303e-01,2.945037881521490597e-01,4.938239801287194197e-01
-2.060455752832559551e-01,3.840841743435385869e-01,4.198076681242024488e-01
9.512125082261047027e-02,-1.172711670936081862e-01,-3.901354541455026581e-02
1.739600954072346717e-01,1.519082534996125666e-01,1.455484221745729778e-01
-7.461089896357331330e-02,5.549057932618162159e-02,-3.780358582768890141e-01
2.627570042083815505e-02,-1.645498801704659009e-02,-1.547215253414302438e-01
-5.680806327096665775e-02,-3.684338671042786117e-03,1.017826746551805384e-01
6.080842589383017582e-02,8.989367398483627536e-02,5.371988424214102498e-02
-7.562615880674061764e-02,-1.702878242397669606e-01,-4.028496731169205480e-01
-2.480767577695361936e-01,-2.164532455579626369e-01,4.341416047461090777e-01
-1.354104155662617659e-01,-1.876692652933444894e-01,-4.016515364086510331e-01
-2.195219523889901936e-01,-2.308310144445420153e-01,3.731178662355165709e-01
2.260481345250834329e-01,-2.973261673915182923e-01,3.781576970243613056e-01
-8.308976156543768088e-02,7.440228929700409832e-02,-7.882627054641710984e-03
-1.077731812799760380e-01,-9.184884361193390578e-02,-2.112509418732955169e-02
-1.789799281849416834e-01,-1.904638101115482263e-01,-4.421433328144105390e-01
-7.573040847767853467e-02,-1.672634061556754759e-02,-6.366518352443728546e-02
-3.741425017671973219e-02,-1.748817510004789799e-01,-3.581892217109510224e-01
7.706330022603880003e-02,6.801878341490930069e-02,-1.068721103323211352e-02
1.057186125882630945e-01,-1.690557279997506601e-02,-4.522948191172693200e-02
2.322997066355616536e-01,-2.489117807747357469e-01,4.027418958983766117e-01
2.275986438284280933e-01,-2.812356408638059246e-01,3.320818551028464904e-01
-2.480387623264090902e-02,5.860285946655929834e-02,-1.597560225495031627e-02
7.681430535100630674e-02,4.528612246736873903e-02,9.738138958978082016e-02
-9.395185113702331225e-02,6.303722707529146874e-02,-3.572769067006155153e-01
1.641388791953014570e-01,-3.180224771231652259e-01,3.289020262503496994e-01
-1.021409980637756343e-01,-1.696340337777559881e-01,-4.410535794344174754e-01
-1.165259522786883384e-01,1.527480582675823095e-01,-3.162850031305797227e-01
1.522292045065511967e-01,2.802064234118950559e-01,3.574610827766279142e-01
1.622782059642047248e-01,3.153973780865629850e-01,3.054075686689111668e-01
-1.343945824889904994e-01,2.536939653435862363e-01,3.271333274974683736e-01
3.025478125273428631e-02,5.464002367034082042e-02,-8.815226788492891430e-03
-1.105362731196428694e-01,1.207311293643891226e-01,1.651207938094186867e-01
-1.244473879494423230e-01,2.592671579680029259e-01,-4.716343895787524776e-01
-5.667199102989006754e-02,1.871996414960354072e-01,1.132644353476497390e-01
-3.417074432464084488e-02,-4.043679574243119745e-02,-3.512890083750160874e-01
2.738728152897690338e-01,-3.544512492816528360e-01,4.459817735463176280e-01
-1.669384741178954190e-01,-1.364954970236588183e-01,4.016017089537856632e-01
7.847993664535612979e-02,1.794233802495037722e-02,1.827740159077390070e-01
-4.551107736689896655e-02,1.482853991040722352e-02,-3.956098409592410103e-01
-1.189152006759499614e-01,7.692526441921998526e-02,-4.812620574068515733e-01
-1.061957303530156604e-01,-1.611735866479659940e-01,-4.468348528042788148e-01
2.462827656731229053e-01,2.252698767125168589e-01,3.457943499320585978e-01
-2.855818962658412952e-01,3.327990300443396388e-01,3.979687725608853643e-01
1.301923914930237514e-01,1.263195915833019711e-01,5.540231481682222903e-02
-1.525444859261545494e-01,-2.530913984218055024e-01,-4.431988555434573929e-01
-9.266806466719512692e-03,3.106513744299110868e-02,-3.547455888103423494e-02
2.455877064016660505e-01,-2.841659501302973290e-01,3.168496510790297371e-01
-2.883760086699276304e-01,-3.512832769898472929e-01,4.345024953383445077e-01
1.747046171557665728e-01,2.818102796129734466e-01,2.905975727397619446e-01
-2.787602555139448990e-01,-2.224248793080185749e-01,3.732972198687876109e-01
-9.512162709211124945e-02,-1.524110402944751641e-01,-4.340670652664800899e-01
-9.489390807243225368e-02,-2.110035888360038969e-01,-3.894155520978991314e-01
-2.120143512137161457e-01,4.141390344479322083e-01,4.922698279434435387e-01
-2.764114824564971595e-01,3.078520831929791868e-01,4.310996441799780365e-01
-1.680648495939202069e-01,-3.183856969073894927e-01,-4.637378379517717031e-01
-2.049493343252959399e-01,2.235870686670827778e-01,3.703453297250262066e-01
1.867002975826870248e-02,-5.828822113691334295e-02,-1.818343716929521348e-01
-1.419897514480186196e-01,2.155524855015411578e-01,-4.555527580853580005e-01
-3.281155041579619791e-02,7.798446724777474692e-03,-3.812304937372501534e-03
1.923338284714916080e-01,-1.124132563785101846e-01,3.986810631347895706e-01
-1.668550820955126968e-01,2.160446227754220239e-01,3.392564373443526238e-01
-1.229399002877551439e-03,-4.437059966143885870e-02,-2.968622444585511388e-03
1.303160401849241534e-01,1.053318228677447843e-01,1.598673595903872258e-01
-1.625749122018347315e-01,-1.157840307233365396e-01,-4.921654876667826972e-01
-1.861776912692433283e-01,2.233148669203706138e-01,3.754618651181185207e-01
-2.443453634472967373e-01,-3.011395067931085245e-01,4.259834584279559300e-01
-1.347364873404197638e-01,4.759384482106465697e-02,1.452912767844000141e-01
2.206559082066934518e-01,3.686476523491118984e-01,4.264861658892953322e-01
-1.853982149417747749e-01,1.723162709069840925e-01,-4.773078053550328104e-01
-4.219950939315375571e-02,-9.838590699394256234e-02,-3.625794987772457123e-02
-1.570653499856293767e-01,2.001872767449799362e-01,-4.082218238757818751e-01
-8.238763182701791532e-02,-4.137323885288701764e-02,-4.852143731418502304e-01
1.657283016767807649e-01,-1.614204445393708776e-01,3.386370553856702381e-01
-1.068008353760313556e-01,-1.181355464263188493e-01,-4.796692122024139859e-01
-1.123018878972826817e-01,1.065505443151865128e-01,9.834370243201573381e-02
-1.330299186610599538e-01,-4.766665992300089805e-02,-4.097131231228092751e-01
5.794954671354934916e-03,-1.435462255472457205e-01,-2.506643081222414970e-01
-7.441207582581454982e-02,-1.943889316405064127e-01,-4.614461116519120720e-01
1.938432620520240679e-01,-1.618581279851177834e-01,3.743132596755730512e-01
-1.561985212316968630e-01,1.201339897687861979e-01,3.031648526567487512e-01
1.966912683053164690e-01,-3.838625320354642767e-01,3.939898457163624190e-01
-1.698870493734949694e-01,1.762858579440332862e-01,1.431160465911722746e-01
-1.586598730008783598e-01,-1.942105020458531062e-01,3.297453346341521208e-01
2.613741365607377132e-01,3.515903568727676287e-01,3.432591177814579009e-01
-2.219859498082485949e-01,2.887580712864364907e-01,3.094714448152432462e-01
-8.132619184658129718e-02,-1.757639755919019331e-01,-1.996983491674161337e-01
-1.080402118894737695e-01,-6.524604223382168833e-02,-3.931100657087673866e-01
-1.002143155061654411e-01,-2.326150124494251736e-01,-3.226160950279349793e-01
-2.466479775524750284e-01,2.131232931800537411e-01,3.790784971524205904e-01
-2.278395414317222478e-01,-3.393933508425042156e-01,4.277682217140026388e-01
-9.355396232286217195e-02,1.443521731168995181e-01,1.789990137194206188e-01
1.724112433778183240e-01,1.761170429229450551e-01,1.122440930567270012e-01
-2.661080220742416680e-01,3.486464899621957159e-01,3.520832037216998778e-01
2.586008114271499680e-01,-2.695111604513565906e-01,4.820331546289207125e-01
-2.891892283296618738e-01,2.892887544680002865e-01,4.795947152299913085e-01
-2.703920802783947863e-01,-3.226984514274054971e-01,3.690852051706106085e-01
1.155484561323544268e-01,1.086681738513715079e-01,8.656090073134437013e-02
-2.090463014656516183e-01,1.868810285523997416e-01,4.410235563440536577e-01
-9.023715902958118207e-02,1.193892156299043439e-01,1.479634596755574627e-01
-8.696592006367276362e-02,6.717006627130839291e-02,-3.258216867446155351e-01
-2.143816486681540123e-01,3.292298075098780696e-01,4.978875170369685410e-01
-1.845015819010057401e-01,3.290059154623380389e-01,-4.424523890685722050e-01
-4.000629088352758433e-02,1.547875132496232542e-01,-3.203120346262841034e-01
-1.154940774989782204e-01,-2.546996480374321692e-01,-3.355370939825820242e-01
1.916475118867100313e-01,1.228296591555233519e-01,4.161830664893021448e-01
-1.256867876355282077e-01,1.145417534215489308e-01,-3.784208404334079567e-01
-3.874517906375951615e-02,-9.759451845513678059e-02,9.255430188386815082e-03
-1.945834409670209597e-01,-3.673999563788606926e-01,3.875716417041616957e-01
-1.580323369023122204e-01,-9.357728583460112048e-02,-4.700466035314331270e-01
-1.620856761348465902e-01,1.809555655461390078e-01,2.643653444322882073e-01
-3.119898419172828508e-01,-2.690758683760703374e-01,4.778537953390942228e-01
1.922594101350822982e-01,1.177558260252554723e-01,3.770271212092839441e-01
-6.322182102777340607e-02,-1.680718766004917208e-01,-3.125922169859315369e-01
2.577910174623364581e-01,-3.973716071011667017e-01,4.524346183440218772e-01
-2.939389950467296009e-01,2.831679049236209833e-01,4.696848520758702961e-01
-1.916628075191063596e-01,-1.768862423539877549e-01,-4.908469591249905450e-01
-2.141543132956242879e-01,2.248057396220043413e-01,4.946475806683482412e-01
-1.220653370795579118e-01,-1.256680865143023906e-01,-3.122522372920512046e-01
-2.659950033553384330e-01,-2.857392538445935326e-01,4.796681065298729063e-01
-1.821043371550312706e-02,1.523656603628886774e-02,-3.344580143806589190e-01
2.922286286388477983e-01,-3.030011769207664463e-01,4.268655832988403898e-01
-1.379963376649601114e-01,9.733701527699811784e-02,5.923378205054075085e-02
-9.942920227557505708e-02,3.829284817428468823e-02,-3.963543972590274356e-01
1.688505002175103575e-01,3.429855385501238141e-01,3.551155667491626700e-01
-5.795198968231329850e-02,4.609270867057091436e-03,-1.133838747259696689e-01
4.374528647089126476e-02,-1.229983849702789289e-01,-1.142167007637000520e-01
2.095181233513261354e-01,2.236006573276382303e-01,3.725968301420361506e-01
2.725349897968153412e-01,-2.117899315485491929e-01,3.430364113645114621e-01
-8.799706193894352158e-02,-1.387292367949877203e-03,-4.705046030542113789e-01
-2.659619162173939566e-01,2.816508791118118582e-01,4.065329470187732941e-01
-1.475646826966163783e-01,-6.705946174852916997e-02,4.425743530156922567e-02
-2.035034811685733080e-01,4.001698951292117501e-01,4.294292048713046483e-01
2.682985754662116085e-01,2.756194026569075417e-01,3.908412131285590174e-01
-1.619130817977840753e-01,-2.476056564089689216e-01,-4.686255183430774185e-01
-8.075603277339349351e-02,1.114727939443536098e-01,1.684328290039195375e-01
-3.008320968047595301e-02,6.488482579580168164e-02,-6.885613804010537464e-03
-1.604917769768868796e-01,1.735666755668403560e-01,-4.664202004208525265e-01
1.187127629941056028e-01,2.187296448272048055e-01,1.885983366007338846e-01
-1.688433255749702822e-01,-3.003096306647878855e-01,-4.576495297286339303e-01
-7.727456997418402640e-02,-2.320168046364592396e-01,-3.526490613970987287e-01
-2.604283936828900581e-01,3.227518096707056028e-01,4.793703429153242102e-01
2.040157610060024940e-01,2.665023425903789711e-01,4.449255486575538487e-01
2.103326191836332182e-01,-1.847212519445986523e-01,4.014978733847720527e-01
-1.899954214634865801e-01,2.402775649128329194e-01,2.115980875146655782e-01
2.107684850116440245e-01,-1.854401164843445526e-01,3.507484461606771298e-01
-2.495902029965786362e-01,4.055802481888979294e-01,4.865538225565918529e-01
-1.165050130994731425e-01,1.035106072596169158e-01,2.619805222043898318e-01
1.840266280127192955e-01,-3.570036433243648499e-01,4.352099267389832882e-01
-2.722511118978724332e-01,3.645606713315125980e-01,4.483651903473796496e-01
2.787264960136623948e-01,-2.206110487534190812e-01,4.175617382902389041e-01
-1.088749528146804035e-02,3.004122107044193690e-02,3.044777506363238739e-02
-1.389544806940008481e-01,1.514742371247629338e-01,-3.575503769243858487e-01
2.927421456110743669e-01,-2.637382078595139623e-01,4.918886640509145813e-01
-1.644237073940829630e-01,-1.986257652470312385e-01,3.923568505481730417e-01
-8.747521007629044387e-02,2.040216870305375796e-01,-4.162443692564516962e-01
-1.199707323500602829e-01,-2.671238215364354351e-01,-2.884590840754304164e-01
-1.035602645816555700e-01,1.823796706283727920e-01,-4.817582038501498909e-01
1.847845311316631545e-01,2.675578009362941101e-01,3.818014008121094482e-01
-1.878779026273278419e-01,-1.500353409163130980e-01,3.814938812170730609e-01
-7.337940663199504776e-02,9.004827742278065372e-03,-1.059940224129842790e-01
1.936431265408700142e-01,3.664012372274636498e-01,4.007584199325151531e-01
1.977955430457186692e-01,-2.517005589342017347e-01,3.567990599027517362e-01
-2.221921408184844848e-01,-1.448198387182270119e-01,3.522759291076069665e-01
-1.007407605013191931e-01,-2.365722967526345810e-01,-4.150770640172596337e-01
2.517939172529898295e-01,-3.285097110663988129e-01,4.813642181914595808e-01
1.929946310347752103e-01,2.668769154519228248e-01,3.578609712868581205e-01
-1.092137684275199527e-01,-2.005070061822222804e-02,-3.861490218725525114e-01
-1.542632886050613328e-01,3.101612394114666715e-01,3.031024947020735105e-01
2.523598705766858519e-01,3.537082843655671160e-01,3.715126400391998152e-01
-2.931223687690198698e-02,-2.020206877995822659e-02,-1.634506910639488275e-03
-9.476501774935552902e-02,-6.125365145166938863e-02,-4.664917701729172084e-01
-1.353240670077189289e-01,3.446058795071209602e-01,-3.542726945019427642e-01
5.996575407170812166e-02,-1.996802037102074490e-02,1.098642763872627048e-01
2.415278585866246219e-01,-3.896764567893221676e-01,3.472708124502067450e-01
-3.449083841170796916e-02,-3.074548586071701450e-02,-3.553248825045208781e-01
8.655502219771959993e-02,-9.070545907611227143e-02,-8.165429699654147555e-02
1.317906503679779906e-01,1.201612727438990946e-01,2.163557989238934498e-01
-8.053746317117382869e-02,-2.430018351876286342e-01,-2.462952056677526480e-01
-1.390898600885593916e-01,9.030350161450084734e-02,1.589809583821366612e-01
-1.186062132223318910e-01,7.995128519047955962e-02,-3.162954621847371417e-01
-1.617110599346742728e-01,-2.120577620444037414e-01,-4.133125463647550069e-01
2.232696776296251295e-01,3.911270174196355143e-01,4.719043797654173256e-01
2.186492008643701190e-01,-3.813365250521920657e-01,3.529726956339900301e-01
7.217816411055788528e-02,9.628900467177425870e-02,4.110845355887571273e-02
-4.375283231699145237e-02,-7.245851172606421198e-02,-1.486124691966750344e-02
2.159948642689155651e-01,2.114664368833747421e-01,4.024019545663718445e-01
-5.320379587382451092e-02,2.367592629614401201e-02,9.002932533337015819e-02
2.305605254432575579e-01,-1.480180237395031240e-01,4.312322113856354999e-01
-9.617327564873701107e-02,-1.263279867700334291e-01,-4.799348750892473703e-01
-9.808812134522382209e-02,1.129608040063967422e-01,1.635661654710183210e-01
-3.646609071680873004e-02,-1.615291570989092484e-01,-1.863967159647030858e-01
4.741989109116606649e-03,-4.731257980938652352e-03,-1.099300270945703373e-01
9.298240845315519643e-02,-9.076497846051401197e-02,-2.359302994485545923e-02
-1.239188625625725626e-01,-1.309206924020711593e-02,-4.050932228173887983e-01
-1.578428912371112602e-01,-5.482258868009537434e-02,6.828492998507418310e-02
-6.201295732350720069e-02,-1.779377292000908772e-01,-3.364914399944491930e-01
1.023201402434724683e-01,-7.469374440328258036e-02,-7.180688981986982355e-03
-1.344844664744548890e-01,2.168297358877487868e-01,2.547195492919316351e-01
2.216679368497446179e-01,-1.731807208507329943e-01,4.794395372618383000e-01
1.722826924144797989e-01,-2.313791655156360871e-01,3.330048636857806388e-01
1.269982344772659921e-01,-5.739388110202825466e-02,2.429270101125047265e-02
3.182615169467398752e-01,-3.761525724066779874e-01,4.496617373801493622e-01
2.098288698484079839e-01,2.281341379983266027e-01,3.575315733071855462e-01
3.120828802558461845e-02,6.820828956991498160e-02,-2.455158785557187695e-02
6.806431134402701755e-02,1.540395662925817533e-01,1.060026571089354164e-01
-7.008937945737758746e-03,3.576629479458171001e-02,-9.716546871749909275e-02
-7.569637928782557701e-02,1.719230586417460627e-01,-4.519168010240902644e-01
-1.517978061545189883e-01,-2.849432505047027053e-01,-3.871742454676874168e-01
-1.212505705341778706e-01,3.712412376111418055e-02,-4.193467003267068449e-01
1.052305994417908064e-01,8.751139300529930942e-02,1.800361812381059412e-01
-1.267542403034164211e-01,2.838434969766283622e-01,2.875269236091996250e-01
8.631989207485235571e-02,-1.248990358012519453e-01,-9.513187409134615802e-02
-1.099235040105677186e-01,8.371694640519244945e-02,-4.856698162415070685e-01
8.790773082408764871e-02,-1.670270959479214223e-02,-8.766368825367432116e-02
1.672496486098681290e-01,-1.059298274689109975e-01,3.318516725436984061e-01
-1.615743921205362588e-01,1.587153232806070013e-01,-4.954093342279216605e-01
-2.158128103187226809e-01,2.220191979411908489e-01,3.261584289577479367e-01
-9.663248058406159746e-02,-2.606660575427864890e-01,-4.666512881412607783e-01
-4.087243449135924411e-02,3.908424214424266463e-02,-3.778066983234374954e-01
-1.186503471679386523e-01,2.266199562299031633e-01,-4.489125140739147479e-01
2.915092886517524073e-01,3.973792532644688791e-01,4.616208779921235905e-01
-6.439105309754011852e-02,-6.734929055133953568e-02,-5.213162467578702497e-02
4.703271263882580211e-02,-1.456857415024670477e-01,-6.892478410768265729e-02
-1.245642050066321227e-01,1.574659413453096679e-01,1.615798994668230515e-01
-1.112949160725396069e-01,-4.459660779591501090e-02,5.560930617103421181e-02
-1.718291410198575786e-01,-2.349554001012079674e-01,3.665918852559980623e-01
-5.940728641449211089e-02,-7.507915237032170008e-02,-8.881737067735218094e-02
-3.371761961202945912e-02,-2.395277350995050902e-02,-1.280104786007242312e-01
-1.688030087301187754e-01,-7.489949614432600544e-02,-4.089125594481424208e-01
-8.089262340372049831e-02,-8.438491437801287631e-02,-3.464815914869945335e-02
-1.515949181554947511e-01,1.355478097727452758e-01,3.409705023455492645e-01
-1.913370196202768270e-02,-4.300794650203487723e-02,-1.965806753999383982e-01
1.587159685380817864e-01,-1.367874141517620989e-01,3.185325885515811750e-01
8.833755675518661921e-02,5.438000815577737068e-02,8.113056817608055304e-02
-2.184731219470507080e-01,2.832485565460930443e-01,3.237209830915557252e-01
-2.917469205154277212e-02,1.818871581306034102e-01,-3.557528459118980413e-01
2.408818918003555742e-01,4.161313771895678304e-01,4.779968340538605087e-01
2.135241959943912082e-01,2.694230745688830364e-01,4.103455556464553622e-01
-1.998592183205939454e-01,2.411801074754081897e-01,4.375675335389075382e-01
-2.027709064379236148e-01,3.750232292199376927e-01,4.379582093687071076e-01
5.011887740086928833e-02,-3.952877120082065598e-02,-3.100242827423871361e-02
1.850104165353968488e-01,2.077159408211430858e-01,3.048254839055841714e-01
-5.214607845442364997e-02,-8.167500865060806081e-02,-3.446259260656757695e-01
2.209249091647830232e-01,2.195609110926673990e-01,3.163108900334645757e-01
1.175407410158733068e-01,-8.129039252515091185e-02,-2.173252124402924590e-02
-1.985705979548535449e-01,2.678367738636666662e-01,3.685066917358927885e-01
3.002323544103741026e-01,3.469044373952853144e-01,4.427595773021940628e-01
-1.206204022453246649e-01,-2.867336137857192657e-01,-4.395934758695303479e-01
8.095156097957612040e-02,1.553038255059392414e-01,1.542023410396741179e-01
1.030414778302906065e-01,6.539776992612111872e-02,-5.481942952974327987e-03
-8.279542165130571174e-02,-2.043551239086788263e-01,-2.928564245200047100e-01
1.476424178793451780e-01,5.234904910124393851e-02,3.502538956599526854e-01
1.757524511197372519e-03,-7.705620823532965957e-02,-1.929559363118323878e-01
-1.702680160982116275e-01,-2.827168299367177617e-01,3.358356974135333628e-01
2.164667982364475440e-01,1.958436217681497338e-01,4.417683480631554582e-01
-2.256887677111045765e-01,-2.080192740383239869e-01,3.981166989210538354e-01
-2.069189765461638686e-01,2.092791185497624440e-01,4.908909170842268299e-01
-2.188440252990674351e-01,-2.376003195787066424e-01,3.789736597356139214e-01
-1.123440254018301943e-01,1.431702861592745180e-01,2.739113038148641710e-01
-1.086936801094706695e-01,-1.370763162499091248e-01,-2.641258992746667866e-01
-1.535285505606637235e-01,2.542364434230812709e-01,-4.062620778819164835e-01
9.256343689330359670e-02,-6.964369581522777963e-02,-7.510869189961799641e-02
-1.282904244294131857e-01,2.153685554127710011e-01,-4.554392229143142679e-01
-2.977807479710665728e-01,3.014410017268148723e-01,4.259420978217750564e-01
1.649860466852011154e-01,1.473041468829296985e-01,2.428259640361202232e-01
2.752176854417497376e-01,3.055983339593068004e-01,4.776859320145950827e-01
-4.739728193682168911e-02,2.661093163693672992e-02,-6.612080504027706418e-02
-4.719551667278543139e-02,-5.177348719439311964e-02,-3.527654926539252056e-01
1.126541801182096014e-01,-1.393814460279585443e-02,7.467929572493625656e-02
7.226100704182725210e-02,5.674776449878260465e-02,9.523640016190160207e-02
-9.807191777194423921e-02,-2.006352789666971947e-01,-4.239601209763885770e-01
-2.001830463703513363e-01,1.718507305567980037e-01,3.584047996091729305e-01
8.367478267500472189e-02,2.311895133031062199e-01,1.807702284457023412e-01
-1.005764615835013087e-01,2.619687496295797224e-01,-4.879298489763764790e-01
-1.606532537432679986e-01,3.316029474256166898e-01,3.434679027590741285e-01
6.393676881746768181e-02,5.490108979621877161e-03,1.024360720816965831e-01
-3.176642298703802325e-01,3.193117871434019150e-01,4.468220913431110164e-01
-1.086800616170850997e-01,-5.141275458166560952e-02,-1.068358336696917377e-02
-8.628935447081065302e-02,7.926634308593294431e-02,-1.623945320605313380e-02
-1.240116200237112443e-01,2.732329987247498204e-01,-4.288795564372051006e-01
-8.070774065073216263e-02,-1.227038582041546366e-01,-3.006319871258357201e-01
1.443482134031989217e-01,-2.567468093049274369e-01,3.267577972118174134e-01
-9.595932309834775964e-02,1.040133998564808371e-01,1.700469283920552632e-01
-9.489583427711900665e-02,-6.515616432689652626e-02,-3.737631344533718369e-01
-2.893173412431073732e-01,3.346855792459124679e-01,4.472561671911085002e-01
-3.196239361329449302e-01,-3.552218761772897304e-01,4.634506526222241796e-01
-1.696333749372814781e-01,1.278305694281688387e-01,2.844710766816088698e-01
-1.662483095317368598e-02,-1.209008343618628301e-01,-2.170341199823953016e-01
-2.259225624699959800e-01,2.028107067720649193e-01,4.103253527384045363e-01
1.163017997185228358e-01,4.137381371119797091e-02,5.057105128685446260e-02
-1.060953693222174143e-01,8.828276459441219970e-02,-3.829863812358597075e-01
1.377244302293522127e-01,-2.126793928351826679e-01,3.242051851099033710e-01
5.599641687129808254e-02,5.707265029926777977e-02,6.707158541214197633e-02
-1.412892967844675551e-01,1.405361907568783986e-01,-3.620975123435112852e-01
-2.818179332302178652e-01,-2.874762777915154111e-01,4.318360881245277838e-01
2.453659504276956005e-01,-3.287460829865149758e-01,4.837859894051786958e-01
-2.711969079220751810e-01,-2.998159711294196006e-01,4.541441197622066994e-01
1.677903644456553156e-01,2.954099899393368700e-01,3.868821149665001569e-01
-1.393577354831080362e-01,-1.194706337971813692e-01,-4.633488116237749477e-01
1.989651180554404819e-01,2.194221468604833358e-01,2.252774647852028300e-01
-1.419941951539973601e-01,7.171855543593408377e-02,1.527898539318894855e-01
-2.091910706572663869e-03,-3.581244910281777827e-03,-6.645034145753059285e-02
1.350333421442899695e-01,1.961220264368250810e-01,2.274064116628138343e-01
1.627917885049129376e-01,2.271926291531034536e-01,1.692409663113150220e-01
1.764884916400213388e-01,1.402789338708992917e-01,3.801567595589913084e-01
1.606302150275331631e-01,1.706427414978780588e-01,9.971093198624902953e-02
-1.634043593179251852e-01,1.884493150312599452e-01,1.921679373320107631e-01
-1.692789096893302370e-01,1.511107939695609526e-01,2.931912094691087045e-01
-5.773869562407740741e-02,2.789576526330284079e-02,1.322988110783399618e-01
-1.748390011867884120e-01,-1.765308246015797611e-01,3.707441699615497965e-01
-8.649177415945641378e-02,9.167945940283617201e-02,1.662642738830212297e-01
-1.695602912654158301e-01,3.608324763029180371e-01,-4.522843731004981827e-01
-1.601953719684454658e-01,3.327576108142342726e-01,-4.457494751363327845e-01
-2.016985905142074653e-01,3.714046026254307353e-01,4.158847920319818092e-01
-8.392198229170710899e-02,1.446733787014251593e-01,1.467640194739736614e-01
-4.456323418187801977e-02,-1.470096324500521634e-01,-3.440736072665993017e-01
6.455143181875255820e-02,1.402549136145663233e-01,1.420490028824767936e-01
3.152902739450635927e-02,-1.339189389349719761e-01,-1.277110248774483425e-01
-2.759011420925886471e-01,-3.304534809501924464e-01,3.424132500462162554e-01
1.497162288363723670e-01,1.854358303476900671e-01,1.783700744557670248e-01
-2.290109453994203514e-01,2.729157918654330217e-01,3.913190721390277238e-01
1.635926080293234053e-01,-1.837085648864745790e-01,3.219532985750963583e-01
2.726008620198713261e-01,-3.834539949165914896e-01,4.910835942378427577e-01
2.514244424973786085e-01,-1.885057027329894996e-01,4.880507150399124860e-01
-2.068363223529335881e-01,-2.685575808929586694e-01,3.318231329978416078e-01
-4.150260879389555679e-02,1.947807942749937293e-01,-3.607584085901444082e-01
6.539208097762927441e-02,1.768354682116546339e-01,1.457286623811983040e-01
-1.072374896054076876e-01,2.210910006131925343e-01,-4.652527533136608939e-01
-1.356379479402980426e-01,5.651769984795484980e-02,2.240553510177295538e-01
-2.786948533064514955e-02,2.345806643822623272e-02,-3.572321035791264920e-01
3.029007857823482475e-01,-3.012932467515311297e-01,4.743806657510808433e-01
-1.416311723672284417e-01,-2.462455130786947999e-01,-4.685506482992283228e-01
5.994060377886978319e-02,-9.281741242946017767e-02,-5.817089272805220368e-03
-2.785113635316852632e-01,3.369225179301315043e-01,3.987139225542595256e-01
-4.958034684845613604e-02,-7.435692415484573825e-02,-7.454939927210335604e-02
2.900825893008964762e-01,3.329485327142537310e-01,4.836588554735868906e-01
-1.154502355770656852e-01,-1.558020328729958770e-01,-4.154043389712602785e-01
-1.326116167864054285e-01,4.731219017076804256e-02,-3.496538206028213525e-01
4.127429313863151261e-02,-7.289418340953579545e-02,-6.843872797998007407e-02
1.043507615561900526e-01,2.093951388653803036e-02,3.641533123443840836e-02
5.077307599623881451e-03,-2.023362277061380166e-02,-4.086727636391596086e-02
-7.676558891080498270e-02,-2.078273118075767423e-01,-3.465962972270304476e-01
2.888408361032297478e-01,3.707541091128517818e-01,4.361551108398131760e-01
-8.475868936701269618e-02,9.759217286693500082e-02,-3.753717478000744290e-01
-1.848167782086963529e-01,-1.335440184355187743e-01,3.182936500690767279e-01
-1.830501132948122445e-01,2.624973522222188160e-01,2.642004057845925846e-01
9.032468307461871682e-02,2.363820152487727810e-02,1.433349028969098660e-01
-6.401805586445330487e-02,1.251323401012834902e-01,-4.126649746338694191e-01
1.140450782912574290e-01,1.646663221117922182e-01,1.654145535597509875e-01
-1.937142978733460419e-01,1.318385004298439078e-01,3.058951005990621086e-01
1.230491136312915623e-01,5.575477428110853229e-02,1.902954341319113007e-01
-4.623390858004050585e-02,1.269741076315233919e-02,7.998580060503401867e-02
1.988523975752393147e-01,2.556766919713397979e-01,4.550118893214254445e-01
1.119170768339673439e-01,1.142287716921919216e-01,2.029613748993979172e-01
2.210856377446949184e-01,1.893533518477191757e-01,3.035334474622162215e-01
-1.616658523041237805e-01,3.083921587595386260e-01,3.068835245336414275e-01
-2.024813391832416265e-01,2.006080089212212147e-01,1.932955206477503518e-01
-1.042158728749467134e-01,1.169134095636623627e-01,1.037374110649866843e-01
-2.455040280785746321e-01,-3.928007016355811176e-01,4.443928032932030758e-01
-1.120090412849101824e-01,-6.470609529412496563e-02,-3.617612115643978887e-01
1.728357893695298131e-01,3.002808157050809168e-01,3.262889609425939641e-01
1.313180847817396746e-03,-1.277583128027299786e-01,-2.344477552834121070e-01
4.000301841481224141e-02,-4.668928931653504311e-02,8.963101794775507614e-02
2.208813017912673038e-01,2.096061547697001259e-01,3.323368393497938555e-01
-1.330416747789842091e-01,-1.129267541521918883e-01,-3.181695108620745671e-01
7.929081590261333190e-02,1.014126405977701095e-01,5.328174695244980441e-02
1.427667059815074246e-01,9.615535385672058233e-02,1.182257231082770588e-01
2.767267147171094122e-01,3.815741465809271427e-01,4.192776145261571941e-01
1.877813561181500557e-01,2.134328673031489210e-01,3.897092051222657005e-01
2.373763831949220471e-01,3.340372100499008345e-01,3.994046418616243876e-01
2.569688504780648364e-01,-2.774576778516466558e-01,4.027561812587991952e-01
-8.141586197886785392e-02,-1.247349494577251194e-01,-2.574846841263089825e-01
1.857372545964962596e-01,2.159429545005047135e-01,2.283187046696291134e-01
-2.189536319048900337e-01,-2.544130701028768371e-01,3.745656430569908046e-01
-1.820005287818819983e-01,1.795168381505546362e-01,2.741170401305388360e-01
1.834038404546032286e-01,1.256222641583839561e-01,3.483677118051715649e-01
3.138143069939733909e-01,3.875338139977111407e-01,4.564548823543197464e-01
2.023248554792002052e-01,2.773779862436155375e-01,4.791793314211770793e-01
2.123680849378185576e-01,-1.690094024393706817e-01,3.362944552786122365e-01
-1.729104180706247940e-01,2.275548432354318473e-01,2.677835139511857143e-01
2.484231964892319455e-01,2.635213655064516658e-01,4.499137697646515832e-01
1.632008450751599726e-01,1.412544648015926496e-01,3.242773464340051870e-01
-3.097875183543870037e-01,3.175474662403130477e-01,4.950387065729179303e-01
-1.933012426905402759e-01,1.697304557315510998e-01,4.497205992189771129e-01
-6.017257677241483194e-02,2.042606554967740795e-02,-3.454892454960157844e-01
-7.703318672790582244e-02,-1.072495409497982166e-01,-2.479480412524976973e-01
3.134368191376880608e-01,-3.657992458169495587e-01,4.421243730470926225e-01
1.010395869576888872e-01,1.371072190776260191e-01,2.035302126649372045e-01
9.688519837402853607e-02,5.139944231661641716e-02,-3.080882299005827107e-03
3.031597377293989704e-01,-2.455636486173981003e-01,4.151048792498364115e-01
-1.698856751822258593e-01,3.730752209961970545e-01,-4.003054872705761325e-01
-3.983156884443384005e-02,4.039594373428323504e-02,-3.796067734822362594e-01
-1.167293008407952470e-01,-1.715483959437927863e-01,-2.964494356062251645e-01
-8.525330083555227034e-02,-2.462015070045997511e-02,-7.665496922588632689e-02
1.634698132464869058e-01,3.292241749052092770e-01,3.268300450754604292e-01
-1.477528647657164740e-01,-2.348657271544681846e-01,-4.789200958325494639e-01
3.010885787442251216e-01,-3.873420930442081911e-01,4.197155726366075257e-01
-4.969402504432407497e-02,-1.023326611756646409e-01,-1.302531821953787361e-01
1.659320891380406948e-01,-2.864877308645059628e-01,3.804474572536910015e-01
-8.290578253301406075e-02,1.067852131448097097e-01,4.425829315194118596e-02
-1.822572836207477787e-01,3.543378092382498679e-01,-4.233023259169962360e-01
-1.207071483010191404e-01,-1.616599798188663728e-01,-4.094321988953147917e-01
-1.454518608264525614e-01,1.524008110595034271e-01,2.482690531591623673e-01
2.204050868447539058e-01,-1.408320189277696421e-01,3.601125058124656775e-01
3.206498433242463975e-01,3.405595576312061556e-01,4.783809132915244344e-01
-1.637292267402108426e-01,-1.203114635691546752e-01,-4.577671734222265032e-01
-1.080646148608173096e-01,1.337141918642471561e-01,2.462404341528374729e-01
-2.190378779217535543e-01,1.862830817781901960e-01,2.155937868500177323e-01
-1.273675292490560329e-01,-2.006399443541103667e-01,-3.772311487505044525e-01
-7.738836262288961709e-02,5.941164971638623893e-02,-6.242918891605209186e-02
2.042842108694638004e-01,3.815516235806972745e-01,4.910247135336589519e-01
7.402207411685457483e-02,-6.750175662128843346e-02,-3.281465024296925659e-02
-1.764709496156882107e-01,1.547543242200094538e-01,3.036577375437155002e-01
-2.304799090981330956e-01,-2.797234326939518345e-01,4.748059438779624886e-01
2.062758290909394443e-01,3.146062450525236587e-01,4.249136930255740241e-01
-1.797270283041675354e-01,-3.588163734802740645e-01,-4.886652229538752668e-01
2.666041946132915452e-01,-2.179738824552621690e-01,3.424762611283153069e-01
-9.406598959495793277e-02,7.418817544451761226e-02,-4.652304737452676031e-01
2.225335563642971692e-02,-1.481437992624429212e-01,-1.968062003437163199e-01
-1.029915189627018668e-01,-1.441167172933777163e-01,-2.333431032892131496e-01
-2.554849022782684775e-01,-3.135849814598682395e-01,3.881113474553359310e-01
-6.095266319312153680e-02,1.612829129022743668e-01,1.517211299396181712e-01
1.831881695435291224e-01,-1.711712955334659947e-01,4.124087553706394793e-01
-8.700624072971330225e-02,-2.226393575474228115e-01,-4.091352579557996361e-01
-2.281271546534273664e-01,-2.346872327597486763e-01,3.931475239537526312e-01
2.258357726090973738e-01,-1.717875102435619805e-01,3.503547890099368844e-01
2.201753379468341931e-01,2.820174956542139677e-01,3.501696629539603478e-01
2.842016975799408485e-01,-3.983648433053159632e-01,4.888806130812155537e-01
2.596964593453539027e-01,-3.807119693822571538e-01,3.570948860692205740e-01
-6.279226692984662961e-02,4.360012567139459616e-02,-4.202513891682593261e-01
-5.448921674119799885e-02,1.704785103410461078e-01,1.360648851133435810e-01
-1.078663718615159306e-01,1.304910405249559702e-01,2.889333383374548259e-02
-1.706118516405374930e-02,-1.171504160863745536e-01,-1.860580874096258164e-01
1.281896881947591771e-01,4.945979256907440114e-02,-4.756793827955796417e-04
-1.625086233458600260e-01,1.866512417173319394e-01,-4.737822107805063077e-01
-1.152835480659112344e-01,1.583962746306993852e-01,-3.359139091027577573e-01
1.799202106860073869e-01,2.081518175658410019e-01,3.988118203027669617e-01
2.893545818089172661e-01,3.666558168574799437e-01,4.731076417860178296e-01
-7.573402971986009646e-02,2.101818152071662782e-01,-4.322449452849775886e-01
2.552559694001489410e-01,2.183615785155426092e-01,3.339058054950687637e-01
-1.347029371419506960e-01,2.595725546367981806e-01,-3.437418704440358130e-01
-1.830118070007618059e-01,1.606126168371425633e-01,4.166722295276690247e-01
-1.020210163850084895e-01,6.016271682627727380e-02,-3.736832252993416148e-02
-8.742578887761387474e-02,-2.381761488149812811e-01,-4.195303324689535485e-01
-2.340697179696920038e-01,-2.488860168197907230e-01,4.415470330485097294e-01
-1.087499600013454026e-01,2.744224558904502231e-01,-4.098833272058313160e-01
1.579503581362836639e-01,2.685653777560734756e-01,2.494925006571523385e-01
-4.807572131408455185e-02,-4.060327474083669230e-02,-1.687895591855976818e-01
-9.833979904462519794e-02,1.797483947966560525e-02,-4.982088289294472894e-03
-2.398808343855133307e-01,-3.711342788890706901e-01,4.897875700756887385e-01
-1.474991916598106245e-01,1.937825654554596877e-01,2.422106060411084449e-01
-1.984905840876434180e-01,2.766082608169818657e-01,2.567283333532777156e-01
2.418329328436653602e-01,2.714824608516389626e-01,3.592034918019166856e-01
1.698613485978253124e-01,-1.706437207610096429e-01,3.244329247787335335e-01
-1.289554973497356594e-01,1.537541251949935406e-01,-3.500278598148253151e-01
-2.282988035270527849e-02,-1.226643303692942499e-02,2.294699788439646948e-02
-2.674394116330086613e-01,3.769273132963749662e-01,4.624232311301256226e-01
-1.221689874355491590e-01,-2.760371735905206014e-01,-4.994972067982699215e-01
5.595737282023438564e-02,1.009394774097640557e-01,6.849961882418598158e-02
-2.673364538875744323e-02,-2.787024948999095031e-02,-6.996200988325984582e-03
-1.043264531214901369e-01,-1.054610577061658727e-01,-4.007114420371620245e-01
-1.051406599726362190e-01,-1.323611083754208106e-01,-3.553300971067958614e-01
-2.274513899496655167e-01,3.272105427601339489e-01,3.674282240632634755e-01
-1.191695211471099913e-01,-2.949830193229329156e-01,-3.538635826880918156e-01
-1.169010653632909236e-01,9.319606504148514325e-02,7.901538717122436051e-02
-2.094911512375385865e-01,-3.327526665420140750e-01,3.252435458298387205e-01
-2.460577521572114845e-01,-3.076737408078160652e-01,3.988881435705668999e-01
-7.445489515087988508e-02,3.288040447421358703e-02,-3.133216743830746776e-02
-2.069011304582331068e-01,-3.350014823976950051e-01,3.339063222499216721e-01
-6.465770541539461735e-02,-1.247892077092052077e-01,-2.379312405076439152e-01
2.435312577572511517e-01,2.788298113415160762e-01,3.539552876236555790e-01
-5.882199289021494693e-02,-1.194471886148436024e-01,-4.000756984304837394e-01
-3.120702887145605509e-01,3.596750898079259517e-01,4.262608974030850373e-01
-2.042576594812037794e-01,2.677339729851159200e-01,2.429264444962854208e-01
-1.030994311586427292e-01,-1.440619300083417764e-01,-2.433343377979602096e-01
2.121439074848399109e-01,3.093115351871402741e-01,4.966831231959188964e-01
-2.074867357230626430e-01,-3.681345303393684931e-01,4.821656863721693886e-01
6.779486877865403827e-02,9.111427542552907877e-02,9.416603116646393712e-02
-1.714967789708378154e-01,-7.014770876796128096e-02,3.770558103077507051e-01
-8.461968235658379189e-02,2.437738375588337503e-01,1.973882122643768611e-01
-2.918858508017514453e-01,-2.291266166518359793e-01,4.904269948110425714e-01
-2.029790220485060415e-01,-3.297948580760413639e-01,3.279893234463255869e-01
-8.865756781438338674e-02,1.481022912490017607e-01,2.053364433285400636e-01
-1.724020161295002351e-01,-2.877283804861389127e-01,-4.323769380326640821e-01
4.752817958484656380e-02,5.894657698142002911e-02,8.704597614707065834e-02
-1.246853112005117392e-01,2.310418438420374088e-01,1.718795624371936004e-01
9.955784306030723840e-03,-6.031505197811015684e-02,-1.429693398537562610e-01
-1.164203764627124160e-01,2.625273359444232346e-01,-4.861678185486552062e-01
-2.025732781162478124e-01,1.798421197938133709e-01,3.695230016100109482e-01
-4.712130474489961696e-02,7.957437153346846870e-02,-4.816721367144682908e-02
3.036579900996179138e-01,3.436179849159851640e-01,4.935310829454919723e-01
-3.660926952537923995e-02,-1.066688580271101250e-01,-3.386298952921832361e-01
-8.605565903005341077e-02,-1.799390098527603454e-01,-1.997968237266734004e-01
-5.006583146740262169e-02,2.025163206476403577e-01,-3.785972186518300475e-01
-1.435917839749156766e-01,2.813158807342409640e-01,-4.602296228110700493e-01
-5.592826554964502872e-02,-1.047853115532325630e-01,-3.579347757873687641e-01
-1.108490156301052965e-01,-2.710646961070977135e-01,-3.398705675822953909e-01
-6.454861695564595436e-02,-1.513586086111414764e-01,-3.550761991460990030e-01
-1.214020482118461919e-01,-2.057089132298729472e-01,-3.800070777966636504e-01
-1.580531366980412189e-01,2.347889609991865578e-01,3.592592965536001159e-01
-7.037395511555799565e-02,-4.886794755423129466e-02,-3.702081176709065558e-01
-2.448078139480437398e-01,-3.401012407156924766e-01,4.208873091923909238e-01
-9.158302114609329081e-02,-8.164337475746052952e-02,-5.581860545805250595e-02
-1.717793906729684350e-01,-1.265154881309136226e-01,4.090376357799303531e-01
-1.708756818904997310e-01,1.160788426544365759e-01,3.789510100644739587e-01
-1.424004132637881614e-01,1.194506303766039723e-01,-3.448967013493532408e-01
5.040445647321989409e-02,3.214594171693452296e-02,-7.780895006642407630e-02
-2.058996614399669633e-01,2.019170461277376427e-01,2.444622235594341442e-01
-1.727615345642308231e-01,3.828957549372349334e-01,-4.951899090151524740e-01
-1.262719802131371249e-01,1.053163854522750631e-01,2.326484842876088699e-01
2.451221641130927331e-01,2.666516786870303246e-01,4.576244090910258633e-01
-6.058313676322057972e-02,2.102526116514846777e-02,1.179328512983927046e-01
2.096270391998525939e-01,1.724136301173672114e-01,2.835503710748992212e-01
-1.194912755410395544e-01,7.942531104609928949e-02,1.093011555720508898e-01
-1.829857391608715744e-01,-1.426872548360821336e-01,-4.209994064511113354e-01
-7.725718448527896243e-02,9.115831544476560300e-02,1.892153552007564965e-01
-1.442396201798459288e-01,2.769757071137179949e-01,-4.537932413415091126e-01
2.107441702831243102e-01,-1.653142724579909073e-01,4.944611825783156167e-01
-2.296208846709280049e-01,2.115626811898032589e-01,4.542948968443248914e-01
-1.600638680907277012e-01,-2.479942606720343390e-01,3.759558351644201046e-01
7.000153105515583007e-02,6.597598917771285709e-02,1.218389752591908515e-02
2.160621672226118450e-01,3.275009315322937598e-01,3.926920732281435900e-01
-8.347007872815481733e-02,1.344118450732508796e-01,-3.295479948414615778e-01
-7.593328841393665041e-02,6.355054491999678756e-02,1.960185965158312005e-02
2.656318678163789304e-01,-3.722707086962251388e-01,3.549694001225243145e-01
1.364716776920190666e-01,6.216519860809277542e-02,6.843488430251931653e-02
1.199572148125144233e-01,2.451311154764267419e-01,2.750247101172186293e-01
1.553354125906195593e-01,8.065455599473081438e-02,3.323893815759472181e-01
8.401194841208337039e-02,3.468046447502881602e-02,1.760458899071736250e-01
-2.423221676817146619e-01,-2.005285965479615129e-01,3.811944963759110738e-01
-2.184630183275214632e-01,3.677331462539218387e-01,3.915456347525836378e-01
-3.510588307881279402e-02,-1.200371593290128214e-02,3.660637706276581582e-02
1.576787345314668576e-01,-2.420483269695203887e-01,3.395970032111080839e-01
1.649315221762848171e-02,-1.040132227101733253e-01,-2.114800092440201063e-01
-1.403894540049799300e-01,1.321441423776474888e-01,2.411494889916564466e-01
8.444478592105053583e-02,-3.877978674184212604e-02,-2.191640469157873916e-03
-2.249355186861211608e-01,2.673590950599733507e-01,4.098977383316104728e-01
-1.309543533202558452e-01,-8.140377064332038337e-02,3.690547959470547035e-03
3.007742981176441122e-01,3.969303337911626040e-01,4.781569774211483770e-01
-6.773744796831782100e-02,-1.173300756083800467e-01,-7.532222898821527846e-02
-1.582899587074494407e-01,1.383158397765172909e-01,-3.688212435441132753e-01
-2.679648520024235925e-01,-1.966244771402029246e-01,4.638711604953161816e-01
-2.738691534846258158e-01,-3.908827331581400388e-01,3.476783420649955936e-01
-1.196298682765575272e-01,2.803170653957900438e-01,2.928442753175850566e-01
4.535407016062209529e-02,3.890491072392987526e-02,-3.587090228191325281e-02
-2.269093778533272099e-01,3.248529164854261353e-01,3.762226655404835585e-01
2.193342109915091820e-01,2.528889390504684975e-01,3.398235360331368637e-01
-2.425760850194026430e-01,2.952304272702325205e-01,4.725045124527659235e-01
-2.492219661470984615e-02,1.315427099548784895e-01,-3.492585573871962445e-01
-1.355256523265849777e-01,-1.645498530176535690e-01,-3.949468269745612936e-01
2.013975280812639879e-01,-1.303808062422795455e-01,3.915902576544416647e-01
-6.608565203616523220e-02,-8.864474894674079231e-02,-3.819898137569810448e-01
-2.670016055537975941e-01,2.733916960193949475e-01,4.763276895545102141e-01
-1.096831628016382565e-01,-2.704288873878043509e-01,-2.540285982813642596e-01
-1.672153697065099642e-01,-3.047661095989616653e-01,-4.080667193640841184e-01
1.317467254186477366e-01,2.193180754767638518e-01,2.833736789197858208e-01
-1.262690776149321126e-01,1.503462511700257576e-01,-4.354858382963554542e-01
-2.662843580019353951e-01,-2.724928836555886580e-01,3.618986668347039526e-01
2.045274786058004501e-01,-2.648809665486532294e-01,4.389387076314930081e-01
1.653942969560656673e-01,2.454365926263449849e-01,2.049036413187316219e-01
-9.453986748988840727e-02,-2.287728440913305850e-02,-4.575838422467587430e-01
-1.252910169991420242e-01,1.742295832351041796e-01,3.048672481484148156e-01
-1.745590748868882658e-01,2.446380687836340329e-01,2.206814043397826719e-01
-1.003941912474025644e-01,1.686757981748449042e-01,1.953645275389530589e-01
1.154375889272037936e-01,4.668524039574228901e-02,1.247416026800154398e-01
1.443481798956626205e-01,9.867330600302359755e-02,1.372997346506438232e-01
1.875025397548646389e-02,-4.093813082379960111e-02,-4.299214712422483320e-02
3.843719553106117459e-02,-3.753757853369144026e-02,-2.043549607332318940e-01
1.762396130193761845e-01,-1.402677427821970024e-01,3.916403901166464196e-01
-1.618023207867642643e-01,-2.424632916673845617e-01,-4.249380650654348557e-01
-1.551573900315613708e-01,3.050034031123700640e-01,-3.568558646337705031e-01
-1.774952370331539520e-01,-1.491603881686591748e-01,-4.431061123569991489e-01
-1.655800576294633730e-01,2.267823067209808752e-01,-4.587992578352019235e-01
-3.048293963455528388e-02,-1.705724523642390134e-01,-1.549188017249147897e-01
-1.248918807426111499e-01,1.388157083403005476e-01,-3.575892977019945462e-01
1.764144461061767366e-02,4.765536132353231924e-02,2.670587850481787040e-02
-7.258109195617390430e-02,-2.075080379651119689e-01,-3.405192786395891957e-01
-9.008711850517259201e-02,-1.504439660958405423e-01,-4.017389863233951086e-01
2.345437573928114139e-01,4.207908181013361171e-01,4.840042628870777630e-01
-1.398991954766499735e-01,7.139594105898394716e-02,-3.653679245635765849e-01
9.449642136583946694e-02,1.619557273981304668e-01,1.757514761614140664e-01
-1.089881062493953667e-01,4.691446167410839863e-02,-3.339139171078880919e-01
-4.115267487311602412e-02,5.658823499415743807e-02,-3.165462364174173038e-01
2.158209922691114446e-01,1.928929800648309101e-01,3.328355956177985187e-01
-1.796512908190449620e-01,1.947674240600365536e-01,2.065838871752612160e-01
1.074090810966465970e-02,5.846760934362027484e-02,3.144073931187485460e-02
-2.232594375286757193e-01,-1.575250210383127847e-01,3.202327446139339173e-01
2.555677821428589125e-01,-3.850193645532066222e-01,3.848610208570447666e-01
-1.479304031911543582e-01,2.382779790391559294e-01,3.123969037021735451e-01
-1.686300235460427288e-01,-1.775430396746322526e-01,3.188667874394308654e-01
-1.466621473417589749e-01,7.807856151780523390e-02,1.060081161077592871e-01
-1.257047899023229220e-01,5.752391428972614129e-02,3.292863523959976835e-02
-4.929595914046758232e-02,-7.126228633367093224e-03,4.125643502388243178e-02
-4.610795625114527674e-02,3.324592707680407155e-02,-6.300312203450308957e-02
2.293901104716051798e-01,-1.979937920596342993e-01,3.296606144477040035e-01
-1.529576025221736080e-01,-6.443677815472970138e-02,-4.790122892517569841e-01
-5.659646017752273384e-02,-7.681550711219797822e-02,-3.127621177592121438e-02
-1.016646579770921210e-01,9.728393078998331944e-02,-4.698808218895338396e-01
1.158194816164913599e-01,-2.842483648240468064e-02,7.263996267772210302e-02
4.896609239338622910e-02,1.756562573993136755e-02,-9.281624598389903724e-02
-1.581410900543127607e-01,1.163039915884841458e-01,1.722774378170771614e-01
-1.873736741371132553e-01,2.627723859109221127e-01,2.521705777300075058e-01
-4.598475667721213522e-02,-5.607373788479363963e-02,-1.376382632386620175e-01
2.561677505439630131e-01,-3.805280004711341091e-01,3.480417263803430306e-01
3.059242779969496562e-01,3.705638804566503408e-01,4.641969985804222931e-01
-2.541497823022215163e-01,3.085177624324021428e-01,3.490596667228759165e-01
1.691847696105859278e-01,1.154431872973687989e-01,2.303023790080656052e-01
-7.616701628819755321e-02,-1.847002743176875406e-01,-3.586101802631003199e-01
2.927759526073239194e-01,-3.007802159800428976e-01,3.694189813242115816e-01
3.161007159616024964e-02,-4.872997456220273804e-03,-1.222355799727158354e-01
-1.123858449579430152e-01,2.766885414811071087e-04,8.246110419995433816e-02
-1.736249906484479411e-01,3.815467193256112388e-01,3.941673730661073849e-01
-6.959322612210683268e-02,3.682811407504282819e-02,8.660485309395116182e-03
-2.145303689171358386e-01,1.607467165331118997e-01,4.382780520121134504e-01
-7.347367272005067562e-02,5.006074830037154921e-02,-3.002427935239393442e-02
7.278751126211535638e-02,1.253292796344895876e-02,-4.376846630784336778e-02
2.092093996211005225e-01,1.509568501566619370e-01,4.845848484772599107e-01
-2.741196164702631721e-01,-2.410226259852623620e-01,4.228059671525108421e-01
3.910516539612951536e-02,-8.884695603582781764e-02,-1.544252264668729557e-01
-1.772291675302818392e-01,1.666928521561510390e-01,-4.264830454760760725e-01
-1.548841211491328584e-01,1.063308675639562662e-01,-4.870222915406784425e-01
-1.526252297047677731e-01,9.810751304700737752e-02,2.766013278107108952e-01
1.253190662925460774e-01,1.180581351109043498e-01,5.077979026347201330e-02
-1.701302775721684757e-01,-1.074614037490749796e-01,-4.989943921286271733e-01
1.243546780749049674e-02,-1.520802181284143240e-01,-2.404292050693819238e-01
1.764808708598087916e-01,-2.708195574169951492e-01,3.650889956201368580e-01
1.557824387933964827e-01,2.956554681362433268e-01,2.662636500514434790e-01
1.087589524526239027e-01,6.507282172841177825e-02,2.126967841549889382e-01
1.874888686200171239e-01,-2.968171479289805070e-01,3.482967152615111806e-01
-1.428755628280602430e-01,1.384230476197851889e-01,-4.357598482749507340e-01
-2.054087229002692361e-01,-3.557918443221905758e-01,4.294398810776345332e-01
-9.531237490764987719e-02,1.017905642600774874e-01,-4.314507735524116816e-01
-1.088561990575969141e-01,1.480669135125268765e-01,-4.628693263428086402e-01
4.124823093955820585e-02,1.978390099194404783e-02,-6.003169871103053445e-02
-5.905141672604641290e-02,-1.006623099840230351e-01,-3.052440687280789655e-01
5.540291382422757316e-02,1.040072660932936932e-01,7.141827331444250415e-02
2.277572406982808495e-02,-9.276094704394644008e-02,-1.096460334096734934e-01
-2.584158508043784552e-01,-2.061873671688732035e-01,4.715103260839347277e-01
1.979960617233310627e-01,2.619689611109790039e-01,3.542459425643158522e-01
-1.137411752112692520e-01,-9.182760723543847980e-03,6.508816611376211370e-02
-1.249356538836378094e-01,-3.718668119372214864e-02,-4.751679100705482606e-01
1.216328516652225300e-01,7.622146207214230973e-02,3.616135785299101624e-02
-1.019968521626420932e-01,-2.202515724758469240e-01,-3.720095837430936747e-01
-9.831431213445207540e-02,1.475332344211136570e-01,-4.903273188423971085e-01
1.519991489711641774e-01,2.341022825364389437e-01,2.610022188659769649e-01
-1.263423089417337053e-01,8.332682710366057233e-02,9.557906545941652343e-02
2.127872703589167580e-01,2.408775624465852028e-01,4.847345673551207712e-01
-1.620162343269740957e-01,2.687881096019323346e-01,-4.633875773649757113e-01
-1.346429768095593893e-01,2.815596388698541341e-01,2.845604546956878034e-01
-1.231559074615244942e-01,1.696828864977075746e-01,-3.845915667883984534e-01
-6.676599944950256660e-02,8.044435181522824330e-02,-3.653659653762618698e-01
2.865340397892043312e-01,2.457049909037023472e-01,4.716567804853287749e-01
-2.321545828858682103e-01,-1.661899777609558981e-01,3.615188133507013513e-01
-1.658487322275115083e-01,2.022036427146736148e-01,3.362563111761712742e-01
-2.779596333785731010e-01,3.357931049598983364e-01,3.977577590230794158e-01
3.026465127993190896e-01,2.796831348314985366e-01,4.764534911428963682e-01
4.437090288671652338e-02,2.777281682855947675e-02,-4.688062921618452172e-02
-1.561808637210153616e-01,2.785540892770760335e-01,2.984639610684185485e-01
-2.188848879929449209e-01,-1.838384332951761291e-01,4.683875258428936705e-01
-3.121157179218646549e-01,4.143033913388802780e-01,4.434904823455773082e-01
-2.078468618959452563e-01,1.633770411179811255e-01,4.873833390420693190e-01
-9.784228723551435802e-02,2.169829197151836864e-01,-4.239383800268702318e-01
2.152692772136473032e-01,2.180679240338794234e-01,2.830779612522648092e-01
-2.732381372725206647e-01,-3.974026685498571743e-01,4.715586314271889012e-01
-2.494983285837032438e-01,-3.875793422017329570e-01,3.901296877331514867e-01
6.530584996229249484e-02,3.468881053292882655e-02,-2.212936792173680889e-02
-1.570898307446628728e-01,9.800305713987211842e-02,2.431267519005877453e-01
1.699984693340497177e-01,-1.366600893552000207e-01,3.322136130432400414e-01
-5.387181904778326480e-02,1.697794904984029074e-02,5.663071395577312650e-02
2.012609103166463909e-01,-3.754887477188577627e-01,3.425611172047663411e-01
-1.350899212183175324e-01,1.549441050866353642e-01,1.573508329747757006e-01
-4.493525901817174706e-02,-3.595946291553409058e-02,-3.364558290392767326e-01
1.625894507380432064e-02,-7.941613120091062239e-02,-2.014792748384058862e-01
1.574158346097442873e-01,1.636609206552903650e-01,1.322319343354234622e-01
-9.583700179520771023e-02,-1.061642365686109590e-01,-2.362529833381505906e-01
-2.469893620654940447e-01,3.091440179694495693e-01,3.652424502679326723e-01
-1.679826592497040139e-01,1.273399307205891340e-01,8.666597172417034312e-02
-5.358137969887633023e-02,-1.217238226137093982e-01,-4.193334563844448581e-01
2.072205054006484026e-01,2.406872675948718010e-01,2.903713844624846718e-01
2.811119832578933275e-01,3.426311738723655242e-01,4.722132958488147736e-01
-1.858396600912837204e-01,2.960067166554570806e-01,3.172418563845984529e-01
-9.843394750381284641e-02,1.241361996919719823e-01,1.594445088988791781e-01
2.571639717185714158e-01,-2.896810306778130339e-01,4.357161398115536599e-01
-2.463426108633167688e-01,-2.966383934478038498e-01,3.447693324957393779e-01
2.599085632974654780e-01,-1.978343148781693817e-01,3.577368433209183740e-01
-1.681460458199468544e-01,-2.926739490996349558e-01,-4.340422270391475212e-01
-2.647921791544586290e-01,-2.696188554606697707e-01,4.606659037413006752e-01
2.377300928077855646e-01,3.667122691283468683e-01,4.960121163574694458e-01
1.086994817386764955e-01,-3.154492280893550493e-02,1.107199413132403665e-01
-1.684083949438986982e-01,3.577872549086427156e-01,-4.198430568019819731e-01
-1.395945812872233516e-01,-1.592161862364718239e-01,-4.729332267542569745e-01
-2.130751801265120537e-01,2.572883738638500617e-01,2.203540334552891444e-01
-1.646024412960913619e-01,-3.526963279174254451e-01,-4.532553116302884266e-01
-2.476189040647469586e-01,3.438531127876847115e-01,3.414459721876893505e-01
-1.377471838634356516e-01,-2.651255073324421119e-01,-4.749148933525404459e-01
-1.613111526509222182e-01,2.129737648026316377e-01,3.312648992432920547e-01
-2.383056345874138282e-01,-3.491791174522695940e-01,3.773351484755049778e-01
6.042099157669778009e-02,9.740493882006506787e-02,2.894836959216207095e-02
-2.132755419454880341e-01,-3.103809577130262065e-01,4.567510961075099685e-01
2.123306469082401060e-01,2.518318042841060089e-01,4.178881627739909899e-01
1.141845302951249863e-01,-2.328223509802795910e-02,4.185450651275623990e-03
1.169138108465436199e-01,6.403893959124506985e-02,7.180811011233745322e-02
2.048388474637092838e-01,1.762959271322916965e-01,4.254205613166283095e-01
-2.671516565035882973e-01,-3.668725985323534333e-01,4.923960125676359878e-01
-1.010739907475031174e-01,1.531066099204999587e-01,1.766455208951142053e-01
-1.553559998434868028e-01,1.110228346652172293e-01,6.742616317094318745e-02
-2.984108815451657071e-01,3.981017103873432106e-01,4.991587321881111317e-01
2.217290320277067739e-01,2.789849085900061310e-01,3.750398991665619963e-01
-1.103156605021955450e-01,-2.016707362611735999e-01,-2.898995719844075225e-01
-2.219629602823418590e-01,-3.599700945414245901e-01,4.970538891596043563e-01
1.905970949720674490e-01,1.967059897724157125e-01,2.491720175091426404e-01
-2.209299347761566334e-01,1.811418106946033335e-01,2.673998732314517568e-01
-1.951281435360405769e-01,3.470473778152223243e-01,4.275541818246854087e-01
-7.919142755681785051e-02,-9.729425546213732456e-02,-1.838281878439012029e-01
-2.258950819959892886e-01,1.940730332677207404e-01,3.979499166191210469e-01
-1.708191347632922463e-01,2.790277583568936404e-01,-4.267627516969697554e-01
1.577831725750310499e-01,2.085978353089719128e-01,2.823715918038677275e-01
-1.468186135053192176e-01,-1.310468710868150088e-01,-3.792956418252976247e-01
-1.192723758123832578e-01,2.871514327613163831e-01,-3.304041188745251434e-01
-7.258722466539624385e-02,-5.257254354625029436e-02,6.917395880554355614e-02
2.532682635290082196e-01,3.489875582131887199e-01,4.800953615218197523e-01
5.065727214420190361e-02,-7.676458397355279129e-02,1.617111566151352431e-02
-5.368808984585704547e-02,2.143184177856619632e-01,-4.164342181012167243e-01
-2.222788884542249432e-01,2.014104136735674899e-01,4.989928221223668414e-01
2.135927592982385104e-01,2.399895072119444528e-01,3.121495021828966099e-01
2.629553860550962741e-01,-3.680435895840417082e-01,3.968125529507881000e-01
-1.668309340891376280e-01,2.908838798807649173e-01,3.713659628965173543e-01
-1.756108159494149668e-01,1.329390321315541135e-01,1.181127460628829118e-01
-7.793894723733729712e-02,-9.427163202200161685e-03,-4.576489771782155103e-02
2.736199933522744931e-01,-2.204800986568000720e-01,4.679542705688084503e-01
-9.872525266369935881e-02,-1.511056242229632529e-01,-3.416288549528621044e-01
-2.261076024660073625e-01,2.550133358230994851e-01,2.811700168198132399e-01
-5.607906772156845410e-02,8.954817950995519471e-02,-3.840614681856906465e-01
-2.421763024854461932e-02,-1.379406915493908148e-02,-7.003643860900021778e-02
2.181589763159473838e-01,3.331265070513832471e-01,4.494782102865639839e-01
-2.466951855499495139e-01,3.692657215918816460e-01,4.204929881800524294e-01
-4.833936718203135641e-02,-1.552592512155338556e-01,-4.035436665231496578e-01
-1.790533446043092169e-01,1.539001020038800460e-01,1.757560050526162376e-01
-1.526344347499541954e-01,-5.724682394522750961e-02,3.445986817908091027e-01
-2.452597058763383853e-01,-3.314992723766677640e-01,4.885857219889502279e-01
1.397057226752860259e-01,4.693362718987448279e-02,3.290405534457163661e-01
-2.215773795498410248e-02,3.548302697171656916e-03,-7.663854714858131523e-02
-1.454888400483779209e-01,8.954147971209902579e-02,6.708364598513716359e-02
-1.443604361432322403e-01,1.926617826825993696e-01,-4.754679622948465578e-01
2.509772738270584780e-01,-2.890167223448850686e-01,4.778341069886654635e-01
-1.084933039750558548e-01,-2.201121859396160119e-01,-4.846926699843429054e-01
-3.145661371562891162e-01,-3.246892613494941626e-01,4.349581806462203826e-01
-3.398105459241107518e-02,-7.864661982839660226e-02,-1.288567548087580228e-01
-4.656367377413395126e-02,1.150724201421937654e-01,-4.031309394697026871e-01
1.330139791354396639e-01,-5.000683377610648517e-02,3.252538848075026134e-02
-1.467488927325403258e-01,8.028267730082283560e-02,9.616868901366304456e-02
-2.282119693471926780e-01,3.043868350344666185e-01,4.991178494947703381e-01
-1.511864224382185595e-01,8.225268961043241678e-02,-4.505269113351756394e-01
-2.857144706414778135e-01,2.857938483776184535e-01,4.520560947812508612e-01
8.284780977073757935e-02,-3.020955870514219210e-02,2.835748773608182116e-02
-8.699531495402945680e-02,2.697077446055651251e-02,-4.033261424593617139e-01
-2.385482924948737482e-01,-2.639230100517357958e-01,4.100812616419209355e-01
-6.830984588949118308e-02,-6.526815036450117624e-02,-1.705885304803891334e-01
-1.118920312026568942e-01,1.247675159220840158e-02,9.037011237350345283e-03
-5.240838657387114630e-02,-3.650680219646773583e-02,7.422209955714242913e-02
-6.271159325620834224e-02,-1.310002084298917957e-01,-4.238110608698639759e-01
1.985551915274825774e-01,2.475733672923327022e-01,1.885519894979990063e-01
1.476443107908785857e-01,-2.592841030830034255e-01,3.260543130835865666e-01
-1.232416452203675128e-01,3.085427564211606910e-02,9.513721828718713081e-02
8.495040002835740900e-03,-1.025254865581419761e-01,-2.334602531685647797e-02
-2.012384569090641673e-01,-2.001639792897434988e-01,-4.801502790901849282e-01
8.220136161884250559e-02,-1.081773782831881858e-01,-4.917125943770384033e-02
-6.686953186139732441e-02,-1.223236393853857074e-01,-2.430386405150525286e-01
-9.288173533644439317e-02,5.549743529398010189e-02,1.097498757326864638e-02
1.628584871193563544e-01,1.093781371463991015e-01,2.132846830397752136e-01
2.672002189739544065e-01,-1.914997534854708805e-01,4.132376942616349247e-01
-5.774975234423163073e-03,4.734628183598998952e-02,2.128029089349647851e-02
-2.434304898525186944e-01,3.425091667389535965e-01,4.491989881563670517e-01
-7.069357946173748797e-02,2.044771424316722541e-01,-3.639749478578585551e-01
-7.815948232477099022e-02,2.088277501932819247e-01,1.758010594306501639e-01
7.959827117860041046e-02,1.438705044501761288e-01,6.701900972948415802e-02
3.068530820455095398e-02,3.466026728007109980e-03,6.169914459498970771e-02
2.685957765910588213e-01,2.838983939488360919e-01,4.470031819509766580e-01
1.637616558696595170e-01,1.458992887520546011e-01,3.123854719050666029e-01
1.975194916381096677e-01,3.690527100658802517e-01,3.839304334488059522e-01
-1.524965483839498814e-01,-3.370651941554918540e-01,-4.524315549941471115e-01
-1.526658867416305077e-01,-2.019798140608652925e-01,3.463109308555625265e-01
-1.263765495558679675e-01,2.457050553993563868e-01,-3.196590939032828427e-01
1.580321261126822474e-01,1.486812019687082653e-01,1.949501907713718785e-01
-2.541151690940223196e-01,2.399832903906282677e-01,2.821032945017921678e-01
-5.923723543347136911e-02,-2.962433179434698083e-02,5.906098205450616145e-02
-1.208576674840654563e-01,1.972145578157823431e-01,-4.318073774809882970e-01
2.254741657758791984e-01,2.530455002578430035e-01,3.792712541657042857e-01
-5.873917928035110592e-02,6.682952484839854712e-02,-4.136791922686519074e-01
2.265641889626600625e-01,2.895865028237583072e-01,2.757793877704530772e-01
-1.892032399532188602e-01,2.168334180681391610e-01,2.466522784469278307e-01
-6.254561437796024581e-02,-9.272784593356342420e-03,1.187335436285896773e-02
1.861542713126596027e-01,2.171197306294226914e-01,3.414819659406098662e-01
-1.155808126612168918e-01,2.838524580901335970e-02,1.318543808178688215e-01
2.796465581137081990e-01,-2.902331189797288102e-01,4.365268141862179707e-01
6.980426640558623497e-02,-1.100611717298393133e-01,-9.950706569910272581e-02
-9.403410399961165123e-02,1.047416938854240920e-01,-3.391080200787385257e-01
2.082522711685182992e-01,-2.774578359562693830e-01,4.780885920921946752e-01
2.501921183723854192e-01,-2.102432937799104673e-01,4.859712904764633690e-01
-1.942142066441476800e-02,-1.404684512756355641e-01,-3.122447198744832120e-01
-1.520344045098629415e-01,-2.818599755986556099e-01,3.230770767845232427e-01
-1.691597108250381121e-01,2.092487086859986523e-01,3.409280042876983163e-01
-2.666504949940265989e-01,-3.917749859799480872e-01,4.994495935846432477e-01
-2.714309704279888047e-01,2.605224803896780683e-01,4.374345641617763958e-01
-9.062069689201157630e-02,9.430000427211771008e-02,-4.124990716773306865e-01
2.639833597355745187e-01,3.694175095401565079e-01,4.827212448474429429e-01
1.226707381704451594e-01,-1.898254597654980280e-02,8.774043593218683323e-02
-5.565318750160175298e-02,3.927862196007181339e-02,9.949699671644107735e-02
3.523079015110686107e-02,-1.387006696242254478e-03,5.073825022760303227e-02
2.454606758926758392e-02,-1.534739418015881318e-01,-1.011683941816168275e-01
2.140640144652791177e-01,3.045300449986462210e-01,3.052064692482271413e-01
-2.946767050090319806e-01,-3.928943814304488580e-01,4.863580360313879414e-01
5.349482312008579932e-02,-5.768149355822349555e-02,-1.719567561176804649e-02
-1.694526913165483872e-01,-8.175828067132351329e-02,-4.015921642964712657e-01
7.449867216156325078e-02,1.761830677357296704e-01,1.851484087407764267e-01
-1.291183728149755128e-01,-7.439361658169496572e-02,-4.653887206732145732e-01
-9.175572043294999425e-02,1.008091725354796075e-01,-4.426351911051674692e-01
-4.670456254485155778e-02,2.545949785796619569e-02,-3.977194620606175901e-01
4.962592064233173339e-02,2.544052110808736611e-02,-1.187006941569017648e-01
2.223845753040065709e-01,-2.752641648299585242e-01,4.734300536793284442e-01
2.749670737969008849e-01,-2.308690757797942084e-01,4.671302683725158111e-01
-1.588073881203359017e-01,1.344620975491531700e-01,3.088712455392450540e-01
-1.669578241972164978e-01,3.469446769475006409e-01,-4.594848250980462234e-01
-6.403053083184695460e-02,-1.100391492630991008e-01,-1.194058912432730546e-01
-7.269610206887444637e-02,9.270550923276421607e-02,6.397298878551005430e-02
-1.388471473786829780e-01,2.914206941606282131e-01,-3.802652890611418757e-01
-2.559471177591327029e-01,2.744776669469447539e-01,3.349022186273954427e-01
1.048193316016327037e-01,5.129510615229027071e-02,8.564532340629527063e-02
1.422973353758061332e-01,1.463962374414407019e-01,2.617723985767540507e-01
-1.671306121864982730e-01,-3.164820972820173717e-01,3.381173593728735716e-01
1.128753533763617867e-01,1.103130233561097073e-01,1.036407642560467357e-01
-4.625679882416944277e-02,-1.089945988628915341e-02,9.931789034192162191e-02
2.270662478564993148e-01,2.696400657993576200e-01,3.157733495138411728e-01
-1.087163147444810685e-01,1.238384073188761869e-01,1.856107306964862591e-01
-1.938802165099472452e-01,2.554895097808099758e-01,3.377671268999408172e-01
-2.446620810347076569e-01,3.190625404174377566e-01,3.580340133374990685e-01
-2.370841451841974035e-01,-3.698147056624285778e-01,3.343689840571657523e-01
8.074605015829949828e-02,4.796134914311933617e-02,1.887459678042241462e-01
2.005045079144083253e-01,-2.636077117256778735e-01,3.815637815907859665e-01
1.716222225578527549e-01,-2.781436801612884313e-01,3.396776198065664110e-01
2.949968911278444406e-02,-6.225973954246921682e-02,-2.817875153244064901e-02
-8.260390571564468765e-02,1.860301316267629623e-01,1.120540992459424512e-01
-9.753153228151245635e-02,-3.411576808521432636e-02,-6.223495831845582416e-02
-1.950418690574901026e-01,-1.015433430763303946e-01,4.627335577732399896e-01
-7.993654512262293732e-02,-1.418756012879053285e-01,-4.499569546786141849e-02
-7.970868842487610628e-02,-4.379811379612186251e-02,-4.124700448938984909e-01
2.802910229015105337e-01,2.752418133042556780e-01,4.246205371618483326e-01
-8.876727735157852184e-02,-2.505959934555428426e-01,-2.168882886502717655e-01
-1.687844064221275531e-01,1.311018866052552356e-01,-4.286769734301976165e-01
-1.402035179238614315e-02,6.163057602019428316e-02,1.376107552728600414e-02
-2.055422859675989367e-01,-2.908903229337258534e-01,3.272353185689036437e-01
2.473973101852182666e-01,-1.762505135247872667e-01,4.108146751009215114e-01
-1.307889310863974419e-01,-1.131613240882053395e-01,-3.353171375263561682e-01
5.062245074066662465e-02,-4.741272053977330092e-02,-7.271018110524773981e-03
1.306421568413400625e-01,1.270096297735485713e-01,1.774528704398294909e-01
1.749616793235880818e-01,-1.463159080309489601e-01,4.170203119917227363e-01
7.182963810804032789e-02,-5.410823846335732767e-02,4.631594122917193079e-02
-2.012564064168560485e-01,2.484775386541615561e-01,2.999437882469143668e-01
-2.418133723710058636e-01,-3.265540824948011123e-01,4.169766739877991402e-01
2.070757807576357745e-01,2.197573944437071214e-01,2.507044691075598353e-01
8.113441968832124651e-03,-2.545974266007844378e-02,-1.793183235411714982e-01
-4.373603528263769746e-03,-2.326434317992276402e-02,-1.927932036489488077e-02
-3.639532983440596503e-02,-1.413895201181620820e-01,-2.067934696544980744e-01
-1.391388952849406113e-01,-1.529472564383735911e-01,-3.646604255703291830e-01
2.696682859025789636e-01,-3.732524236953255192e-01,3.566015962164418296e-01
1.328035314696502933e-01,1.980258602333198059e-01,2.242995314182091304e-01
2.806567609028615129e-01,3.346980345978949334e-01,4.014277713812663961e-01
2.401651713420414058e-01,3.200728968896127125e-01,3.993334116067662753e-01
3.040984021065885612e-01,3.784877831420184746e-01,4.200888554951169862e-01
-6.809932470107893376e-02,3.227304772568373448e-02,1.111496677602571426e-01
1.657173263538563868e-01,1.125177585691842230e-01,1.848955009169165331e-01
1.216782043316432249e-01,6.196914034971479079e-02,-1.707230981625962318e-02
-1.146946227310851052e-01,-1.110712800585071935e-01,-2.958104516371200532e-01
-1.549116514894081087e-01,1.926239169125354422e-01,-4.512892286408655140e-01
2.246547518047804504e-01,-3.987515219408869216e-01,3.886553717083459647e-01
2.178672392948169945e-01,-1.641125672876184716e-01,4.262444145237669346e-01
-2.898576732378799203e-01,-2.977132006083911264e-01,4.425657610700555189e-01
2.240925873288140968e-01,-2.272347657592497239e-01,3.660585604795796311e-01
-8.301309058136296937e-02,-6.678164769028493986e-03,-3.762774658306394793e-01
-2.357382948795330169e-01,-3.949044888108683704e-01,4.803142966454064799e-01
-2.212842164435133707e-01,-1.913878227567619161e-01,4.618999117203832494e-01
-6.008524001111181789e-02,1.069378506603274603e-01,1.529298865416403030e-01
-2.296823155549327922e-01,2.374608383958544122e-01,4.477084500196251149e-01
2.934818738422877438e-01,-2.794196485318126699e-01,4.169435342478695627e-01
1.925391489756642649e-01,-3.106740934866611958e-01,4.611802513223891564e-01
-8.602222955326810361e-02,-1.606495674679253582e-01,-9.260540075198009369e-02
-1.981741902645740572e-01,3.867658875899681048e-01,4.132882280481877668e-01
-1.962117060728685303e-01,3.748663959348282892e-01,3.837767269811775961e-01
-1.672821779427352551e-01,9.754965694925099573e-02,-4.735013483227484832e-01
1.076807611656932506e-01,7.153960388869784470e-02,1.289092901189692331e-02
9.879539367056600074e-02,-1.731829664188955231e-02,3.604472265063030090e-02
-1.198618168575602549e-01,-1.621945594269189606e-01,-4.982533232739077000e-01
-6.263085772522736239e-02,8.287305797878552482e-02,5.757697862860411409e-02
1.202839095536534231e-01,8.923904813001792835e-02,1.627816033894229353e-01
-8.268117339320213421e-02,-1.789275243903312163e-01,-2.761810944602339779e-01
9.395178075672683260e-02,2.040949415082673468e-01,1.802688694752729859e-01
-8.578226364433982898e-02,1.400904653445758097e-01,1.450174286396854750e-01
-1.449740693201103658e-01,2.395435692406993056e-01,2.707233095217826957e-01
-8.932768932749046709e-02,1.284513104021337560e-01,8.306166892959976344e-02
-6.456612834162012149e-02,1.443539941778315683e-02,1.715447583065310422e-02
1.463691914762762503e-01,2.727081658453043289e-01,3.235397219779615474e-01
-5.381090341276295597e-02,-1.085335009541897877e-01,-9.496751923741764134e-02
9.049495713355937276e-02,8.948812787241289257e-02,9.383603351594960174e-02
-1.686888961667782905e-01,3.824673637375447521e-01,-4.066301987488997183e-01
-1.549741504546429116e-01,2.110062315985486991e-01,3.145247150509326017e-01
-2.100684346557186721e-01,1.703225155696225235e-01,3.954745219729959294e-01
-8.299816019662209499e-02,-1.567370174616080636e-01,-4.657801258455176452e-01
-1.513235935661905174e-02,-1.085535429907734661e-01,-2.224739185637589767e-01
1.054144822714883079e-01,1.254642525181793866e-01,1.288171956469544854e-01
-1.011722550121996189e-02,-4.667778699719937752e-02,1.370080915742477590e-02
1.259091163648851097e-02,-7.361125539895729819e-02,-1.720310319521844988e-02
1.852548641667950413e-03,-1.075761997153672489e-01,-2.231071520954601706e-01
3.265498760240940213e-01,3.428624102200898971e-01,4.804041549888863338e-01
-2.797337838960800571e-02,-1.037956246220765877e-01,-1.063648188415011742e-01
-1.351393463860767197e-01,3.215846212924134973e-01,-4.945357441718254421e-01
-1.711330595339759508e-01,1.964251444115748813e-01,1.986227514345181300e-01
2.797998355319482044e-01,2.396442504143397878e-01,3.618222980566817570e-01
6.380325053607716068e-02,8.110714944961427975e-02,1.247542000110954952e-01
-7.802074528622404692e-02,1.018987988788074839e-01,8.195156579200335578e-02
2.302285672979530462e-01,2.987437441324037879e-01,3.399770638442585202e-01
2.700408996201911771e-01,-2.875929736732103503e-01,4.255587776299013525e-01
-1.472279651093374442e-01,-2.713148891367849203e-01,3.529457522436847405e-01
2.621738321511867253e-01,2.996099897571224968e-01,4.461349298444555744e-01
2.628279237458460704e-01,-3.691359945142920207e-01,4.090692577135586205e-01
-4.378211061158210349e-02,1.646629048844852061e-01,1.013388748061339051e-01
-1.628510975288709473e-01,-1.579128295763316814e-01,-3.794511296416493984e-01
2.057076507940552856e-01,1.691681887700168252e-01,3.838227089381012203e-01
-1.472624230430673586e-01,1.298269645199490174e-01,-4.094223388693927213e-01
-2.044602974991284183e-01,2.439066378675370794e-01,4.015263573514225026e-01
-1.866406054688074523e-02,-1.322902980761575531e-01,-3.285297693036181021e-01
-5.104856389154088792e-02,5.096555819408021826e-02,-3.236573917213444451e-01
-9.813461191168937336e-02,1.906722842959510666e-01,-4.812705851223203490e-01
-1.790248266387512999e-01,-2.580661772667000031e-01,-4.540685601366365454e-01
2.708716456838725639e-01,-3.246814842913625654e-01,3.597401162826207033e-01
3.498134168915056907e-02,-1.153670532648536362e-01,-4.710709380803046464e-02
-1.637085978470684822e-01,-1.605553144963002277e-01,-4.635596692681666076e-01
-5.787615848348170999e-02,-1.772553959723393024e-01,-2.711683549980079544e-01
-2.766692467283637935e-02,-6.565354513076004928e-02,2.967935953579692310e-02
-1.513436027410941520e-03,2.004681805997499122e-02,-2.203872485420788063e-02
-3.065811347605533754e-01,3.881728946361338028e-01,4.985666744355110591e-01
2.805638256379795470e-01,2.936896772811458112e-01,4.367642621177859619e-01
-6.569609857368319261e-03,-5.490293630508646938e-02,-7.877863278285046622e-02
-1.244815329209731924e-01,1.067687401278590853e-01,-3.998974469980970392e-01
-4.306649359314962400e-02,2.017349749339141241e-01,-4.039014265776244006e-01
-2.004751357575875748e-01,-3.802032091637171929e-01,3.168152176309776413e-01
6.959900322405165873e-02,4.635919053481185603e-02,9.018993579380429892e-02
2.762106273240405585e-02,-1.447486681961854815e-01,-2.362542794334593355e-01
2.377064914095065040e-01,2.648692299209037815e-01,3.562790469987910935e-01
7.353477467442737225e-02,-1.011165173083329316e-01,-1.631167466569227731e-02
-1.735656845618678279e-01,3.372561464229981709e-01,3.607559825272657061e-01
-1.851002328765225524e-01,-3.731633612616426232e-01,3.703001993953550786e-01
8.376516128108935089e-02,2.039517303660568492e-01,1.990610743253437009e-01
2.164582864392005090e-01,1.819965732935440172e-01,2.886735982541087653e-01
8.119594624659542959e-02,1.582386577191977617e-01,1.078538068065235667e-01
2.036803133319255998e-01,-1.238509381672610044e-01,3.369777387672491242e-01
1.526670268128920149e-01,1.984596168816924466e-01,2.266213980946952811e-01
3.104703677681855956e-01,-2.956739715881748776e-01,4.147844543497306580e-01
8.803128724510667080e-02,8.140588648024693619e-02,3.549725650354496054e-03
-1.122637565173910668e-01,7.895685732799806456e-02,2.451555294926255346e-01
9.905928541283803845e-02,1.724655432438004787e-01,1.795771005063749870e-01
-5.230803610995415909e-02,6.952009997511632289e-02,7.371373250946877675e-02
2.190970533844932566e-01,-1.348621150760850318e-01,3.832650423344531321e-01
1.794566335242936406e-01,3.202451427182960719e-01,4.113391333812577155e-01
1.988489821589437545e-01,2.478216556553569649e-01,4.184743514010363930e-01
-1.532262130250279242e-01,7.199438454617279604e-02,3.400171262650824033e-01
4.904846862683098774e-02,4.931951832799497115e-02,6.208969806901376565e-02
-6.520828418484558853e-02,-1.980269371943591539e-01,-3.542790668541666577e-01
1.483456949730216357e-01,2.557705234470419864e-01,2.857671035380946467e-01
-1.390153215790651542e-01,-2.993688464285387818e-01,-4.742865460900160812e-01
-2.133757282787465126e-01,-3.773485912426597366e-01,4.487892430694397916e-01
8.417840924331088104e-02,3.452177983378967863e-02,4.109043846203785932e-02
-8.377428803143027736e-02,2.355023496944876893e-01,-3.188529506258380719e-01
-1.614864388026354680e-01,9.064036012499154804e-02,1.837740851095741590e-01
-1.958940157869881737e-01,1.332097641802317822e-01,3.918963010012128656e-01
-1.837027917029130375e-01,-3.258741162024636484e-01,-4.594636552900976945e-01
-2.581977868579409252e-01,-3.502866389572198980e-01,3.911504742325828676e-01
2.306253669700829567e-01,-3.580928365940382330e-01,3.345629697416938608e-01
-7.117285448927324065e-02,6.367764051761615196e-02,-4.077108461658888183e-01
2.327567373748604673e-01,3.235423418928339290e-01,4.216033775420576779e-01
-2.233696728487404304e-01,-3.182656673745208886e-01,4.707852422047672514e-01
-1.132653980536080240e-01,2.073356542080662113e-02,1.100312556304489098e-01
-1.908722072094013456e-01,-3.844702044495730275e-01,4.445977033581359761e-01
2.364419711859471196e-01,3.036338720946352154e-01,3.941033968813446586e-01
1.462357272446171974e-01,5.210741879022662282e-02,2.044445679786217607e-01
-1.965012070327354365e-02,1.116112583102522038e-01,-3.412409586091934566e-01
2.246797783241308855e-01,-1.712472831265964279e-01,4.911929947606911151e-01
-1.862159273723484887e-01,3.263332183926827001e-01,4.418361625281929106e-01
1.919149419270295143e-01,1.213377629778774613e-01,2.356100659269522168e-01
-4.629430706580839328e-02,-8.848193136853188534e-02,-3.899586697209538322e-01
1.330052762459075222e-01,1.291177870492636881e-01,5.157872200670909901e-02
4.938817357589708745e-02,-9.873289290043252286e-02,-1.371701673308303171e-01
2.304051822692158025e-01,-3.131632623827220741e-01,3.462443075454831876e-01
1.669184912695266254e-01,-3.449300860215598341e-01,3.212917886485903152e-01
3.110423806105150346e-01,3.217026586077421646e-01,4.919848682893310787e-01
2.355288660892936869e-01,2.375616661252534234e-01,3.811000205198250557e-01
-9.227257196508120707e-02,-1.125398467524940660e-02,-4.067157751416520250e-01
1.678973929112879127e-01,-2.471719114776235182e-01,3.635794478742180313e-01
1.851166962028500951e-01,1.091419611965985803e-01,4.181405629100390930e-01
-2.377740073051264336e-01,-2.228147130397862830e-01,4.940963594026258621e-01
-2.736592915382168867e-01,-3.793113229060564029e-01,4.231680402675692676e-01
2.113734781448097788e-01,3.136521491941883788e-01,3.860336459662920827e-01
-2.120705862413214682e-01,4.062493365376582677e-01,4.690431368072236484e-01
-1.020211964420622008e-01,9.582249303882905966e-02,1.177190141166734039e-01
-2.845823274317846874e-01,-2.825353624264018704e-01,3.788473737374113970e-01
-6.866523005863078843e-02,2.825771994977799295e-02,-6.908232480998222069e-02
2.821265793775622477e-01,3.731677779618287616e-01,4.435845299639014083e-01
-8.815593299557178408e-02,1.560330997292382893e-01,-3.723383918782600110e-01
2.228628449142711077e-01,-3.659628941626227316e-01,4.866456640510786746e-01
-6.837980825255673967e-02,-1.876198191759476108e-01,-2.982109679574516115e-01
1.063484351315405751e-01,-2.986678241791584920e-02,8.445897932450752155e-02
-1.791335723619081888e-01,2.059384592305618655e-01,-4.578097340203556298e-01
2.074067511271663333e-01,1.807763422811712317e-01,1.788434936365014272e-01
-9.115535641200189776e-02,-1.540331520255115993e-01,-3.916801835414035482e-01
-1.757527539340492106e-01,1.645380937469616001e-01,3.116526291725059128e-01
4.286871312552553714e-02,1.473051840786001598e-01,1.044349176162476800e-01
2.035573111837736260e-01,-3.108415496698941904e-01,3.908923530147985215e-01
-3.614102384699435788e-02,-5.806532663081609424e-02,4.857860619058451679e-02
1.790223478149449710e-01,-1.373039658819881215e-01,4.222751185203565960e-01
-1.594953138169770135e-01,-2.103910360135805568e-01,-4.425229343239486246e-01
-5.336935057893377188e-02,-7.130056202367296425e-02,-1.951393045748369692e-01
-6.241502795931841430e-02,-7.795670321111558554e-02,-6.356541723797026755e-02
1.101765144600842516e-01,1.661897147865150082e-01,1.360941528319989935e-01
6.965719926735536305e-02,1.254361188150315831e-01,4.178994215568110349e-02
-2.401762781164641369e-01,2.484341180779364722e-01,4.938212671955963806e-01
-8.806568034759287844e-02,-1.787862844299915599e-01,-2.213376324529983119e-01
-5.950733791274465112e-02,1.158730344512667321e-01,-3.581330869105074921e-01
-1.718599787164265535e-01,-1.381458441064999931e-01,-4.128312447303156274e-01
1.135984320993472796e-01,4.956800753610779431e-02,4.843996984464693512e-03
1.769335461445126212e-01,-1.675096103699843519e-01,3.863748298656702884e-01
2.481965359713518282e-01,-3.662686344437455777e-01,4.181778758340846114e-01
-1.988683062842390159e-01,2.221079889237386196e-01,3.167348051657173924e-01
8.511065259319594567e-02,6.617812733018901827e-02,1.431730840669530602e-01
-2.261150230507953385e-01,-1.714640618657590210e-01,3.316840907043477893e-01
1.730088962659215301e-01,-2.477704430421380222e-01,3.550362826339821254e-01
-2.092852341479303213e-01,1.646602218535507811e-01,4.161113487711166625e-01
-1.603214097515363035e-01,-8.415500379042761825e-02,-4.921034004726070332e-01
-2.760684384146222525e-01,-2.446634073201093829e-01,4.083281560726934600e-01
2.918016353219801129e-01,-3.223939198669779627e-01,4.724135844139643048e-01
-1.180116027809352541e-02,-5.663762780225833904e-02,-3.275410952206582182e-01
-1.877683278493950114e-01,-2.230804633161699302e-01,3.359498143194823427e-01
2.829679572899694850e-01,2.946220956597592755e-01,4.503263050000946288e-01
-8.780322102164583864e-02,-9.176385959870947406e-02,5.775194362300783979e-04
-3.975002227850432668e-02,-9.103926017906716073e-02,-2.619980017886395229e-01
-1.433024167732360743e-01,-2.435584241283645923e-01,-4.678614401096319320e-01
-1.546912519684736642e-01,-3.270553894695060748e-01,-4.648687514864096038e-01
-1.584482678017630208e-01,-1.019474528395503121e-01,-4.492917880157567545e-01
2.954180315546207636e-01,3.762115720828729248e-01,4.986203465866627660e-01
2.805294684830685892e-01,3.051872656054380739e-01,4.388344259191268026e-01
-2.903718019552781193e-02,-1.225691203172400989e-01,-2.747158250172981875e-01
-1.705376291903224484e-01,1.785275957367700173e-01,-4.503419480811953202e-01
2.144533563710360191e-02,1.191096950844620084e-01,1.746006654154985682e-02
6.006785539449710498e-02,-7.620205552450487474e-02,1.223943876327671099e-02
-1.790616257911153975e-01,-2.976393732902333777e-01,-4.294870668069397102e-01
3.390419143671349334e-01,3.794455532326934666e-01,4.923757300413330595e-01
-8.038077960425393798e-02,-1.623859014981759996e-01,-4.860243071381417090e-01
-1.317606907206479994e-01,2.834793848258574389e-01,-4.540643538202607798e-01
-1.057293719836660539e-01,-1.894298743171660693e-01,-2.854413540221488743e-01
-2.492827706971793011e-01,2.758999202304758258e-01,4.357754096563082324e-01
1.820825390076509231e-01,-3.130042592971126192e-01,3.899271973273156222e-01
2.356276149866683989e-01,-3.454266292689192053e-01,3.995821895808197022e-01
-1.819270162455053352e-01,3.235887334361998713e-01,-4.728902420559002451e-01
-2.335412077883679549e-01,3.067296242655770389e-01,4.538358993787817708e-01
-2.266244117636698752e-01,2.595600795412859041e-01,2.914444421122637241e-01
-3.178272347662980390e-02,-3.664660032459476913e-02,1.894833486640723486e-02
2.552407558229173867e-01,2.872957369277026052e-01,3.475558642375246032e-01
-2.456217027265727992e-01,2.533179334018083040e-01,4.166514452883502972e-01
2.385854069721888848e-01,-3.054963834113445520e-01,4.513434404193521488e-01
9.442749564977448440e-02,-1.258405168471222746e-01,-6.608125623842830976e-02
9.573976777165293939e-02,1.084089320821716163e-01,7.178585091241307392e-02
-1.147755259283471663e-01,1.806022079419201676e-01,-4.650137132532592421e-01
-1.505430088736179339e-01,-1.307666937479824432e-01,3.402514791644907222e-01
-2.289070785650679785e-01,2.678659722710642344e-01,4.250387689992015661e-01
1.596472384212569429e-01,1.693192213972383176e-01,1.855951970044925625e-01
-1.839118944836568570e-01,1.094497833133172282e-01,1.275176681392219402e-01
-1.034206278532781020e-01,2.687145272468877133e-01,-4.739791823738569443e-01
-5.081987436365476007e-02,-8.232771759105173004e-02,-2.275414902726169419e-02
-1.590917513039855624e-01,2.254146519022679485e-01,-4.909482192606882123e-01
1.122001523918720878e-01,1.747414204427576445e-01,1.919444866889266077e-01
-1.812382734712333354e-01,-2.454442468873972993e-01,3.799925734959775925e-01
-1.819551227565003870e-01,-1.361979189223170295e-01,-4.862642094224898237e-01
8.287529711157382017e-02,-1.158415738334136469e-01,-8.899772045984499780e-02
2.070528612742518204e-01,-2.295394526231610000e-01,4.866607811595472510e-01
2.322457046483975551e-01,-2.736294792527231845e-01,3.663400803922498561e-01
-7.920004915029499326e-02,2.799168556942288610e-02,-9.579813326070318880e-02
-1.305614435823405639e-01,1.518233039714830257e-01,-3.483521859681452115e-01
-2.257262188971765893e-01,2.451342534336024004e-01,2.481638011905793473e-01
-2.759410803168386161e-01,-3.073981606208650019e-01,3.538251932529196120e-01
-1.966295838808401752e-01,1.914383557532662872e-01,1.934013994653366320e-01
-1.735466820865725346e-01,-3.481958303545916733e-01,3.886964981904209582e-01
-1.013762868197154443e-01,1.453901778260670019e-01,1.360819617561452866e-01
2.266806318213844262e-01,-1.965353304537010848e-01,4.326483530961066082e-01
-2.342742094591662161e-01,-1.622308227805081549e-01,4.960708048782073165e-01
-1.724371250944490841e-01,-2.477452345122290733e-01,-4.485687937725705288e-01
-5.783263117837478262e-02,-1.904253489993398274e-01,-3.285572439895276808e-01
2.113824296690185456e-01,-2.185371375878540912e-01,4.820575755862707146e-01
-8.166233792266075486e-02,2.076349187504922256e-02,5.572144532737066669e-02
-5.161578590743431949e-02,1.861283002867426539e-01,1.219939191290769775e-01
2.713914100783472172e-01,2.440940828974582644e-01,3.534588045322406558e-01
2.082457001957641607e-01,3.209106418231875146e-01,4.083181858392566088e-01
2.113233776534437780e-01,-1.395379703053869491e-01,4.123341245417648793e-01
-1.760113587013349967e-01,2.173811959844300645e-01,3.747377271006755439e-01
-1.128655529417548209e-01,1.470623545692907319e-01,1.984464948133553008e-01
-1.608792736669943935e-01,-1.561272870764680576e-01,-3.756635139886113084e-01
-2.208000636420318630e-01,1.692728943770983596e-01,3.626135797347380674e-01
6.916189964185104344e-02,-6.968603300502096420e-02,-4.975968802667196655e-02
-1.396527969359582233e-01,-1.430085170371487857e-01,-4.053024201452453124e-01
-1.836432699817246439e-01,3.909454862641033035e-01,4.394383235536302168e-01
2.421318344337419770e-02,-1.577225019963379715e-01,-1.302683245652820343e-01
2.098671616758226444e-01,2.656039522715200052e-01,2.816620826620894746e-01
-1.308619768315035792e-01,-8.352050638389407755e-02,-3.643790816193807069e-01
-2.294392983150237431e-01,-2.284563480550452219e-01,3.560530323052325530e-01
-2.589237688970599249e-01,2.563808308654874635e-01,3.412904458262968621e-01
1.187959360693869870e-01,4.328390335936971312e-02,2.653549210509420497e-03
-1.695483042408302277e-01,2.131254206843187227e-01,-4.982887027617444176e-01
-2.881779013818376312e-01,3.335717134933984251e-01,4.764916440376412154e-01
-1.744287514478816137e-01,1.237676301021753966e-01,1.620070172589159752e-01
1.922199513685203254e-01,1.832313067939107532e-01,2.326008743329956996e-01
2.094944617878043980e-01,1.921762918848350932e-01,3.339959925705073829e-01
2.484555928811079673e-01,-3.753939958980767599e-01,4.501677962427879098e-01
2.470923215019055208e-01,-2.716625992627710318e-01,4.116403121084282191e-01
-1.205203470622391304e-01,5.991795500793473117e-02,-4.415067395852404486e-01
-2.525555891572229816e-01,2.239518727174231172e-01,4.559253766214030890e-01
-3.843336493359883477e-02,7.612111028759915854e-02,-3.534537918893403408e-01
-1.173912896076437784e-01,-1.069408048607622952e-01,-3.193296179493643194e-01
-2.171675504697953007e-01,2.020904273022218200e-01,2.220177370141902529e-01
-1.589689740329064405e-01,1.043977951827536055e-01,3.850776576384350447e-01
2.228440653668918303e-01,2.585952162255509279e-01,3.212650307365718660e-01
2.597688781070766062e-01,2.402368735300889346e-01,3.700815508778088070e-01
-5.520641829364303366e-02,-1.828529055266342462e-01,-3.315813489886281218e-01
-5.915909599409707731e-02,-1.460068441241769710e-01,-3.266409158132349555e-01
-1.270266302983391604e-01,1.031645926512456679e-01,6.310816334138813488e-02
7.909634484482264138e-02,3.520776052869267758e-03,4.284196615657598350e-02
-1.719913540703388311e-02,-3.826211896042919225e-02,-1.891903363915095060e-01
-8.520859320579232676e-02,-8.333103841858935379e-02,-3.691278141580853767e-01
3.143112435448435216e-01,3.601501955459381898e-01,4.756522399729298245e-01
-9.223419704617752402e-02,-6.627230486213575578e-02,-2.096275624002885696e-01
7.527856035817337421e-02,-1.108761975307455128e-01,-7.995092500063383234e-02
-9.599579556378046163e-02,-2.544763747094294093e-01,-2.842030909959384344e-01
1.216106819526568961e-01,6.830252108125889343e-02,5.920431851569529780e-02
-8.675492516149341249e-02,5.749060776548353680e-02,-4.249453488182751704e-01
-1.041431753182346931e-01,-7.331581111020835095e-02,-4.215874851495488018e-01
-2.211305798024563174e-01,2.579450809436043546e-01,4.640637895350621100e-01
-9.390088596345014249e-02,-6.669760472795460693e-02,-6.026381662654045623e-02
-2.209549029367249284e-01,-2.162983885322636857e-01,4.000226938491762141e-01
-1.097697817511682494e-01,2.499607717457664746e-01,-4.084417336010421895e-01
-1.313650563016899309e-01,-2.666077879357873215e-01,-4.038846728927636409e-01
1.813452414432743520e-01,-3.823704497061256591e-01,3.754042137839845861e-01
4.000703915374836939e-02,-1.562766806817436072e-01,-7.119399650053725992e-02
-9.525454208800254730e-02,1.105244985969355831e-02,-5.834980057463734493e-02
-1.176544188187889084e-01,-1.923744788663575012e-01,-4.777678054967421373e-01
1.617830901315928660e-01,1.229877036379236621e-01,3.580879990305910754e-01
-1.311442742113412274e-01,5.448570108793315825e-02,-4.908498662289553227e-01
-1.024952742273966821e-01,4.875263064947321645e-02,1.122915638035706376e-01
-1.314588865611733270e-01,-7.598281283865282454e-02,-4.579822771227483047e-01
-3.940143824787256666e-02,1.760400094105196711e-02,4.531926922596851703e-03
2.925314149085624926e-01,3.160342106760103409e-01,4.596346663795516374e-01
4.207112340686847141e-02,1.548471813620169169e-01,6.420019759155271011e-02
-1.820997088094793437e-01,1.604043724672143956e-01,4.353067809166765167e-01
4.402656603600396679e-02,-1.067545245136828358e-01,-1.935885805804499205e-01
-1.056946540601594320e-01,2.647776057496339375e-01,-4.211438860335559031e-01
1.573180165365050120e-01,9.987361663516702848e-02,1.815775012147426981e-01
-1.989331643807460415e-01,1.905129084812994256e-01,2.837082640907401254e-01
-9.825427352788485003e-02,2.137535288086137575e-01,-4.413091161166148302e-01
-2.238904770832893520e-01,-1.476456242286667830e-01,3.283286935159601683e-01
2.938179147812791658e-02,-5.332804979378436006e-02,-1.962155901481336118e-01
-1.970865333522288099e-01,2.329703111310538199e-01,4.177424402168854467e-01
-1.571042035550140881e-02,-1.478222723518651804e-01,-2.046603466848931907e-01
3.563180194382853383e-02,-9.787826637989804901e-02,-1.067387032679937287e-01
3.294957139685228409e-02,3.123127474080822363e-02,-5.866656310694917664e-02
1.066916430609031741e-01,1.544783119910664304e-02,4.702245537839311318e-02
-1.508791857166825734e-01,-1.769225899725568318e-01,-3.591876013536536849e-01
1.510769335349446685e-01,2.095713546241717573e-01,1.795423474408769371e-01
5.932065249973894616e-02,-6.809887005362202927e-02,-1.384501511884723701e-01
-2.139632573763481371e-01,2.916250684174204189e-01,4.957362416405174388e-01
1.661084453852456067e-01,-7.031080902773323427e-02,3.638934711593330151e-01
-2.385717845307118168e-01,3.426504446213757271e-01,4.186628199396900119e-01
3.015351551883815873e-01,-3.109745297901972405e-01,4.946783852249913016e-01
-1.843149815027578242e-02,-6.738425549286908289e-02,-1.053894843969056527e-01
-1.038851408351185723e-01,1.082161596650467184e-01,-4.955872871208254482e-01
-6.541454430779058971e-02,1.072407042073088013e-01,-4.270421961713807280e-01
-2.335866248213780416e-01,3.695909974102156159e-01,4.456617939062910150e-01
-1.738009220693406132e-01,-1.691647510382111586e-01,3.228726585360365275e-01
-1.271445475119828972e-01,-1.481513500181257381e-01,-3.921691085993219694e-01
-2.936362251680381119e-01,3.358145166797747994e-01,4.111218525523153700e-01
2.045036419302512787e-01,-3.564464102563031922e-01,3.471335986659052075e-01
-1.006396196737421311e-01,5.863518513540955102e-02,5.534064921395331904e-02
2.924165780835984441e-01,3.544170998912024029e-01,4.034941191808829597e-01
2.709511458208104795e-01,2.878009606293169265e-01,4.594433856619418721e-01
6.825126351463728369e-02,-3.137376482899645325e-02,-1.298067746787154864e-01
-4.071205785957876522e-03,-1.422976019520871827e-01,-6.907652034315159284e-02
-6.161301040533417872e-02,-9.485841706400877094e-03,-6.474624023923858385e-02
-7.158347848280877113e-02,4.881626346710499220e-02,-3.989556743516757820e-01
-8.851982103040489935e-02,2.526288181284416234e-01,-4.378248370996267180e-01
-3.574328991866015937e-02,-1.337315117797599484e-02,-1.221617723742429718e-01
-2.725794942403746424e-01,-3.737682551847343326e-01,4.506825568088996814e-01
-1.172668537151230206e-01,8.061682790300972457e-02,1.854511640846443488e-01
1.714560887718185045e-01,-7.799489356977662435e-02,3.449580454852572142e-01
-1.116891482756838805e-01,1.109026680645581742e-01,1.597361817527788164e-01
-1.442406819450590127e-01,1.454717884827504415e-01,-4.224370418402952909e-01
-8.114729594164216131e-02,-1.160610701848281412e-01,-4.884974983451140229e-01
7.223131888634115594e-02,5.730459959217104604e-02,-9.400281898418905158e-03
1.936867511613191706e-01,3.672716336446140151e-01,3.916676482869055897e-01
2.070501400515968315e-01,-3.508589502110315284e-01,4.824302037240620900e-01
3.092098867252723871e-02,7.804836614490606728e-02,3.359169172538001291e-02
1.608064146570320485e-01,2.675869066120187822e-01,3.634623792467475134e-01
-2.114439239807400783e-01,-3.226761428779977292e-01,4.823844877807649256e-01
1.537461523630657689e-01,-7.519895984439506353e-02,3.536456051384648802e-01
-7.291649274490119570e-02,1.126980556804839662e-01,2.841829648157745414e-02
-8.064381969554990093e-02,9.217188208299320618e-02,-4.393738776210631691e-03
-2.172727538740693021e-02,-1.024301280433703720e-02,-9.313107186208613442e-02
2.175348228031518394e-01,-3.597245665395829572e-01,4.024582683801466443e-01
-2.422138040727801478e-01,2.356026847158396720e-01,3.207188138994390147e-01
-1.142170920940493994e-01,-8.247958904646379708e-02,-2.261250851537488504e-02
-6.105279395063634151e-02,2.107195121153215833e-02,1.139594365293168376e-01
5.762069621788368234e-02,1.037522925703778798e-01,7.619309106830329803e-02
2.289779444860784441e-02,1.076031856654944274e-01,6.115714522425597099e-02
-7.456301271964305144e-02,-2.066146437184708251e-01,-4.487774677630488318e-01
-7.363385016149759377e-02,-1.172181194311476826e-01,-4.143129325648575723e-01
-1.529954771006261094e-01,1.280991007090017675e-01,3.034644643617557813e-01
-1.017060070296036400e-01,-9.766463260390279011e-02,-3.532099336400902345e-01
-2.128785513426963982e-01,-2.807121530828766698e-01,-4.920421871066809061e-01
-1.493170646355329589e-01,-2.706661808315168338e-01,-4.490190479536935175e-01
-2.365949308866146517e-01,2.618179904338728825e-01,2.946475407264383950e-01
3.066319262796350920e-01,2.962175641679807292e-01,4.617597210635083771e-01
2.892233163613056046e-01,-2.868098098920397465e-01,3.729784191422342854e-01
-2.220759774715432844e-01,2.255186128775116261e-01,4.660195425292570359e-01
-1.854708424607501849e-01,1.542244821355970297e-01,-4.222370760011437962e-01
5.870739296239413374e-02,-5.703324853115021575e-02,-7.930144968049412935e-02
-1.180464103248489716e-01,-6.658172351705216041e-02,-4.726119596354746433e-01
3.140442754126129277e-01,4.225129185035509938e-01,4.817549164941361539e-01
-1.444494384786153551e-01,1.700953427304153776e-01,2.999531429164494778e-01
-2.593132335603899330e-01,-2.125147576273809236e-01,4.262954524876382267e-01
-9.261868270794937352e-02,2.121393331816345817e-01,2.044144961328849819e-01
-8.884497505566479880e-02,-1.187025463873296882e-01,-3.482885837012573704e-01
2.007909484550625123e-01,1.841237133668434112e-01,4.477028103093496636e-01
-2.316492468685299455e-01,2.675713335776138679e-01,4.081200766781538647e-01
3.199644760843753932e-01,4.004758014826319545e-01,4.511734714832211779e-01
1.969890902723948622e-01,3.168236225788197968e-01,3.778300345068837940e-01
-5.128828186425360425e-02,1.820693662841026406e-01,1.009482408695639988e-01
2.485283067207740837e-01,-3.030821697161494299e-01,3.393301533839672146e-01
-1.365098529788936199e-01,1.695051069874051741e-01,2.946564380636307323e-01
-3.526255856371918185e-02,-1.492878878207677396e-01,-2.793303637126244299e-01
-1.351477246634537055e-01,8.244114362645937888e-02,7.566649913445000486e-02
1.854170051937782393e-01,-3.227816603066749890e-01,4.383265365926534152e-01
-1.141069425888631139e-01,2.547003093029115428e-01,-4.333198923096832633e-01
-1.832281540142810528e-01,-2.653255876583111572e-01,4.288124399699011491e-01
-1.644800725123536367e-01,-1.712495843253181160e-01,3.287765033183929209e-01
1.939444183638656671e-01,2.089619923733242457e-01,3.505548913949319001e-01
-1.040322290893498369e-01,1.317969339364836179e-01,-4.104400566672997686e-01
2.664040711557859042e-01,-2.073730157748668868e-01,4.164004406273066339e-01
-1.447404749300023052e-01,-4.278640590177462677e-02,3.163022680983706980e-01
-3.273200058995368034e-01,3.461534955368942290e-01,4.865307092182034054e-01
-3.077292179437329800e-02,-9.939067496688602787e-03,1.299840615767777763e-02
-2.053099566423363109e-01,-2.358962796650444504e-01,4.808268505434972750e-01
-8.679270111965697865e-02,7.726504930295929885e-02,-3.524093384279614050e-01
-1.134647802732278166e-01,1.482118631627813432e-01,1.149561912777681272e-01
-7.172588848752081692e-02,1.969468060874413062e-01,-3.367874297001063333e-01
2.634164533646249362e-01,-2.711027920717458128e-01,4.283748973573974217e-01
-7.776135623303981337e-02,2.661719694683206683e-03,1.304589618674839580e-01
-8.533694545429848510e-02,6.315772932712016008e-03,3.843293362381716705e-02
1.401422179399162138e-01,1.764347896702127549e-01,2.994604922628649746e-01
-2.138231203254264967e-01,-1.574504562413765463e-01,3.846563397178818233e-01
5.356231143590561850e-02,2.866273551595355240e-02,-8.708746363326902440e-02
-1.875801951896238773e-01,2.175654721504740596e-01,1.994902410156668138e-01
2.335026801934980689e-02,9.594985796748334295e-03,-7.733100307975937504e-02
1.021717100307945048e-01,9.570269877605119824e-03,1.700024961863227935e-01
-1.173205500075079621e-01,8.602041089068601654e-02,-4.834136539307775093e-01
-2.740966695243440832e-02,6.028516717057785801e-02,-4.428526125924403534e-02
2.322915763532051869e-01,3.839829758254268421e-01,4.322178371170256606e-01
1.130951479396332671e-01,5.874401565834019845e-02,2.242452934713906609e-01
1.093699897559614609e-01,5.857882862304930605e-02,1.073668873118729383e-01
-1.282136170960135324e-02,-7.189747880902230825e-02,-1.013189925943311920e-01
2.104802293556955473e-01,2.087051404855999603e-01,3.363049756140490398e-01
-1.689445615543315737e-01,-2.414248845051109038e-01,-4.225682947977168480e-01
1.505936245111547667e-01,2.440979565315980482e-01,3.011676598469603672e-01
5.428637582222040070e-02,-1.009391737469944594e-03,8.343257230404477198e-02
-1.654396293534546869e-01,1.538093023612699950e-01,1.076175491823854191e-01
-9.465521296180168243e-02,9.665552790811382522e-03,-2.943430281903369750e-02
2.800288495306427761e-01,-2.328337674927803969e-01,3.587233460725979262e-01
-1.045184614654665056e-01,-1.949458896525574358e-01,-2.843676600740311367e-01
-6.706961429905455851e-03,-1.416810121323636151e-01,-1.145207567782042801e-01
-1.812223989758562359e-01,-1.620087555681755109e-01,4.140446419139206524e-01
-1.186926763477833546e-01,3.095421989343344338e-01,-3.550722239575000438e-01
-1.873131996564084689e-01,3.283150861788106667e-01,3.491807590666867744e-01
-1.313277697053473192e-01,2.413240432971281990e-01,2.983536742433657851e-01
-9.293531212231309624e-02,1.372346191819423522e-01,-4.891059717459576017e-01
-1.626873007213037736e-01,3.056794086093846952e-01,3.178650173754874464e-01
-1.454732058845372711e-01,-2.001196458261050859e-01,-4.132261862062316382e-01
-2.112143812336129134e-01,-3.896726323807659931e-01,4.483176552658835190e-01
-1.698571005358090469e-01,2.299591652987765800e-01,-4.092089467158971372e-01
-1.324018512498122968e-01,-1.369222508018275164e-01,-4.342269501601739856e-01
-1.752160727760212477e-01,-7.782163121621454849e-02,-4.351805417054137592e-01
-8.100931155414081708e-02,6.718451879161879692e-02,-4.480547891242044889e-01
-1.086044331527467044e-01,1.231954119763686295e-01,-3.817332568892017886e-01
2.216759836661674754e-01,-3.274693837999199664e-01,3.918584129699230756e-01
-2.181130249910039343e-01,2.707038305778549647e-01,3.966357123295773945e-01
2.414644819123038522e-01,2.854544188654365433e-01,4.437553392132469465e-01
1.386102974098619711e-01,2.326513309520135131e-01,2.449509305510192414e-01
-1.001100340288462176e-01,-1.678029770081519434e-01,-3.591092052843697369e-01
-1.707045697075137980e-02,5.448684923671553992e-02,-5.209253142342629150e-02
2.320941668893360399e-01,2.578208411843441183e-01,4.574232494331169629e-01
-5.846230773167604422e-02,-8.374465975424272290e-02,-1.827199182016980838e-02
-6.843253754606848371e-02,-1.325839754644694279e-01,-3.778621405799976740e-01
1.888886365228548136e-01,2.424018412648913934e-01,3.983454000067060408e-01
-2.121459625269631610e-01,-3.275322133441618266e-01,4.097318417937029222e-01
4.093075975173454673e-02,-1.038413831696818335e-01,6.539850932821500429e-03
-4.296856945945870532e-02,-1.683048527572507114e-01,-2.509299644204647795e-01
-7.964455964914807229e-02,-1.660903903854779040e-01,-9.451675136693826751e-02
-1.292267515674050404e-01,4.727665622692078795e-02,2.139011057767981061e-01
-6.587574833255449569e-03,-6.887805259166968064e-02,-6.322950323892762015e-02
-2.478262754878127749e-01,-2.089311870158300222e-01,3.712006107898632168e-01
1.948487597319369380e-01,-2.791039385288996977e-01,4.305679527565542397e-01
2.950815217670645918e-01,-3.788359642660900084e-01,4.635534705566383140e-01
3.006066627820623838e-01,4.080780805423023239e-01,4.544638639725162577e-01
1.719380578598430631e-01,1.882333142861363218e-01,1.357417294464949853e-01
2.937494682112264943e-01,3.298687918532958729e-01,3.882042389255730974e-01
1.329508550353390994e-01,1.679459609677594889e-01,8.357571506315997212e-02
1.248257527603191530e-01,5.929098912330843518e-02,1.499531618160747648e-01
1.655361412747354821e-01,3.399433358315745446e-01,3.646406023188469847e-01
-2.357669050031540037e-01,3.801224567574724711e-01,4.548105060393937693e-01
-9.969588955260999530e-02,-1.707195474424800796e-01,-3.080762609287933662e-01
-1.284113540137532539e-02,-1.544258378767940920e-01,-1.847198678534975880e-01
-7.718172820388002897e-02,-3.189521404795614412e-02,5.434285141790085039e-02
8.433415439718860984e-02,2.395979035002238078e-02,1.043633302498794269e-01
-2.272327448758360013e-02,-1.237255328005992805e-02,-3.343669859931563959e-01
-2.055600639387367146e-02,6.138815261603869367e-02,-3.498231708460569633e-01
-7.802091373371400351e-02,2.571778265611742720e-01,-4.051382235015825728e-01
2.700747552831513909e-01,2.333370706395527794e-01,4.001598300385706963e-01
-5.260853086052841299e-02,2.509263038982256777e-02,4.736608829885746719e-02
-1.875101014175608594e-01,1.643726814365251698e-01,3.779436077154704199e-01
-1.959373529189560870e-01,3.104357691081259807e-01,3.541597058876567727e-01
-1.006617134122624879e-01,2.986881950910633687e-01,-3.234990399340151868e-01
6.316456114206070449e-02,1.424222646739844444e-01,7.683116895510422317e-02
2.155303108183681537e-02,-3.440448120796490983e-02,-1.520981585561363980e-01
-3.522213221893577551e-02,-1.425650397514992562e-01,-1.583634782561030852e-01
-2.057011224379202696e-01,-2.836963741595206479e-01,4.441975107331088690e-01
5.288920360566495837e-02,-4.351966692723530095e-02,-2.983893720373753666e-02
-9.061670362249663047e-02,-1.952631117543734973e-03,1.066014511394561826e-01
-7.299104716167525986e-02,2.106347202478879854e-01,-3.637480204198848543e-01
-1.105082435707838151e-01,-2.633369740431740214e-01,-3.499715450539049311e-01
2.908214394578099160e-01,3.125475986133430251e-01,4.503387447768461005e-01
-3.173985488017885270e-01,-3.078139942581588073e-01,4.722384590682660033e-01
-1.645445567844401324e-01,2.026505730191798804e-01,3.810693719184511385e-01
-7.696775652896314934e-02,-1.008743625559237467e-01,-1.767299334288889856e-01
1.242263942286547795e-02,-4.372264185487628740e-02,-4.728431659106802076e-02
1.292917471426866527e-01,2.133865800997770679e-01,3.140866756103785074e-01
-8.562297843939925546e-02,1.390015957344434838e-01,-4.141182440952839716e-01
-5.929947047490591316e-02,-5.136802353514879904e-03,-4.278463120626063709e-02
1.178282446920098092e-02,-1.025862237231124352e-01,-1.810169460861839053e-01
2.967578422281991202e-02,8.773184229717378990e-02,3.383097506217525030e-02
-1.411978203311238245e-01,-5.687297758015641413e-02,-3.822745401727207781e-01
-9.712459074603885245e-02,9.708142483135828726e-02,2.764097111531427231e-02
-2.478392595497700412e-01,-3.655029806994527508e-01,3.480049795986084327e-01
-1.523126772513427873e-02,-8.855166660100799447e-02,-2.389780655890473282e-01
-1.496386828764009191e-01,1.672467095536762649e-01,-4.872364461242455480e-01
-2.650680561642536626e-01,-2.138932930509330754e-01,4.090425456946285010e-01
-2.643930241559807603e-01,-3.351598063904130953e-01,4.973304446546288338e-01
-3.723268464275708567e-02,-9.785879149377119113e-03,3.839141287745162501e-02
1.784961435202981894e-01,1.857997553745506236e-01,2.168997595182714511e-01
-1.423994674520931980e-01,1.382064449230463454e-01,-4.880309668343054685e-01
-2.525508491662891153e-01,-2.153915179212523290e-01,3.575432563668944352e-01
-9.917461312317388256e-02,4.472043234825162639e-02,7.534001921491229048e-02
-1.719674205419418067e-01,2.869525111052450006e-01,3.429560950160462918e-01
-2.605381864374778367e-01,-2.341446491263105001e-01,3.854296714256344458e-01
-1.927826856418447532e-01,-3.816734986934817719e-01,4.128891468650951468e-01
-1.334168100100191490e-01,1.327564369475110473e-01,1.540825881402707598e-01
1.719360817832893407e-02,-1.267005391863611496e-01,-2.559331414834135066e-01
-1.086943344567982139e-01,1.785537495928942731e-01,2.426193545179825550e-01
9.242357053204341977e-02,-6.392157345507243349e-04,-6.963057181917198246e-02
3.495045620345349491e-02,-2.411113998538327863e-02,-1.406485130510426451e-02
-4.605062968647644084e-02,-1.774359373857420374e-01,-1.460995981124345588e-01
2.690231322071384712e-01,2.526396298553124087e-01,4.181655811475907258e-01
-1.330904003447552775e-01,5.702015552568195922e-02,8.180091474641970617e-02
-1.222984945900621456e-01,6.023192995487003376e-02,2.409659320840896735e-01
-2.188970465330523085e-01,-1.331066333291992532e-01,4.086855228339411061e-01
-2.535935486857785470e-01,-3.911668876658777050e-01,3.611798600254464420e-01
1.165749091498150536e-01,8.549214738365717992e-02,3.502472770500297816e-02
-3.751913238852244703e-02,-8.323619273393245699e-02,-8.721711351606165064e-02
-1.811630785610808259e-01,-3.351208425893935638e-01,-4.257313874958938982e-01
2.484212294915713048e-01,3.470889798762093470e-01,4.661313748889804875e-01
2.732397196129459083e-01,-3.466678124225260893e-01,3.422973846572847645e-01
-7.346309153566898953e-02,-6.115013145992664878e-02,1.180595636911874191e-02
-8.100046487831291664e-02,1.256946570523602702e-01,-4.174516919477835319e-01
2.235025405084266614e-01,-1.486776855545092202e-01,3.966953045138120748e-01
2.280230012351497360e-01,2.648354910597537915e-01,2.319045645825226210e-01
-5.398657617619684324e-02,-1.844867649415276034e-01,-1.918373203183233455e-01
-1.709325612132398531e-01,2.437797480142186446e-01,2.439507526312572061e-01
2.056327739575916080e-01,2.563266211044739062e-01,4.386386855163508791e-01
-2.156506487192088040e-01,-1.463705319729063925e-01,4.927359827699314687e-01
1.879799994879005620e-01,-9.382505601691648600e-02,4.113727082548774838e-01
-1.634955848636192588e-01,1.759993692256470732e-01,-4.203796499576750723e-01
-2.659188240555163674e-01,2.812382708204892445e-01,3.430044115966774942e-01
-1.995924058838183246e-01,-1.991490742488910559e-01,3.944808389881310218e-01
-1.139825444469280136e-01,2.743547740028691173e-01,-3.764192405104446193e-01
-1.108757139816061166e-01,2.293882499879495995e-03,1.357039614828474683e-01
2.106473576553625771e-01,-1.631398698502525280e-01,3.695739876284696024e-01
-2.913027341889561361e-01,-3.955862507254938043e-01,3.951790403220760695e-01
-1.479564349290896086e-02,-6.820162359003767438e-02,-1.308229491940159361e-01
5.545358868488836634e-03,-3.446608497998193688e-02,6.760024050035173815e-03
5.924177028987287486e-02,-7.264477190008944429e-02,-3.253132880122555637e-02
4.468258333035723950e-02,5.641833355441183695e-02,5.645748576185394274e-02
-1.895527025577214975e-02,4.958377512667133669e-02,-6.360975374198796217e-02
-7.148943756942516270e-02,-2.206649378876639478e-01,-2.142585415040896279e-01
2.184271585017395489e-01,-3.625430580088629950e-01,3.733405019984191719e-01
9.214238271568431227e-02,4.065645166070774863e-02,1.020221234213884998e-01
-3.583885345190462868e-02,-5.315923654217169503e-02,-1.397565306684318553e-01
1.517109540413188462e-01,8.519687277846743623e-02,1.239833673849011220e-01
1.201259459467101109e-01,-5.944705480887380045e-02,-4.401865126887338775e-04
1.632716187188868462e-01,1.843854854594118020e-01,2.318628013983375924e-01
2.767972063622403667e-01,-3.814433218512789381e-01,4.648143103436283008e-01
-1.447405532548888818e-01,-1.703238083043824291e-01,-4.599405576359478776e-01
-2.347294698053836726e-03,-4.564148506815135509e-02,-1.188432086016133482e-01
-1.570946396081674967e-01,1.582749725838241694e-01,2.689530948230343110e-01
-1.862928663386232975e-01,2.607189357564908549e-01,4.479393463857164193e-01
-1.559912947369725966e-01,1.487343114032592117e-01,3.539753547557362712e-01
2.132677372606801569e-01,2.444947904605790923e-01,4.046348199049976113e-01
8.863623046421986729e-02,-1.360498858024659086e-01,-4.462370241793511827e-02
8.240066293906889161e-02,3.766676641736732556e-02,-7.660956954468267632e-02
-2.792772941410374132e-01,-2.892966888565559058e-01,3.768715830360690466e-01
-6.931852954919071053e-02,2.032935974770653242e-01,-3.370165263319301330e-01
-5.484927959461449731e-02,2.278622212021634841e-01,-4.337865204667057384e-01
-2.347172460721149712e-01,3.625592860844131238e-01,3.659073788147887418e-01
6.578341967762302289e-03,-2.284259961948997830e-02,-1.452809639838377187e-01
-1.577629741536619168e-01,-3.066952337202702994e-01,-4.104472232687071953e-01
-1.289136653435756230e-01,-6.326542633155973760e-02,-4.243038161432629574e-01
-3.450956602735044676e-02,-1.672294563885330376e-01,-1.858237461545797498e-01
-1.854348028237639001e-01,4.049146635944376182e-01,-4.821177070721675006e-01
2.174141723382246871e-01,1.921888718795666806e-01,2.489980900912688311e-01
-1.223658799151532417e-01,8.221342448174906448e-02,2.154404370012517056e-01
2.210697080017414162e-01,-1.962647192339040947e-01,3.430898867368182836e-01
-5.354161419958625157e-02,1.477932332763193246e-01,-4.108044111851050229e-01
-2.020815840733959368e-01,2.008051897614024917e-01,-4.956301975198073029e-01
-1.669627179526844696e-01,1.059779913478419155e-01,2.901610768267032237e-01
-5.951613738101635409e-02,-5.312166983612598425e-02,6.803451254037629070e-02
-9.479947387963949534e-02,6.642789045978281237e-02,-3.893525300413547274e-02
-9.656565978807829520e-02,-2.584116016279874861e-01,-3.739724833025218631e-01
8.831960253553616802e-02,1.605255335794382177e-01,1.545658149039826901e-01
1.209446137626039031e-01,6.919112816919337217e-02,2.477061330524661376e-01
-1.141913099562047451e-01,1.623311373394012991e-01,8.368962480109287672e-02
8.394763841802022064e-02,-1.382477915948054914e-02,1.210163829375399125e-02
-8.483246464545468601e-02,1.333308532242953870e-01,1.989762784117822259e-01
-1.457074044686371694e-01,1.332114406001244644e-01,-3.766401032437652896e-01
-1.920369388824652024e-01,-3.318335852553283560e-01,3.283656801204360987e-01
-9.867490523512389977e-02,2.812240672106179895e-01,-3.249067134781770116e-01
-6.288251060131211378e-02,2.258540993927831142e-01,-3.165872516644857582e-01
-4.570726931582613783e-02,-7.991347654854730198e-02,-6.214105142848147523e-03
-6.754244576177492743e-02,1.808997661061267914e-01,-3.660985620516730155e-01
1.101806537416620824e-01,-2.867506507652828329e-02,6.618261559151628060e-02
1.124626299534045026e-01,3.402356626240332638e-03,5.727607985006544222e-02
-1.671422554133950023e-02,7.629298104277681958e-02,-3.320097723653490096e-01
3.590124814996775715e-02,-1.352044708914759141e-01,-1.836592818459614751e-01
-1.099613903332319342e-02,-1.743649605731711905e-02,-1.296168546107744346e-01
-1.884092458860999741e-01,-1.671444124215083482e-01,4.160279018045206501e-01
1.058901991082979999e-01,-2.233193541106914815e-02,5.588547725046844050e-02
-1.990428678280246055e-01,-1.400710528537787436e-01,3.483580860106666455e-01
-8.387928862492854964e-02,9.845923850496651752e-04,4.943456343865981761e-02
-1.776848978176027716e-01,1.041525508064690131e-01,3.600484147152223091e-01
-1.777048084034505981e-01,-2.716938545936127269e-01,4.034350833051756346e-01
1.956330006053904613e-01,2.151386225010661901e-01,4.066255400962337507e-01
-4.681543476717009433e-03,-1.204883178418864054e-01,-2.680542140073622903e-01
1.285091309228999501e-01,1.350891485964428318e-01,2.475192252434224027e-01
-1.872798632408244623e-01,2.063887978904119791e-01,4.038344506186045679e-01
2.245012883312088592e-01,3.475470161577917105e-01,4.819151736909413897e-01
6.560759008508987300e-02,-5.154679601778888731e-02,3.854496807275353820e-02
3.074106030266717804e-01,-3.899204289156364966e-01,4.709203176928519197e-01
-1.975095635549655171e-01,1.607690568426480837e-01,3.421222985352606605e-01
-1.946350990505827383e-01,3.120629090052573495e-01,-4.972019832356238123e-01
3.109196513446818022e-01,4.232565286225039580e-01,4.767940966015568049e-01
1.691793192508429522e-01,1.145683522745027938e-01,2.627994365517098974e-01
2.469726276974224533e-01,-2.921132183850029262e-01,4.453266244629675574e-01
-1.301705566853562646e-01,-1.780805558128175647e-01,-3.558057604223524573e-01
-1.443519955139727085e-01,-6.334459291803351544e-02,3.321577235743562451e-01
5.286820196412223005e-02,-1.734124700740139469e-01,-1.050783798587223705e-01
-4.190874447051429197e-02,-9.921653006643427197e-02,-8.935470363079955902e-03
-1.087668343733672049e-01,-1.778603292539002734e-01,-2.895709207532516372e-01
2.249491983003549800e-01,2.488154034197215259e-01,3.215480001438104640e-01
1.432109152774846406e-01,6.761700079241961259e-02,3.346828289803749357e-01
-7.590668783185372526e-03,-8.517168902990157608e-02,-3.676942370883418132e-02
-2.433781777146346581e-01,3.202837031821871294e-01,3.648288694832526602e-01
-2.511388835269182662e-01,-3.040603967795748597e-01,3.917337596581700332e-01
-2.498421081876308625e-01,2.656186470933512567e-01,3.840669995154485372e-01
-1.822769409286634223e-01,2.549434136641113291e-01,4.188814624767021044e-01
2.385825995752497430e-01,2.788726900842299905e-01,3.738983907001760532e-01
2.767489805679982373e-01,-3.832805599254280882e-01,4.309409902569649731e-01
-2.156354136800312515e-01,2.900746576389666709e-01,3.819527225711971674e-01
2.286257451146663788e-01,-3.027278683955014760e-01,3.775999187695959769e-01
1.938512825062580491e-01,-1.448826272982660646e-01,4.458276119147457361e-01
-1.547150228265063987e-01,1.255098198724396985e-01,1.861859670192331784e-01
1.988266507690976681e-01,-2.083195813153345677e-01,3.242663326501150634e-01
-1.525433861130911506e-01,7.067792129494820941e-02,1.360985977790981627e-01
-1.577309755661783219e-01,2.442055320308761379e-01,-4.195603658157401883e-01
-8.711237270033378444e-02,-6.500904868575063666e-02,-9.036643305856351116e-02
3.054916069474394869e-01,-2.901505340636161279e-01,4.116480376400527552e-01
2.166235992802276744e-01,3.029098858145239381e-01,4.199277727523957893e-01
3.174459237232574171e-02,-3.832975829913032317e-02,-9.409434996994370248e-02
-1.361806841278619951e-01,1.693368508062339517e-01,-4.975208180766211852e-01
-1.309898808210788745e-01,1.825559314760865082e-01,-4.613879204388847688e-01
4.458947450491035358e-02,8.367940790219807745e-02,5.146478505336393727e-02
-2.378559419696369970e-01,-2.043437179610014809e-01,4.958690269852478183e-01
2.846297011062021154e-01,-3.624914323387613546e-01,4.533516638419747835e-01
-1.764674813445454848e-01,2.343903367175870223e-01,2.962232328829889072e-01
2.349855709238156676e-01,-2.628574102779110966e-01,4.664442524837787429e-01
-2.641779704999350775e-01,-2.479809348103806377e-01,3.482903429485377789e-01
-2.305328351831622546e-01,-3.822692895913758493e-01,4.832847724693153380e-01
-1.225198843765231693e-01,1.316638860849079773e-01,-3.833411981524968981e-01
-1.620384886796902846e-01,-1.771780594013179222e-01,-4.525344097802587173e-01
-1.993704889359591004e-01,1.438466055560053691e-01,4.231146810490790111e-01
1.622658816569251261e-01,2.125239917132547562e-01,3.187953264452252355e-01
8.803942744962123257e-02,1.133160871916033541e-01,2.275442740443289757e-02
-2.451686388808851369e-01,2.843205807932145390e-01,3.517160007651929376e-01
1.901502107531573005e-01,-2.197214885410452290e-01,4.013213971403168934e-01
1.082775721824718040e-01,-2.617403421702790833e-02,-3.157232130163878381e-02
-9.169830725568983709e-03,-7.064448372894349681e-02,-6.612749996281452880e-02
2.521154663682749764e-01,2.518494571012817040e-01,3.337360257578916301e-01
-4.567607964276643173e-02,9.224979018018686361e-02,1.080060131837622395e-01
-2.410801034650824626e-01,3.786809147940213283e-01,4.916525205825688083e-01
-4.555627339867029946e-02,-1.955614220663678404e-01,-1.341899752859225803e-01
-2.073761080100788856e-02,4.728501986803590462e-02,-3.448176648654071030e-01
-9.271683649433559715e-02,6.704639124106170911e-02,1.513505714785009504e-01
-1.679922609417884294e-01,-3.623575148258559864e-01,-4.019525607063401118e-01
-1.047230223749087141e-01,1.739651727664764946e-01,2.531499975207279762e-01
4.431793649477633323e-02,2.873266238239136072e-02,-1.318754799205379413e-02
2.375514496713316825e-01,-1.993477501377211025e-01,4.666488219572778595e-01
6.576496890001393147e-02,1.355466489464651758e-02,8.696112302192349208e-02
-2.402238331822084128e-01,2.167598158441917944e-01,2.949515365740533746e-01
-1.086986238013287753e-02,4.412927746489703207e-02,2.917855759180953967e-02
1.019278120902286089e-01,1.082888885956134750e-01,1.677429915936581306e-01
-1.029736907933150869e-01,1.198794338152925354e-01,1.567994416372288091e-01
-5.519471817708254680e-02,5.107194140747850497e-02,1.330838087615215937e-02
-1.435075292949895553e-01,6.012419215306474829e-02,2.025916533435965228e-01
-1.682021508485623817e-01,9.705027553319856004e-02,2.927235890778062677e-01
-1.154255780618517191e-01,-8.278249867405895746e-02,2.052111625640629100e-02
-4.696738647271325728e-02,-1.615045976756186441e-01,-1.925648839184721517e-01
-5.783899497782118981e-02,-5.066554659337496602e-02,7.408588185819287020e-02
-2.668837813530208214e-01,3.384461613060614216e-01,4.365539328925148732e-01
-2.748566198717085074e-01,-3.813398993701619943e-01,4.051161868785051468e-01
-3.919744445114892173e-02,-1.327575684499723296e-01,-1.894642829275502427e-01
-1.091334765441602794e-01,1.749322125809181783e-01,2.505424770254269795e-01
-9.684110831446468559e-02,-1.935678019403341832e-02,-4.657470554601234047e-01
-8.104137735954619615e-02,-1.097049003704720915e-01,-3.930264342493332563e-01
1.790938834985373873e-01,2.093503037234668573e-01,2.696498244897010954e-01
-1.734197309121373598e-01,2.120170075923769604e-01,2.062076611981665808e-01
-1.304546763134468712e-01,-1.866415895859908636e-01,-4.200860707577327435e-01
2.211355408373305576e-01,2.762655907442188585e-01,3.474161132188369194e-01
1.853437134261699537e-01,1.196130888766364642e-01,1.317059103885889204e-01
-1.083345102323780562e-01,1.910540362650563484e-01,-3.782009666505364853e-01
-1.097408040197767054e-01,3.517091463397781226e-02,4.443452814700332709e-02
-1.733597903123502704e-01,-3.464016574994557285e-01,-4.508481784414105631e-01
-4.178820104506708599e-02,-5.872269885424219460e-02,6.703297703068078484e-02
-2.152419588918688120e-01,2.886679319623124407e-01,3.082972997763006040e-01
1.393322442565025909e-01,5.254178773260465007e-02,2.059369513361627435e-01
3.004056599352979973e-01,-3.347172051841037499e-01,4.428647750326315524e-01
-8.174148885899079620e-02,-2.316940872481981772e-01,-3.491650440219776774e-01
-1.732282951197049448e-01,2.045284837385381582e-01,2.219731936167071984e-01
-2.279833381889587729e-01,-1.863513579432131140e-01,4.022146755452631339e-01
-2.214611670422617085e-01,2.152596760645231200e-01,4.815579198609960532e-01
-6.649179619315015444e-02,-7.304656065587211700e-02,-3.955098009384628854e-01
-1.152869984858142516e-01,2.311584121496849109e-01,-4.619428859302796564e-01
-9.539050012528216271e-02,-4.410696491403687247e-03,-6.209906410020715750e-02
1.202785009604073752e-01,-3.028607305223018908e-02,4.989937460915649936e-02
-1.022381957107987294e-01,-1.023778690870116304e-01,-2.455585155999308045e-01
-2.834042378823042885e-01,-3.612060869735538304e-01,3.871728560746250380e-01
2.006084519081822171e-01,2.210357285824807727e-01,4.605130613013966867e-01
2.287560532173665839e-01,-3.647073269401100992e-01,3.411113101938241243e-01
1.597663324231398674e-01,-2.827253186034549559e-01,3.171251659612518425e-01
-6.894085089125845389e-02,4.040662426940566654e-03,9.489442654944246769e-02
-1.273035671911553202e-01,1.185778751007721121e-01,2.652816973309931603e-01
-7.418842274068926379e-02,-1.836972858692971222e-01,-1.010007897955658152e-01
2.351747906778006714e-01,-2.365462830720869158e-01,3.895715781608193318e-01
9.224211697103201768e-02,2.938438262074127838e-02,6.578175250690976306e-02
-1.074173434080575307e-01,-1.979611520555800697e-01,-4.505721999613471196e-01
-2.605394561648565199e-01,-2.155095781769975627e-01,3.184632843028467608e-01
1.537261070129092300e-01,1.644270456070845432e-01,2.676930460587242377e-01
1.390063194219649523e-01,-2.088100963560679535e-02,1.006591207791193154e-01
-1.561952100547912003e-01,-2.274615498321909124e-01,3.570339087387564003e-01
-4.597213806502709055e-02,-9.219994712868428977e-02,-1.510783184485792185e-01
-6.608497444727379211e-02,-2.228387683675858710e-01,-4.460160673944542076e-01
2.944756130651589032e-01,3.608429492373750325e-01,4.360766739073265175e-01
-1.548608401199859097e-01,-2.421683115285975241e-01,-4.282572178091246240e-01
2.860448310045725639e-01,-2.812838327170462671e-01,4.204670133388782594e-01
-2.084243310461230125e-01,-3.397413252125939254e-01,3.562547025537147194e-01
2.171558238059407842e-01,3.462150182025097722e-01,4.775658633436069556e-01
-1.659576741878158179e-01,-1.673383050735792743e-01,3.891340566276112467e-01
2.351175036675269281e-01,-3.988579238712978148e-01,3.980015160923524586e-01
1.209173369660111463e-01,1.041028823052416730e-01,1.012801354422635525e-01
-5.086062444734684718e-02,2.530213964804273186e-02,-3.677717714088156731e-01
1.676092083827217527e-01,1.648083469387345845e-01,3.781321675834227181e-01
-1.825331630381885617e-01,-2.117277314954617573e-01,3.524744535727218908e-01
-1.457515113152915154e-01,3.080197213237988452e-01,-3.890604741415821799e-01
-1.287165562141008301e-01,-2.903907742502546130e-01,-3.021008589165378178e-01
-1.974363472388684926e-01,-2.253400228900099833e-01,3.757272460236991130e-01
-1.439594083118118650e-01,8.360128765134444695e-02,-4.923165025146385432e-01
1.218121873326750704e-01,1.307001068711344249e-01,2.813946419174583324e-01
-9.257396147768826022e-02,2.828399248470373495e-01,-4.006775713763729430e-01
-9.444678736916112261e-02,8.263778307336455686e-02,-4.199131437790243337e-01
-2.485566185605383449e-01,-3.343855597031376581e-01,3.488382573431291211e-01
-1.073713025467994964e-01,-1.271172204196935329e-02,-2.424110716937744048e-02
-1.073977073097629464e-01,2.616849867354658077e-01,2.187282717638104890e-01
2.362124038192050524e-01,3.014183198632862659e-01,3.556046425169231417e-01
-1.249653423109114980e-01,1.983288481318724594e-01,-3.961735310847441793e-01
-1.290364655558059459e-01,1.719156747561703114e-01,-4.212445597815368536e-01
-1.585722604624462129e-01,1.107851125776592172e-01,-4.396473975282571001e-01
-9.684408969454416649e-02,-5.592995714152670939e-02,-3.633205740526879168e-02
-1.724285812982147004e-01,1.067959757781486996e-01,-4.026046523199849902e-01
-7.518465152121567296e-02,5.146561888004586027e-02,-1.745862224507532812e-02
2.532701986893889368e-01,-1.947180888206639926e-01,3.980077766263736549e-01
-2.265796643239116337e-01,-3.933687568414969693e-01,4.205984991402731410e-01
-2.164971742574950397e-02,-1.233712692419095536e-01,-1.321714894860746004e-01
7.401011809150848109e-02,1.713139602568358733e-03,-1.030201395005424514e-01
-2.526469098809804859e-01,-3.454140838961047288e-01,4.255849079905681398e-01
-1.472188813306513078e-01,1.536713510230831581e-01,1.898483397910611936e-01
-3.308446265834579236e-01,3.415778403541012143e-01,4.775829127438808719e-01
2.472210788175734919e-01,-2.293603572942565227e-01,4.323626767898652856e-01
3.165595581946162307e-01,4.173013301884743731e-01,4.564284119059148770e-01
-1.275288742482104665e-01,3.709662468685381853e-02,6.452867012518159751e-02
-1.257406990470359975e-01,-4.895558308983671836e-02,3.408895746629792001e-02
-2.337609782504790346e-01,-1.870909213781077884e-01,3.661736993767071846e-01
-1.186987552492689835e-01,7.581299066587854352e-02,2.633415491698263278e-01
-1.189194576455758767e-01,3.000469230930068454e-01,-4.721112286079339748e-01
-2.092840704788034856e-01,2.017656953689997978e-01,3.862707675016774367e-01
2.104256374766002580e-01,1.485863129372949620e-01,3.912626759315627201e-01
8.349516078165553079e-02,8.800404101812897562e-02,-1.828456931210653558e-02
-2.707383582793516652e-01,-2.717165142592044003e-01,4.099547332691375612e-01
-2.941112371180227836e-01,-3.870464682975192083e-01,4.813447302175406506e-01
-2.693393903634827558e-01,3.665985882175750721e-01,4.343114153869441774e-01
-1.452979170263953845e-01,1.167944492083072827e-01,2.816706199573999481e-01
2.321869580446521697e-01,-3.942422145389233856e-01,3.642075406775722168e-01
5.113250012093828456e-02,-1.521889583491879971e-01,-1.705720199931916037e-01
7.065338527533415736e-02,1.877014268695742505e-02,-1.000356369916357568e-01
-8.461484284903242337e-02,1.598915741389814738e-01,-3.432226886708168445e-01
1.919709413121839514e-02,7.411283425799497504e-02,-4.387346361985755561e-02
-1.476513128458226687e-01,2.880471144810394790e-01,3.118023583564660806e-01
-2.319945756142022253e-01,2.256593457601029362e-01,3.418898155184370014e-01
-1.924173507517309423e-01,-1.045871792811799983e-01,3.241214302213576426e-01
-1.810250533577525411e-01,-1.469658579522366004e-01,3.388782419490009579e-01
-2.654275516344385411e-01,-2.971291627707163263e-01,4.946449491247427721e-01
1.940718447544311775e-01,3.162685939700655702e-01,3.056205677870408310e-01
2.677578233180009093e-01,-2.670995282121684244e-01,4.813672111543898513e-01
1.511962163751597865e-01,1.452913988546409296e-01,7.209689128593044227e-02
1.280778371067234911e-01,1.763152994280657859e-01,2.101190764065272720e-01
2.658260554181357538e-02,-1.264380927270775112e-01,-1.610303166893820581e-01
1.666014379214361130e-01,-2.280358945726512765e-01,3.542991650646266644e-01
-3.096813222476194616e-01,3.793749087352048521e-01,4.296855094455086510e-01
-3.853230254451478487e-02,1.725291796994156135e-01,-3.306436600881816901e-01
-9.440837964647830205e-02,-8.597067357914500718e-02,-3.817522117875687959e-01
2.456127435260631042e-01,2.728703922038804297e-01,3.087620781304128981e-01
-1.366037203461524241e-01,1.201239053984387573e-01,1.849931641673326910e-01
-7.490653672642177963e-02,-1.897776654795393370e-01,-2.040790108045609230e-01
-7.527471076043401599e-02,-6.308798731494968948e-02,-2.876068008940035892e-02
-6.886980647386964360e-02,-6.764580575612710867e-02,-1.437094605253544932e-01
-1.317041667414350359e-01,1.912122684327071109e-01,-4.892333635512163825e-01
-1.581386636828150394e-01,1.247350256068224805e-01,3.404321111401399369e-01
-1.237378465035777753e-01,-5.694161689705468099e-02,-4.088127578837613685e-01
-2.229118233535031246e-01,3.070917528801077045e-01,3.102241380687253969e-01
-1.937541144315899633e-01,-2.926558991273423560e-01,4.656995849673344345e-01
-9.724812341739075272e-02,-1.026020279827449810e-01,-4.731928330857040343e-01
-7.072376938516200529e-02,5.794375854707367601e-02,-3.939515249268804586e-01
-6.157215493033363352e-02,-1.603191688493403877e-01,-3.500496263558896537e-01
7.479621242253764457e-03,5.511728533266957442e-02,-9.779348218422634353e-03
-1.471642897186857812e-01,1.220232766692324056e-01,2.357202651488528033e-01
-7.696388073960747089e-02,-3.711301181868242871e-03,-3.432401492408587718e-01
2.385865701568619102e-01,-2.878770870588955866e-01,4.551049380876736050e-01
1.551692309691495852e-01,1.540035648464265217e-01,1.296524052679300931e-01
-2.643067168510008225e-01,2.843183374683790898e-01,3.640388035586639148e-01
-1.585750485261945286e-01,-9.870859219713656874e-02,-4.778223879322446299e-01
-1.818973842994435763e-01,-1.749559957396106258e-01,3.847977060474464528e-01
-2.223212281125985790e-03,3.690276850935958475e-02,-6.645387744323838497e-02
-1.323660064533613845e-01,-1.970484484847210283e-01,-3.771071414831278501e-01
9.380011016854539196e-02,1.845074206757516544e-01,2.224060459591336025e-01
1.176089784868897814e-01,1.184874316209869605e-01,8.950617715864450652e-02
4.780166072300140456e-03,-4.772062994887382725e-02,-2.425127088383549623e-02
-2.622239233428695915e-01,-2.668589496207162126e-01,4.123378673752128298e-01
-1.712660817071095520e-01,1.446449887413452373e-01,2.204920362120098565e-01
2.774745417433365224e-01,2.701894108022011576e-01,4.359742879103813973e-01
-2.964781026602463232e-01,-3.347018439494220399e-01,3.866067884179424929e-01
-5.345237218146625668e-02,-1.143248000842810308e-01,-1.429094916719251263e-01
-1.776828681504112328e-01,-1.808975602681793804e-01,-4.605481618292480706e-01
1.942722393561615579e-01,-2.538037193946144354e-01,3.458170438467298435e-01
-1.710057713325915385e-01,2.592517725536696016e-01,2.262259960285077920e-01
-6.763894997822894606e-02,-2.968361861187807094e-02,-1.427173732941466877e-01
-1.514207271256161613e-01,1.990021225977536279e-01,-4.831331611142225535e-01
-1.337346170447299976e-01,1.177911635592295836e-01,-4.000692802559765449e-01
1.443303049180613140e-01,3.115385307965313766e-01,3.444902553906640241e-01
-1.375639428561096222e-01,2.830701003164403096e-01,-4.056889604450361064e-01
-1.025274266465362460e-01,-2.345152560139114328e-01,-4.702414742604604792e-01
-7.560074111105641315e-02,-2.621554833374961646e-02,-4.548118499540765303e-01
4.207278603875952427e-02,-8.224200366203215928e-02,-2.178181895930497713e-02
-2.025370669318820038e-01,-1.241869612848097715e-01,3.213917857111737719e-01
-7.917914954473004308e-02,-1.892792087448442739e-01,-2.728932593206311319e-01
1.595114837077646897e-01,1.066192056667835120e-01,6.689499958541655911e-02
-2.549967155347830916e-01,-3.373435940005671263e-01,3.611539759270582239e-01
8.575493266217304456e-02,-4.764354298429573920e-02,-1.012713685788960705e-01
-3.115548611736014273e-01,-2.940357768177247477e-01,4.884916432559770483e-01
-1.327456692332255050e-01,9.056468383424298718e-02,5.463057231180912243e-02
-1.718270481854577980e-01,-2.327757803914531909e-01,3.743808055889249475e-01
1.100999562612938742e-01,5.559471516555913873e-02,2.049349284582183683e-01
2.112324388091054717e-01,1.608982212135215972e-01,2.325595409620928589e-01
7.199659230998078918e-02,-1.360423603800620107e-01,-8.786615571000333524e-02
2.182802317178024198e-01,-1.580913372226651070e-01,3.193077240363209057e-01
-1.395254192837019902e-01,2.047357103800275802e-01,-4.942536046766531355e-01
-1.528283501374533282e-01,2.900392932954445335e-01,-3.520630999754547075e-01
9.399543864393555825e-02,-5.249833127717762338e-02,6.839929513146725260e-02
-1.081699815881106419e-01,-9.956338512296247778e-02,-4.658317500017994384e-01
-1.954096525544741780e-01,3.024264036100680064e-01,3.296717712410857093e-01
-5.867323042607586192e-02,1.853123584355612641e-01,-3.792934374817720222e-01
2.396371833235965143e-01,2.014473162864508504e-01,4.264675082284351548e-01
-5.442613107652072291e-02,-6.931618775943015898e-02,-1.141527908841309946e-01
-3.011404664595410674e-01,3.343935018940455972e-01,4.622761510074772096e-01
1.224822800599223438e-02,7.915959590040955174e-02,2.538953316957359707e-02
-2.571449587547504079e-01,-3.849223202327961557e-01,4.765738044586312894e-01
1.507550513012205773e-01,1.260033933627378033e-01,9.167822280286808123e-02
-1.910489580950119892e-01,2.594434223059247646e-01,2.231091701291753049e-01
-1.941954996901349428e-01,-2.751113491925869514e-01,3.717279700931965802e-01
-1.078864662857401679e-01,1.143678223731044996e-01,1.882681548476095035e-02
-6.626924705010261984e-02,4.543191252764799959e-02,-9.779387616942225581e-02
-1.443314113737873550e-01,-3.069162810894007221e-01,-3.904396776421064086e-01
2.356192106182400936e-01,-2.104335871148065307e-01,4.070912534027677498e-01
-1.740545672622637596e-01,-1.154728306974723839e-01,-3.997059216432327089e-01
-1.833366751649881943e-01,2.203858227903517930e-01,2.155431589354122046e-01
1.681407930360354630e-01,2.722708865138750989e-01,3.365310558791217987e-01
1.053745157104643004e-01,4.958183226884116390e-02,8.495226809277911517e-02
-3.024296915045204814e-01,-3.558646377821901297e-01,4.794901366512542840e-01
1.799797054484866266e-01,-3.172422797200445954e-01,3.521238516551206121e-01
1.926682286502049424e-01,-2.242253038240263896e-01,3.650602459029375080e-01
-2.252978896002850728e-01,2.243934942532068710e-01,4.531778311430746387e-01
2.377315150586563064e-01,2.501249670869648556e-01,3.626730756405571743e-01
-1.468408983373613585e-01,9.264498410348309676e-02,-4.860569969424025638e-01
2.141538337961048644e-01,2.030666469131268137e-01,3.445432378656603234e-01
1.192012604196606151e-01,1.741947611400099793e-01,1.099885341260454785e-01
-2.016276094797450069e-01,2.614774112758916358e-01,3.929499290545811485e-01
-1.370707703692117807e-01,-2.742633231859317178e-01,3.243104989175851216e-01
1.189762969284923200e-01,1.995937297394649867e-01,2.896927457941608219e-01
-1.107514085630207923e-01,-3.036943064916863833e-04,-2.311586214122707261e-02
2.153685942335312742e-01,2.666745393021862087e-01,3.714539886753543962e-01
-8.237321805040465073e-02,8.643108521567466340e-03,-9.751224527978763490e-02
7.757353814604728282e-02,6.619750452362627158e-02,6.823503639136596632e-02
-2.174355985335767460e-01,2.685975719040010201e-01,2.805711768117227223e-01
-1.769046067159623092e-01,2.235625215029105606e-01,3.804533396289245806e-01
2.919467568105298394e-01,-2.936133572554003868e-01,4.317731029825960798e-01
3.760731010178608447e-02,-8.531684043732035150e-02,-4.761114042337788455e-02
-1.792250070126397699e-01,1.244703363928765238e-01,3.106986538318399216e-01
-7.047459749019902020e-02,-1.161741843348853553e-01,-1.340270325508799987e-01
-2.087060964989086997e-01,-3.860407043391836934e-01,4.042657266646787484e-01
-8.596267747465213827e-02,9.872058684902818015e-03,-1.027984924196483352e-01
1.037001458054191971e-01,1.897949171877457708e-01,1.544736616926383199e-01
2.002744580808880626e-01,-2.735098331385709125e-01,3.266502007777155603e-01
5.511186692448832858e-02,-7.101739622538838503e-02,-4.876180871769342229e-02
-1.328520902232560585e-01,-1.123044732312592497e-01,-4.999702298647293874e-01
2.574924640550363408e-01,-3.817344272458026433e-01,4.343868213352235497e-01
2.734820827916599750e-01,3.638967839783711078e-01,3.690196318005299903e-01
2.348001304319836668e-01,-3.859691159550024953e-01,4.050939395631671935e-01
-1.952681767701065496e-01,1.583376922977812740e-01,4.019446397399775162e-01
-1.821422894062552089e-01,3.394839084705753018e-01,-4.218409458576218851e-01
-1.142920192617361552e-01,1.656039707668058858e-01,-3.750535725134934717e-01
-1.425255686159810908e-01,6.091844548656799585e-02,9.510405019926604364e-02
-1.801608187884591317e-01,1.767889546015863900e-01,-4.698954757218462008e-01
1.024449299214988951e-01,-2.679232795851704818e-02,8.436054796271419409e-02
8.482525046342326291e-02,2.153923954985387246e-01,1.740144297255215022e-01
-2.167036259220013195e-01,3.243134221788592786e-01,3.970327202102430508e-01
-8.547195384009143027e-02,1.110287391400871515e-01,-3.305561066259212755e-01
-9.022134483585231290e-02,4.355877350418202454e-04,-3.693683147799705635e-01
-1.587985731384004007e-01,2.563716585502064937e-01,3.430750865815035411e-01
-1.867978339911738894e-01,2.244885708930678403e-01,4.467244766093849684e-01
-6.610747883971512806e-02,2.243419515657318897e-05,-8.354835575285046723e-02
2.146141429672996370e-01,-1.392292995715767034e-01,4.627827327774323152e-01
-5.117554031589399699e-02,1.252140016456055882e-01,-3.624631876309286627e-01
3.401308870497976589e-02,-8.224460040666392580e-02,6.002756439915324371e-03
7.040436857777110369e-02,5.642463210968950982e-02,-7.482915681539847874e-02
1.418148824050411427e-01,5.594246302003491600e-02,7.702199830052025575e-02
3.912628287930242088e-02,-2.531645401039228638e-02,-3.858558321989091766e-02
-1.623146591509678771e-01,1.152428396601264948e-01,1.210352381419226298e-01
9.878946892486706322e-02,4.880070542525505317e-02,1.056292420384912223e-01
1.918798836325578128e-01,-2.707634475625191328e-01,3.620285110271375117e-01
2.461392123322021508e-01,2.314920624204339639e-01,3.552215484948516577e-01
-1.055948966280481072e-01,2.832745100149629547e-01,-3.209939042711031920e-01
-1.223025268065545124e-01,-3.893820848273543689e-02,-3.383203659605245051e-01
-7.482925533515627503e-02,2.178816613803311597e-01,-4.489907042895043832e-01
-1.755052845030848907e-01,-2.672301819640620080e-01,3.422959446274133066e-01
-4.337629225504624486e-02,-4.713443702337627439e-02,-3.495538320174986779e-01
1.553138239198043058e-01,1.257358216696708997e-01,2.185873001157305762e-01
1.150316533960016319e-02,1.828928385543182600e-02,7.845706730595258804e-03
8.881354699173127365e-02,1.636951126827377312e-01,1.551172841493962951e-01
-1.637193183176117728e-01,2.244269230799251780e-01,3.602161091561465467e-01
1.304606027993233663e-01,1.634848165122563257e-01,1.736533907247026498e-01
-1.310282375500582130e-01,1.766833060283827805e-01,1.751095375524093223e-01
1.895811442347032916e-01,2.359128432974150202e-01,3.608224857824057219e-01
-9.641279954628279025e-02,1.267096670897689403e-01,-3.706620316357506217e-01
2.374730439559220585e-01,-3.866090546464127087e-01,4.399138164204953183e-01
1.294533539867447347e-01,2.248027627361501857e-01,1.902495922224277658e-01
7.475130847933941780e-02,2.117648659520942056e-01,1.502353284806093869e-01
1.876898869780132539e-01,-1.651145589344953368e-01,4.258404651713048050e-01
9.631225176086655182e-02,1.276658978889677609e-01,2.216627608812132832e-01
-6.388936247224963338e-02,-1.873831541283754731e-02,1.223950515450058507e-01
-2.536032477555641984e-01,-3.582552751399112889e-01,4.680063297818839452e-01
-3.103760344394154158e-01,4.166701654723692361e-01,4.859130976525500856e-01
2.182491745003156680e-02,-5.931180580684558556e-02,-6.859956958554846995e-02
4.860752198997053686e-02,-1.413238442142769058e-01,-7.326749454121139760e-02
-1.735341888456082282e-01,-2.740628851965479784e-01,-4.720845260009800537e-01
-1.235071743123318244e-01,7.616966437120942235e-02,1.922869778347476855e-01
1.328470996075397093e-01,2.202823689516621997e-01,2.225988806600022185e-01
2.393025629822835842e-01,2.083539425941594025e-01,4.134926477483660268e-01
1.074743641716440212e-01,1.784840793884976407e-01,1.862242708579843198e-01
-1.620850106997631102e-01,2.691067992090164784e-01,-3.754662861369369997e-01
1.711417774930314994e-01,-2.240020739648375114e-01,3.564725029326835104e-01
-8.919823126020454129e-02,-2.434391901875287978e-02,-3.983056427418529832e-02
2.989762371788403650e-01,-2.865883212373868671e-01,4.755671250486463997e-01
-7.791138535199715331e-02,-2.107255671467260782e-01,-2.039307905688968470e-01
-2.186223515557291774e-01,-2.440312894722485026e-01,4.856256515840369214e-01
2.381014234708112021e-02,-5.004715319753116898e-02,-7.657903653861419802e-02
8.280469721235217406e-02,-1.475570503453026427e-01,-8.161085973250525871e-02
2.011537061287815842e-01,1.953900168723347042e-01,2.331935493991567077e-01
-2.626056837237799035e-01,3.546395318630651827e-01,4.474882130928700130e-01
-1.569972426266850185e-01,-1.164981839322972723e-01,-4.088926912885533227e-01
-1.291186767188244877e-01,1.715801860724172068e-01,1.763704265152601369e-01
1.563825200541857363e-02,-1.236389071599413025e-01,-1.321860019374216932e-01
-2.241631879903459579e-01,-3.592040263839224590e-01,4.433050338893812503e-01
3.016555854004709936e-02,-1.608233698362782071e-01,-1.161856289902124528e-01
-1.493847396859430132e-01,9.263154376780158294e-02,3.408056356189840264e-01
-3.025429558911570949e-01,3.291946729752147638e-01,4.876318378413490029e-01
-2.159122588422749400e-01,-3.377577048596018816e-01,4.816255551599099016e-01
-5.462536946188201181e-02,-1.844103360849391748e-01,-3.409937216680513083e-01
-1.950583925997789736e-01,-2.614431963340514420e-01,4.492022513566220621e-01
1.624352024862537602e-01,8.133276334085792758e-02,2.384528501098557296e-01
-1.080935293096697558e-01,5.017636988466478432e-02,-4.303545360632147210e-01
-6.178313920389233438e-02,1.205364545877286586e-01,3.181526141688251208e-02
-1.552713674745987982e-01,2.071454792653433241e-01,3.698882676812708103e-01
2.200035804500253267e-01,-2.003667294461071169e-01,4.104841032692911895e-01
-1.451328953918742393e-01,1.053821841522857294e-01,-4.857285907746266007e-01
-1.796757004258727752e-01,-1.020872783165125419e-01,3.176554992080373729e-01
5.770093422234334746e-03,-9.911157633603395745e-03,-3.227856456466382529e-02
-3.360761628176045512e-02,1.772495610109969810e-01,-3.655043469644279064e-01
-6.367300363210337544e-02,-1.196193169276504875e-01,-2.109822047446362481e-01
-1.936293402510755879e-01,1.424310633572624107e-01,3.251792389656004145e-01
1.442229094759777119e-01,1.630853297908342325e-01,9.975986217511845222e-02
-1.440615770369422233e-01,-4.633420807062405000e-02,5.749493984918818690e-02
-4.840847827239291856e-02,-7.044477089472034326e-02,-2.585625958698455351e-01
-1.947081232321982158e-01,3.332624961719802270e-01,3.289529580817837084e-01
4.903484594826146292e-03,-1.141625791950634516e-01,-1.639177666383271337e-01
-1.401068674389936985e-01,3.084975779561394127e-01,-4.451835506670042131e-01
2.627939014673724705e-01,3.037443702417107483e-01,4.686179679720501312e-01
-1.360921800769379075e-01,9.761431986528212867e-02,-4.077742335248982775e-01
-1.471736129887331046e-01,1.414248849058382662e-01,-3.424030654206566826e-01
-5.008128273768697181e-02,-3.846952264413994182e-02,1.052784875819481325e-01
2.397352514886226249e-01,-3.835684190118880954e-01,3.309170651125804552e-01
-2.889704472895172627e-01,-3.537633751948725536e-01,4.751300324197494929e-01
2.800795582352910706e-01,4.142107458652118934e-01,4.737867104212595271e-01
-2.537814085362566363e-01,2.883226116934556327e-01,4.821567889117254202e-01
2.024537173430027703e-01,1.397967975707357091e-01,2.745783322093964252e-01
1.012500511235201461e-01,2.038599152219686683e-01,2.411685691558346223e-01
2.196468014652159795e-01,3.321019965492540971e-01,3.796982169678416730e-01
2.795936335567489328e-01,2.584392964886749189e-01,4.209584755085705732e-01
2.545387244777775893e-01,2.077281312640407718e-01,3.099105322507872406e-01
-2.274111744984652628e-01,2.840221333098312817e-01,2.655009411178895773e-01
2.037116776609534385e-01,-2.944415258929141688e-01,3.901804413900634705e-01
-1.228510813760540499e-01,4.016080214582495866e-02,1.726418091385502063e-01
1.056770750187867591e-01,1.066364298799571397e-01,2.245934493320546066e-01
-2.877848029386509410e-02,-1.792839072410012946e-03,-3.233737187756088316e-01
-1.495902075847242996e-01,1.958060731465491866e-01,1.765168734301022502e-01
-1.687402870067549188e-01,2.974812067870917787e-01,3.130723712323806307e-01
-3.234663666401911275e-01,-2.976089896626458176e-01,4.864143125289173142e-01
-1.558210906139435581e-01,7.402804362410742023e-02,-4.362094224717029123e-01
-2.798620837580891862e-01,-3.915087920103700325e-01,4.411054548612399762e-01
3.017779422571434944e-01,3.235678678659338336e-01,4.060176714893600769e-01
-1.820428836594490951e-01,3.139208317632263823e-01,-4.379829906832963804e-01
-1.753034903586105919e-01,-1.138082546744580981e-01,-4.966324385857111556e-01
-1.506063121070687627e-01,-1.816427110514439169e-01,-4.025455355008052960e-01
-2.083476517181607202e-01,1.687822717644417159e-01,4.378263143668532642e-01
-6.649288211077497568e-02,-2.144679973631105074e-01,-1.720458513227889341e-01
6.618111169886764511e-02,1.146009042705261605e-01,1.577945539717497958e-01
-2.185152973841302249e-01,1.874163334847328555e-01,2.912965813641501533e-01
2.217627312060481692e-01,2.132092623834873635e-01,3.888851685487163534e-01
-5.684075131700516703e-02,-8.148756529865575082e-03,1.128247888837324853e-01
2.211145118755964978e-01,1.764169558770335433e-01,4.224571363902579479e-01
-7.528004864750381664e-02,2.256223398664625179e-02,-3.169394166549609482e-01
-1.757433213866228527e-01,-2.860382396915017722e-01,-4.740090742624164522e-01
-2.627234553339785617e-02,1.670502437678189622e-01,-3.535842863701236238e-01
-1.837236847723333621e-01,2.183419571887771360e-01,4.004333834122770774e-01
-2.434627882200631754e-01,2.171890977686118385e-01,3.019937753949718529e-01
1.252521641153758747e-02,-1.282690203056334743e-01,-5.221422490057281429e-02
-7.533115429948589181e-02,-5.208007130669878304e-02,2.627942483825640441e-02
-3.398560490712668747e-01,-3.220575428847952670e-01,4.882639457407701444e-01
1.867533444075587523e-01,-1.652616674876358216e-01,4.140750045883072605e-01
2.212298257387654843e-01,-3.680986516051810709e-01,3.462835596737360300e-01
1.253938441939389525e-01,-7.903213358624716633e-02,1.332865744411537712e-02
-8.317430901157429890e-02,6.452531126583294085e-02,-3.501795367259114000e-01
1.073306867325221070e-01,-1.728123463341302291e-02,1.062569504158150657e-01
-1.435475589990891088e-01,1.503120213114301773e-01,1.808338309846893033e-01
-2.193051151038355462e-01,2.778527333835437707e-01,3.744842522916166372e-01
-2.279166914112907838e-01,-1.525405820364219567e-01,4.622779017972968862e-01
-1.406915345264670991e-01,-8.322818052712788184e-02,-4.072177842218404065e-01
6.679199863336526821e-02,5.419795955998574222e-02,5.137486302596183663e-02
-1.852969358549348966e-01,2.277761392221004932e-01,2.616070388856781559e-01
-2.193113154243777618e-01,3.120061406961774919e-01,4.207906334975448637e-01
-1.421397179921094489e-01,-5.046067502431605956e-02,6.456819815314185362e-02
-5.410053340060072546e-02,-7.236221410750964811e-02,-1.451126642539257716e-01
1.458382792462925570e-01,2.824956335124894080e-01,3.210396602320629844e-01
-1.611748848813230328e-01,1.679272506599749359e-01,-4.762677242840881453e-01
-1.253084463856798392e-01,-3.495595433923337492e-02,6.148697880452602682e-02
2.192002679046933800e-01,2.770636251454376975e-01,4.284664107594239324e-01
-9.300239428706225109e-02,-1.184322677931917145e-01,-2.005690336232124338e-02
-9.543980600992962859e-02,1.821688401785392930e-01,2.309032592405985129e-01
9.626568164648696690e-02,1.946209389841526693e-01,1.466373343965394760e-01
-2.518615708752073301e-01,-2.946577634355842523e-01,3.535243486380735822e-01
-1.835513114285800551e-01,-3.254946220781752553e-01,-4.298340080986323697e-01
-1.139757888948178532e-01,1.742000077434437966e-01,1.316566750356545912e-01
-1.888990541085907582e-01,2.035979420675932960e-01,-4.396864033053351495e-01
2.235792758811036007e-01,-2.224634307127684174e-01,4.424280907105017091e-01
2.312495303986272788e-02,1.307001203486685137e-01,4.980994765105806188e-02
2.287683168494939467e-01,2.826078799783632300e-01,4.416779266470142185e-01
1.828204273634914667e-01,2.422410820992927372e-01,4.080280139468559497e-01
-1.585813684396499834e-01,-9.965662057716473399e-02,-4.244959698882454502e-01
-2.369712302610001986e-01,3.021406437735350003e-01,4.461545388031553649e-01
-7.859761963161959741e-02,5.273715875557527522e-02,-4.400833137934383466e-01
-5.511030254966087227e-02,6.727639865545054221e-02,5.827702292135550355e-02
-1.620081018284923458e-01,2.885298134250905422e-01,2.865712385561026698e-01
-1.613159415663032448e-01,-2.832264353123056244e-01,-3.697397655840468644e-01
1.742273900366976269e-01,1.886057557932865336e-01,3.687233589584019144e-01
-1.510889422187839948e-01,1.776872257796584531e-01,3.208856052506799950e-01
2.562990497097468179e-01,-2.613246739758109394e-01,4.017423033440467028e-01
-1.194519208149538159e-01,-6.043056127359114349e-02,-3.436221530203193986e-01
2.118666326329552430e-01,-2.164652764510974770e-01,4.142199796556645941e-01
8.379857561695625012e-02,-1.273587399995690372e-02,-3.212046874919904926e-02
-1.029218276280552402e-01,1.164118282378110436e-01,-4.529932958670792598e-01
8.168985761160918457e-02,5.232921752481234368e-02,1.702134339947783959e-01
2.885523252314289300e-01,-2.955930885083427606e-01,4.589706951297534143e-01
6.496468640541885886e-02,1.318438672308726023e-01,5.501806778225759587e-02
-3.022706280925299138e-01,-3.507884650468132692e-01,4.310070827783687442e-01
-1.325014058664722993e-01,3.235522347511387009e-01,-4.310893915670930276e-01
-9.824424571374579251e-02,4.229342088873222494e-02,-3.588306634397472328e-01
-1.750430898037010907e-01,-3.311883821910829306e-01,3.468174287756483620e-01
2.028698485725312084e-01,-1.316729800713978271e-01,3.424828997583867496e-01
-1.274130264411451607e-01,7.262230866730379208e-02,1.450160383821308407e-01
2.836635948196014612e-01,2.812191250815032628e-01,4.425229056724226950e-01
-4.518332917231493440e-02,-5.399251435109553299e-03,8.566944267950504788e-02
-5.336287077339718632e-02,-7.771980320345539539e-02,-1.755184197827945880e-01
-2.899725291772712321e-01,2.707834265137769592e-01,3.755697627290504048e-01
2.931563188135812847e-01,-3.523017178996371568e-01,4.177300004432782377e-01
-2.742269487644186654e-01,-3.175827554900031435e-01,4.989240652544371102e-01
3.214052638624442793e-02,-8.333119129328969699e-02,9.649483818339188446e-03
-2.298496183551381744e-01,2.001588233707128905e-01,4.667248007945195010e-01
1.643779322402212362e-01,1.566972812393733205e-01,1.219165751490302041e-01
1.533160545120518803e-01,-7.747791386499092159e-02,3.645296723227895441e-01
-2.074642287443368982e-01,-1.336772172039339956e-01,3.802109191443520109e-01
1.419141225854363420e-01,1.760635453559790120e-01,1.437830701563027613e-01
-2.638101061842210715e-01,-3.402356189589633706e-01,4.296496444941394488e-01
-1.180442798300136431e-01,1.353965577268214648e-01,1.383257236765006448e-01
2.416814607792316938e-01,2.727257429091604068e-01,2.824821059191063854e-01
-1.541502358468711531e-01,1.947498219741428116e-01,3.163650179540300478e-01
-1.205171974197477569e-01,1.606024371651157967e-01,2.573074327736480926e-01
-1.365445319310567562e-01,-2.092463461244586931e-02,-4.667176408772382157e-01
-8.805815310304443422e-02,-1.334869606525295183e-01,-4.944228466605835592e-01
-9.744699466391670839e-02,-2.291091856450988562e-02,3.708662604393964113e-02
-1.750939641824935666e-01,-3.616205621697262673e-01,-4.420913832088828599e-01
2.697689547055853732e-01,3.215260417770794410e-01,3.806177650840780746e-01
-1.906611064460183025e-01,2.839115605786691754e-01,-4.698436550744534701e-01
-1.579863746354523979e-01,-2.491027848932794164e-01,-4.029252314853741801e-01
-6.727205788729462288e-02,4.403417354325800392e-02,-4.219099414560432137e-01
-3.045018938914978435e-02,-5.679233442629905149e-02,-3.329748431293434452e-01
-1.687990842191975371e-01,2.616869442326800188e-01,-4.508939279567832914e-01
1.746304198614198055e-01,-2.346431608990245943e-01,3.703518868933495245e-01
3.027085319652180750e-01,-3.956936534873146671e-01,4.786565184763187375e-01
-1.919474491338153399e-01,2.365684585947630536e-01,-4.985599127717033063e-01
1.557926374784865953e-01,2.204077586600426963e-01,2.726436306604899107e-01
-4.868860530950736010e-02,-5.551809544134267416e-02,-3.966508131976601570e-01
-2.439989195875825745e-01,1.951568375775569741e-01,3.854070551169123116e-01
-8.838605766018903243e-02,-2.480523092049935485e-04,5.467125397576655388e-02
-9.945854573072832050e-02,-1.100015560485009258e-01,-2.373097415169819202e-01
3.304802498961930679e-01,-3.443455348086597034e-01,4.992292383971955738e-01
2.944529964201548777e-01,-3.707078301330424264e-01,3.917648701844812509e-01
5.613479744622784651e-04,3.346997447186250696e-02,-1.436037312168370050e-02
-1.592675686713500571e-01,-2.980110331036643911e-01,3.242323056959376393e-01
1.326726022017771234e-01,6.919092304195739729e-02,4.368965595207041641e-02
-7.628371331095329388e-02,-1.372212967464147004e-01,-2.620963532197309043e-01
-1.152650155162214807e-01,2.925278875695395131e-01,2.765428212642282446e-01
6.999259329237972338e-02,1.153571605480274709e-02,6.512509653883735705e-02
1.719488777697040227e-01,2.957306861319932700e-01,3.595543492740784774e-01
2.847756602706031925e-01,-3.972225863785805444e-01,4.780148725084355510e-01
2.029455607035428599e-01,2.061130037407040705e-01,2.431145483475006808e-01
-1.241230255639597102e-01,-1.530115090509150955e-01,-3.170115517531354454e-01
1.820535953249795558e-01,2.589698150513212171e-01,2.764217759956695275e-01
-8.972025616575374229e-02,7.881360859131936181e-03,-4.833157879630437526e-01
-1.968528577578055883e-01,-3.745234917513732276e-01,3.663536746108310149e-01
-4.173935193434041846e-02,-1.593806079330950531e-02,-1.170916449802043013e-01
2.747760737156024202e-02,-2.491541071926406392e-02,-1.606431261629006624e-01
4.179221848729464117e-02,-4.656300155932158180e-02,9.108268075092063043e-02
5.943310179580441055e-02,-3.197454768551755144e-02,7.777177113961830646e-02
-1.943393814303078226e-01,-1.831902132206332245e-01,3.298881928110498629e-01
-6.531267231123616401e-02,-5.624509754327133848e-02,-4.478290640716937610e-01
-1.355768477648551240e-01,1.892737896262430830e-01,1.471980074930689941e-01
2.869240422052816708e-01,3.228384568100900465e-01,3.780859797178629522e-01
-6.466282255235966669e-02,-1.360148836833470209e-01,-3.175517332018927830e-01
2.518306955874379804e-01,3.590202667288525662e-01,4.114895671651812581e-01
1.567395798048720756e-01,-2.894793967003943536e-01,3.220681638033724425e-01
-6.285482549766963078e-02,1.907824464722884805e-02,-3.381762024670833533e-01
9.769025860764368741e-02,-2.583450615018034746e-02,1.153794172076177960e-01
-1.606891683049951336e-01,-7.988099821459604399e-02,-4.992099104236746854e-01
-1.122678127390193126e-01,-1.354523533085327802e-01,-3.424808362691800223e-01
-1.629273390561759571e-01,2.317183576188200922e-01,2.974472651876149953e-01
-1.691572986226578257e-01,1.997184609574319536e-01,-4.114627311499626794e-01
2.479317251498879271e-01,-1.922260991475513991e-01,4.123798739835005112e-01
1.588971924670588010e-01,1.900657217410510746e-01,1.675528525570606497e-01
1.817473402875752209e-01,2.456772778150851932e-01,3.694052190214631715e-01
-2.878314885782606858e-02,-1.012143587372449360e-01,-1.842954198630090135e-01
-1.941445135395867272e-01,1.331275526700500533e-01,2.957532822307818998e-01
-1.553600613541260556e-01,3.415739584759265313e-01,-4.076940960248878199e-01
2.080853063040047912e-01,2.990773743570142029e-01,3.124277980919478725e-01
-8.590488786022354439e-02,1.657576695297611202e-01,-4.671295432768801659e-01
2.807647769770440505e-01,-3.879932325222473777e-01,4.295883155841654366e-01
-1.520373793725144917e-01,2.521617054926931223e-01,-3.833909199233890286e-01
-1.311404438646484039e-01,3.626706029184534330e-02,7.974128906367805580e-02
-3.161362291564995264e-01,-2.880239326441941250e-01,4.746475945282573328e-01
-1.830591721743397571e-01,2.653698533893347200e-01,-4.847289084420579597e-01
-1.583861745141842414e-01,3.418756135354004133e-01,-4.791120216356345995e-01
-1.626759884753755658e-01,1.401185234246682398e-01,2.803008902616296316e-01
1.723357501113192969e-01,-7.721107171217078680e-02,3.477438728889596931e-01
-8.841814182901530650e-03,-5.155479389001127455e-02,-3.205886152924249943e-01
5.303651308258339192e-02,1.582190163603561794e-01,8.302188165844093248e-02
-5.324280331180264447e-03,-6.696394253771165150e-02,-1.201505397280675513e-01
-1.298281628300658186e-01,1.137644510613950999e-01,-4.245142499717087237e-01
1.195222166068743430e-02,6.255437798320384601e-04,-5.171766842717495649e-02
-7.395998112948998227e-04,-8.876449264705343900e-02,-1.038297635647353889e-01
-2.748589524688409558e-01,3.362949837213130566e-01,3.455453787122219067e-01
1.338900795388053844e-02,-1.301599671344703113e-01,-9.887089533587933854e-02
2.184041814904517098e-01,3.002587955025293187e-01,3.723370630791937863e-01
-1.037340318082959900e-01,4.031989224924314996e-02,-4.146325777046176997e-01
-2.202964640842733912e-01,-2.261150922810956088e-01,4.897455207354683981e-01
-7.414621728828318936e-02,1.947339340340112912e-01,-4.191022252162311945e-01
-1.800421670567271537e-01,-8.847763335799352369e-02,-4.847497603082068229e-01
1.243204597138503065e-01,1.071211493140099558e-01,6.028058239567235521e-02
-2.210045275954950483e-01,-3.396500775664116345e-01,3.326016893015062426e-01
-2.137432557019792734e-01,1.984837776283708832e-01,3.861906066958471495e-01
3.460778455939206300e-02,-1.715171618306469137e-01,-1.360608457152354678e-01
2.145592397272944041e-02,-1.303780144724964174e-01,-2.026176933335407382e-01
-5.430230935054092267e-02,1.480063464477598956e-03,-4.317944565774369803e-01
-2.201507278731048567e-01,2.360881784270054684e-01,3.668836870950269446e-01
-6.910438547139086118e-02,2.268806219044905426e-03,-3.545830522112518590e-01
-1.593252698368030629e-01,2.299017094333017930e-01,1.916580307036027664e-01
-2.321617293708008178e-01,1.753650122108100229e-01,2.612637814416080007e-01
-1.289138017655901969e-01,-1.216660990760235483e-01,-3.894549897721393261e-01
8.219383241974054233e-02,4.372463916011537499e-03,1.409895210642054808e-01
-2.002547633820526141e-01,2.672724612701962155e-01,4.227201350701944582e-01
-6.728244434189556422e-02,9.586239375437799470e-02,-3.209395144406533840e-01
2.824998104458704695e-01,-2.411590761125332882e-01,3.730015090628804320e-01
2.034203977876044567e-01,-2.742319778212963799e-01,4.318319456721709804e-01
4.347974762775663748e-02,-4.049438407554672992e-03,-7.652200998408476007e-02
-3.099136305748733111e-01,3.855711436095308198e-01,4.920420773683455984e-01
-1.890804951691801294e-01,3.350886999729977278e-01,-4.846954311859980047e-01
2.696485087566770078e-01,3.417057798080544995e-01,4.007020632808484528e-01
-2.780022454711251756e-01,-3.781986673234705165e-01,4.865336927869908790e-01
3.154893400012740434e-01,3.924409603908664002e-01,4.347456470433144204e-01
2.346979854490991446e-01,2.245776464065724065e-01,4.289177121771637902e-01
2.106261168165228792e-01,3.161239449348941521e-01,4.276589256563174679e-01
-8.586156099852226831e-02,1.051007985212466522e-01,1.493928064695215774e-01
-2.516736617269116350e-01,-2.795909429322958051e-01,4.809840111326251222e-01
3.507552223134591252e-02,-4.477113543563715492e-02,7.996311368836461764e-02
7.816068084538385641e-02,8.639770293849324823e-03,-1.134775647155289446e-01
-1.470311773182113591e-01,1.163424370009173980e-01,3.476625374132898960e-01
-7.309560994030306347e-02,1.716304900346912188e-01,1.760914725002646897e-01
-1.522228459579293425e-01,1.657011459405032250e-01,-4.320474291377264242e-01
3.897089754526639194e-02,-2.543041524910805151e-03,5.758162609214623195e-02
-2.426237291450212830e-01,-1.867915799891228801e-01,4.734863780002694922e-01
-4.841744182685869813e-02,-8.923678949117497261e-03,-9.152276793242775099e-02
-1.475896460059924475e-01,-2.140640888951408360e-01,-3.777237338351363549e-01
-1.028626947410182790e-01,1.047022390433666184e-01,-4.221070438333952568e-01
-1.724209291179673587e-01,-3.210761670808439661e-01,4.096489579471118692e-01
-2.448030022785533388e-01,-2.871242592461850096e-01,3.949588090895407300e-01
2.070463797057944255e-01,-2.611884698866320242e-01,3.874068965906365403e-01
1.283063948814777699e-01,2.357109739763093570e-01,1.838476539967631718e-01
6.006257266854986288e-02,4.091335242306892717e-02,-4.339652904518986887e-02
-7.956656284623186970e-02,5.641787237346440609e-02,-3.547575437952510402e-01
-1.460569362929032833e-01,-1.587868718272582580e-01,3.208182375627139926e-01
2.995501383344895130e-01,-2.801156009080583154e-01,4.443231852349055488e-01
-1.631841798604327654e-02,-1.238599722253048707e-01,-2.544639617847217483e-01
8.896077729995277572e-02,4.253847081422645893e-02,6.193336822420048016e-02
-9.246506740517257406e-02,-2.421843045268279315e-02,2.544388318821810824e-02
2.396771789192053692e-01,-1.610104318626830455e-01,3.822186716486829505e-01
-3.991873257131672847e-02,-1.025493338789845721e-01,-2.716382518218809494e-01
-3.507851888533719542e-02,-2.269503077886758646e-03,1.390213969471065791e-02
-1.121498590485683344e-01,6.411014145850979506e-02,-3.876291853146220934e-01
-2.014078966611622112e-01,-1.747011934094548913e-01,3.545569375943470325e-01
-6.018448118227581745e-02,1.168526396659078648e-01,-3.922929225303926071e-01
-3.171297946794082723e-02,-1.520076497416877892e-02,-3.115242725808375912e-02
-1.474193821611128330e-01,1.070587156596336520e-01,-4.000731688664234120e-01
1.835415109574028980e-01,1.096569856329286941e-01,4.142885035276845374e-01
1.464603223638109020e-01,1.304750859686765185e-01,3.165371311316617087e-01
7.356297828035185393e-02,-8.685802637982908969e-03,1.354892205990723131e-01
3.016936956195612751e-01,3.517436789539803987e-01,4.638279659158981438e-01
-2.080320780010760373e-01,-3.320009824191976211e-01,4.529632174393438682e-01
7.125566075893052798e-02,7.829612184123135865e-02,2.574647863567491868e-02
-7.591508232507049314e-02,-4.591294032531545444e-02,-4.394173110727107590e-01
-5.660883527914795099e-02,7.551785567706104096e-02,-3.097806103950173640e-02
1.914307382535243018e-01,-1.368455886303781011e-01,3.169380763220492891e-01
2.345219035462242640e-01,-2.020675573144872228e-01,3.736926903877028083e-01
-9.585428230476145117e-02,8.189443994542466854e-02,-4.844847456190471968e-01
-1.286083572461941271e-01,-1.638896435084596925e-01,-3.353231028919950729e-01
-1.173169001752433216e-01,2.539314474430111046e-01,-4.900612618352369054e-01
-1.898581633990533701e-01,1.362691435844095578e-01,3.919641068261160433e-01
-1.546432467624917484e-01,2.663546813287123172e-01,-4.321141872440349418e-01
-1.398261778332089422e-01,3.387633352144464594e-01,-4.291022931558681197e-01
8.390792786077383436e-02,2.748712177438639159e-02,-4.868165764468690426e-02
-1.860258110665192754e-01,3.806809359140757021e-01,4.458271797643191814e-01
2.853717460822069452e-02,8.574765752790780571e-02,3.822331128827860525e-02
9.733303085316435954e-02,1.830955309505408746e-01,2.108800342006846851e-01
-7.671433992669718371e-02,-5.465316830155941830e-03,-1.139858338792972825e-01
-2.133593227723185048e-01,-1.868125536057365643e-01,4.172002660937389473e-01
8.392088103517825193e-02,2.768955149029095342e-02,6.185359727724604184e-03
2.129711876288421513e-01,3.040278681125374582e-01,4.615714420520280470e-01
1.138552737287962247e-01,2.223818996854211028e-01,1.635674513471667701e-01
9.617341675766921671e-02,-9.244703826927114232e-02,-3.715902622797528920e-02
-4.260473908812345556e-02,8.471984823898992545e-03,-3.442437487101579485e-02
-1.729209834341753904e-01,-1.917086476123598393e-01,-4.865364577583792816e-01
-1.181250862715008676e-01,-1.508414581955918043e-01,-3.943239535586831046e-01
-1.281139941321893794e-01,2.079283603948480774e-01,-4.194823144563835093e-01
2.002073697968776989e-01,-2.168461617012599207e-01,3.528276663839123861e-01
-1.403521289463551813e-01,3.455866127076440142e-01,-3.981895228844002377e-01
-1.359200649463057076e-01,-5.752949108964844349e-02,-3.226283742237217034e-01
-2.102733649413286443e-01,2.241465150196300105e-01,2.479257034537173388e-01
-1.934757485359582807e-01,-3.880805835821121708e-01,-4.895848813869533300e-01
-1.234076777156262184e-01,-2.421910270029449253e-01,-4.421657750708223311e-01
1.358185738971452450e-01,1.161565327383781154e-01,1.696749967337467524e-01
-4.816382298667898354e-02,1.624004546834262319e-01,-3.329633492427744867e-01
-2.160767876411021637e-01,-3.887539777044336509e-01,3.542416144423558011e-01
2.659813267046907681e-01,-3.234961548944614851e-01,3.677950810030879980e-01
3.225068113581474050e-01,3.421938917249335299e-01,4.832409975653432221e-01
-5.704398709869640260e-02,-5.768171239934349881e-02,-4.118556444597184507e-01
-1.031452438117087533e-01,2.922678442700106238e-01,-3.251000898572192765e-01
-6.441324593761910133e-02,2.266035004461652846e-03,-4.026007144895085155e-01
-1.221873395638914950e-01,-2.382946837601741530e-01,-4.921554136996300066e-01
-1.050914387999972721e-01,-7.783172007347505250e-02,-4.067986925363259454e-01
-1.722620380113263350e-01,-1.218084584820111615e-01,3.214343737424393277e-01
2.640264972384245290e-01,2.543651083817056735e-01,4.972227438667051747e-01
-2.177723980355555922e-01,2.517989782581211422e-01,4.803675694195620460e-01
2.480037363024032437e-01,-2.997644373344432456e-01,3.183248503228213178e-01
1.847481400450261546e-01,1.238227381545203842e-01,2.257158693671530436e-01
-2.033945582982881195e-01,-1.840366343436447005e-01,3.642361592184372165e-01
-2.613144883933645746e-01,2.586610588003502853e-01,3.173536424774298093e-01
1.019569728286001675e-01,1.876833178731622809e-01,1.236682730038168865e-01
-4.464321683622074488e-02,4.191765594850893617e-02,-3.222851935767295783e-01
-1.424267717735603345e-01,1.734801183883742937e-01,2.459460121575179903e-01
-5.139271041586590538e-02,-5.528121308255329325e-02,-3.108204604277620131e-02
-1.416020556709716161e-01,-6.408560955141773263e-02,4.019497154218887314e-02
-1.220208820373221981e-01,-3.425787727356199852e-02,8.382517592337268564e-02
-8.829811382792518426e-02,1.227407695037624480e-01,-4.472532565715859887e-01
-1.069573385818334277e-01,-1.998047886992188049e-01,-3.958464632818786688e-01
-1.200498463319191744e-01,2.063200287784336950e-01,-4.662465807352867975e-01
3.049640038521271856e-01,3.167023078575651462e-01,4.532905345215444415e-01
-1.938571445960605155e-01,1.934321924344973853e-01,1.730743022040810430e-01
-9.589997410096118280e-02,-1.225072651312628658e-01,-2.278961589638403007e-01
1.656960556911775129e-01,2.611255548255203562e-01,3.948552970745881074e-01
-6.592512544080575410e-02,-1.577872834204770980e-01,-1.660624905546446151e-01
-1.761964151884494179e-01,2.844225895290206640e-01,2.684577018231064649e-01
-1.076670588328544342e-01,8.978014179228943625e-02,-4.012003797947697459e-01
-1.568290337377299393e-01,1.936966257833562244e-01,-4.644718324602103987e-01
-2.117219822994628187e-01,-2.145870369628597452e-01,4.811750018355847036e-01
-4.729650101097659931e-02,1.266919234923282733e-01,-3.350349251576536513e-01
5.478180925106734822e-02,-9.232584073562688509e-02,-4.099462142189524982e-02
2.053854251021729471e-01,-2.826860660077771259e-01,4.299684301170103584e-01
5.375860449346736569e-02,-4.944082272506289399e-02,-6.406093243683241845e-02
-1.845220141766013011e-01,-2.207720457024368033e-01,-4.756617019298593485e-01
-1.017477031410426447e-01,-1.267311225866440960e-01,-2.623666521084688785e-02
-1.789576193078923350e-01,2.309767548721872732e-01,3.791167960443833085e-01
7.872185667346009996e-02,1.147163137731455063e-02,-1.152961314903971912e-01
1.154971142471794554e-01,5.425643379462585791e-02,-9.732274976674837319e-04
-2.478938678748598967e-02,8.765522198886666061e-02,3.097484442557729700e-02
9.418394580599120935e-03,-1.453186254190541593e-01,-2.701112941891380403e-01
-3.206053510179107668e-02,6.793261040931863892e-02,8.810770843981685641e-02
1.372185181943844645e-01,8.115961951979389077e-02,5.186297985644483521e-02
-9.479711481668395834e-02,1.298673343188798679e-01,-3.193761268608306114e-01
8.871748119639089047e-03,-1.267445975481164000e-01,-1.724233980951717093e-01
-1.009262652046155617e-01,-2.808614315778013015e-01,-2.980694003651215285e-01
-1.697927719137584113e-01,2.145199008072256053e-01,-4.277307785281118102e-01
-1.488510356504877397e-01,2.079311408571175024e-01,-3.525269170681692987e-01
-1.843734459812503834e-01,3.158661842323814417e-01,3.591817887215327243e-01
-1.492432717071182635e-01,1.847556023152312488e-01,1.184064455261439885e-01
1.496413034994448221e-02,1.932604178043817456e-02,-4.124140954309385432e-02
-1.797539539188894864e-01,2.614021975360181216e-01,2.719165854402482152e-01
-2.563586182721878659e-01,2.428866349241040057e-01,3.182011328761433777e-01
2.893009268387669586e-02,-1.753249680298496482e-02,-3.131882736602120687e-02
6.938084983092007718e-02,1.191931069387941466e-02,-4.637163918846831656e-02
-1.972488225305519816e-01,3.639864185621445314e-01,4.585315573027766156e-01
-7.181258378029398148e-02,2.734914327931270428e-02,-3.408731478757728306e-01
-2.149286969984401940e-01,1.650265783062087044e-01,4.361136877995255290e-01
-2.387812030092024695e-01,1.894715773150891236e-01,3.699811543750410880e-01
-1.867073947744377627e-01,-3.577818253198904452e-01,3.480645430419069264e-01
-2.449312434215272782e-01,-2.538110127129786786e-01,4.502999767301132383e-01
-1.476028137652952710e-01,-1.950318888859698951e-01,3.505288327104532087e-01
-3.628674197896597509e-02,-1.261095048367841809e-01,-4.405074395986219304e-02
-3.078269992603763772e-01,3.430174401733644407e-01,4.913507544226636270e-01
-1.452382707053960775e-01,-1.665244305740396502e-01,-3.576899050390484058e-01
5.147527370980764516e-02,-3.734848403809720718e-02,3.706370021631544276e-02
1.042982188799795873e-01,5.944645283339267117e-02,-1.039877259768395845e-02
-2.486570899495876841e-01,1.977585594922567358e-01,4.759554184157565038e-01
-1.208199530181948145e-01,-7.063708924393685695e-02,-4.942033789427934254e-01
2.337227909638363021e-01,-2.195070031267190025e-01,3.965733931956554326e-01
-1.722911051404266702e-01,-8.684262356478233968e-02,3.177659477429594093e-01
-7.182166383855126401e-02,1.728413438304885474e-01,1.401059514647760018e-01
-1.781213132112978714e-01,-1.225522428138275943e-01,-4.803932432461691659e-01
-4.168651478314955305e-02,-4.980360156570928787e-02,-1.322186731299163087e-01
-8.620866186766129591e-02,-4.345810434210473083e-02,-2.063797967083149665e-01
-1.210188403507510557e-01,1.507036487933386404e-01,1.557261339392539412e-01
-2.270235963016004055e-01,-1.807096285591103246e-01,4.601823334150140221e-01
-1.215911299402264723e-01,-8.599226138991555857e-02,-4.402888848523659471e-01
-1.343396117791569866e-01,1.221586419225464404e-01,1.201383453116441347e-01
1.160116193503519799e-01,-7.850163143237753882e-02,-4.577179630640193508e-03
3.143782371774450635e-02,-1.253901077016361665e-02,-8.469865694156286651e-02
-5.651062232884251912e-02,-1.366406509935269575e-02,-1.530222403992244073e-01
-4.012920571223010935e-02,-6.740250196070829425e-03,-1.235630236892892864e-02
8.393208109354877156e-02,-5.103332017953421396e-02,-1.812987995033554789e-02
1.927541499939839920e-01,1.981252035254356114e-01,4.435905713926291405e-01
2.287576580962958905e-01,1.753814318307432840e-01,2.571689671230562579e-01
2.018770705671979471e-01,-2.636521525743490413e-01,3.717894746567270703e-01
-2.822622750061692942e-01,4.001155939358681524e-01,4.608258127583626518e-01
2.042550797205806568e-01,-3.187559006513184245e-01,3.642922493451904442e-01
1.854785405562161538e-01,2.432852245920089640e-01,3.885357183923490165e-01
1.670938055156845348e-01,2.064632629996565605e-01,3.371541849883606945e-01
2.652851612866220510e-01,3.744589379163547616e-01,4.918331149354250309e-01
-1.914131125258775601e-01,1.756150738407761258e-01,2.663626311752976816e-01
-1.993322525352434482e-01,-2.177098885975865539e-01,3.786292886678103153e-01
-2.026102658280601876e-01,-1.143851838514416963e-01,3.701753204236726269e-01
2.597999465822089515e-01,-3.302458506043045583e-01,4.648673644592836718e-01
-1.816730018466440333e-01,-8.704700525458031191e-02,3.372480340575859659e-01
-3.396962784355939124e-02,-1.409608307515530790e-02,5.840928062629779927e-02
-1.639503146615856055e-01,1.412307893084129296e-01,-4.740706505433425200e-01
-4.678244084952809523e-02,6.783333296116134115e-02,2.245598052349784268e-02
-2.191347132998506808e-01,-3.003200114502684315e-01,3.238546470912300190e-01
-1.483061753638642566e-01,1.548660752766429782e-01,3.093386604530081740e-01
-1.719189457705846413e-01,1.654485879636903300e-01,-4.628952176617885383e-01
-1.138913890384698480e-01,1.213867200387659384e-01,9.401772853735179680e-02
-3.216417473307242592e-02,-1.184331389593644701e-01,-1.375032297303030449e-01
-1.491387721434922486e-02,-1.496106513756052525e-01,-8.143894305332199934e-02
-2.228653499271504579e-01,-1.604215424870252260e-01,4.603265697194911521e-01
-1.852013357669903826e-01,2.414579110105483650e-01,4.137305624391930392e-01
-1.108170400041577075e-01,5.224566172256639440e-03,1.949546381624978064e-02
-1.189871042272627744e-02,3.492221568429765277e-02,-1.052299367577573808e-01
-7.127606448805878792e-02,1.500724509370678916e-01,1.445407383728495310e-01
-2.243333237524413049e-01,3.775279797555326500e-01,4.139862774481171126e-01
2.933790400512434893e-01,2.803968924680557695e-01,4.910002423159905982e-01
1.567227973746221359e-01,1.527002227412931346e-01,7.445139738751027636e-02
-2.925074234752422786e-02,9.049283194263768593e-02,1.771468809682374967e-03
-5.222236981139072309e-02,6.367658460511871343e-02,-4.844803785816964581e-02
-5.386450677354348571e-02,1.275967821497270283e-02,-1.363593246812048188e-01
-1.447758788700204136e-02,-7.686437090171138742e-03,-1.093221595720875738e-01
1.454491438226614974e-01,9.419796359845467038e-02,2.138804629983341865e-01
1.881871125439185111e-01,3.617060866790526852e-01,4.010199092269066679e-01
2.011666843159402029e-01,2.765328404603923929e-01,4.143453952318304490e-01
1.799643419506858910e-01,-2.989350708416266267e-01,3.836614898721992795e-01
-6.345348271741857449e-02,-1.931259473536428573e-02,-1.495295706241029920e-01
-8.272109299637253610e-02,-2.039861201401527158e-02,4.394140922720612963e-03
2.304830468759301310e-01,2.109017045110318511e-01,2.762120252785725816e-01
4.646645908217028609e-02,-7.933092302713018462e-02,-1.010505119499232052e-01
2.133920980946223400e-01,2.207565600230269043e-01,4.709496331402097669e-01
-1.240826190041025567e-01,-2.291398611683943543e-01,-4.891456994922068757e-01
-4.496073056606053608e-02,-1.581722608447287959e-01,-3.911574392361953922e-01
5.161806515224598435e-02,2.407968616151645591e-02,-9.230671359631714701e-02
-2.159381535300141097e-01,-3.424823030255844669e-01,4.563422937007229896e-01
4.790140322922820104e-02,8.000036625395168244e-03,-1.218967993843546038e-01
2.142964244844708377e-01,2.228988964972006270e-01,2.886794254918425562e-01
2.028352453123771770e-01,-3.781983149151726398e-01,3.274740843954434544e-01
2.604594938450461861e-01,2.308694423173386356e-01,3.461692024610417695e-01
-2.861897828806999611e-01,-3.281011033702108115e-01,4.345759609570278847e-01
1.052533422113631767e-01,2.072121644878875957e-01,2.271271674437308485e-01
2.763773607619138817e-01,-2.132664543891298337e-01,4.621056424154141862e-01
-1.197602403670223747e-01,3.016506832487247936e-01,-4.027851276913294587e-01
-1.926103883686870466e-01,2.722498347962325482e-01,-4.555395555400689744e-01
1.768688043945753074e-01,1.721719647821534638e-01,3.648770713095803586e-01
2.302310418719577534e-01,2.116202674084978197e-01,2.468608306265669405e-01
-1.360508726470260887e-01,2.908802217180042060e-01,3.189393699440117302e-01
-1.822572896286452915e-01,-3.327533344759311396e-01,-4.377787636739147725e-01
-1.643117971941639999e-01,3.170136914674647199e-01,2.955328504549493696e-01
1.876795477544509483e-01,1.520654905737411910e-01,2.371491623450248110e-01
-1.933333957827021443e-01,2.141253858135626631e-01,3.003766213412679686e-01
7.820279848866429351e-02,1.825787636847781004e-01,1.274428628286016218e-01
-9.306955674118022603e-02,3.561334391818138378e-02,-3.615182817080196953e-01
-5.383878073737868863e-02,-1.279182288505166243e-01,-3.237967628074073234e-01
3.052307921989194650e-01,-3.059914703586129603e-01,4.770735713892111374e-01
-1.834874523926971479e-01,-8.799903206113479648e-02,-4.632270088453424028e-01
-1.294676985995868446e-01,2.148169250079491333e-01,-3.415525264892084190e-01
1.457693457589237518e-01,-2.049582542766476001e-01,3.364666536909333150e-01
1.068489159516157194e-01,6.401743429741035829e-02,-4.484909908276712986e-02
-2.562374846410589990e-01,2.226032052534080430e-01,4.518293460864504230e-01
2.173856677704874008e-01,-3.600786098050986483e-01,4.671556420415238220e-01
-1.410295467185541662e-01,-9.732699762042062996e-02,-4.922109455211448603e-01
1.740191143660567707e-01,-1.894144759959841551e-01,4.132261211561529812e-01
1.203300826573105997e-01,2.070620036181304302e-01,1.513887081864910833e-01
-2.523097322684523247e-01,2.972214983087183571e-01,4.025731029203135636e-01
2.928203151192375620e-01,-2.441681368227269777e-01,3.936673589240932136e-01
1.491633664483682509e-03,-4.352860952912529502e-02,-1.047668950046783953e-01
-2.588835599579267788e-01,3.591341995816451638e-01,3.539882343891627148e-01
1.186019372081714707e-01,1.989758663189510335e-01,2.088765171253094133e-01
-4.031047905011786447e-02,-1.403782867687308755e-02,-1.571200324971322448e-01
1.283463598731774402e-01,3.007122565496507249e-01,2.860281662024665161e-01
-1.093061760555060768e-01,6.866288916226170880e-02,-3.544106355609150105e-01
-1.144319434586347217e-01,-8.507667774902494262e-02,-2.461062745518083350e-02
2.567031784936144589e-01,-3.818369171987918698e-01,3.410516255802883423e-01
2.193331478009653557e-01,3.965818763777698708e-01,4.463331590098208457e-01
2.366593337722447954e-01,-1.678061661560351636e-01,4.212972777243113587e-01
-1.003896382747063720e-01,2.208562404383220823e-01,2.018065418599271910e-01
-7.799439821846243515e-02,-1.491552067973133111e-01,-2.890446608791724659e-01
3.294210314422785224e-02,7.303658470761975607e-04,-8.044002672944183807e-02
3.765949460424800055e-02,-1.072378502166267955e-01,-4.299510058811040203e-02
-2.261902585988765368e-01,-2.440078480441311148e-01,4.232065987907350779e-01
-1.661665101775924303e-01,1.719833834657055194e-01,-4.381595154002251302e-01
2.205087082422549916e-01,-3.413656805034298580e-01,4.619382946181205263e-01
-1.616989712372182142e-01,-1.177913368509105885e-01,3.307827334615246473e-01
-3.400407432310892375e-02,-7.678175167294398751e-02,-2.941366404970713333e-02
1.731931193931294244e-01,1.358354061306421556e-01,1.480041718594650169e-01
3.304582791758873261e-01,4.226497341989153833e-01,4.824561823654246462e-01
-1.625673897171834303e-01,1.040889386545338358e-01,-4.947587361097848246e-01
-1.202355594361862456e-01,-2.947303851502671712e-01,-3.611094247511908994e-01
1.975786523687259599e-01,1.763341653983659940e-01,1.978110274799992352e-01
-1.428283322587927673e-01,-5.220423601615964415e-02,-3.612627950598890081e-01
-2.639000584412355410e-01,-3.969496003770887071e-01,3.340900355915126241e-01
-8.702519625833926575e-02,6.940992963629066814e-02,-4.373750182665879782e-01
2.505865701377233412e-01,3.215793517818880121e-01,4.451899272933508289e-01
-1.737504000184076913e-01,3.261675348294528209e-01,-4.587385254227802633e-01
-1.096582926105732492e-01,4.597484316397881798e-02,1.776805793678568612e-01
1.800043949267933208e-01,2.665119533851491029e-01,2.282899808617127047e-01
-1.896300327548637865e-01,-1.815759526526879997e-01,4.283750031319799589e-01
-8.712446263438033967e-04,-6.250059433964072486e-02,-2.211689358048849474e-01
1.040033743862198712e-01,7.170117444918766569e-02,1.063044223875162508e-01
1.874798983454808443e-01,-2.454827595108816096e-01,4.143621638536525431e-01
3.189483398403839542e-01,3.000006344091744603e-01,4.630881917194192843e-01
-1.152070616331757336e-02,-1.326503773079084070e-01,-1.788625460142372336e-01
2.272466920145093106e-01,-1.519030207795020182e-01,4.709638055143807733e-01
-1.332561752184069359e-01,-1.219774683584792241e-01,-3.496941383798213288e-01
-1.110422923894254232e-01,6.649719417101307428e-02,2.126588461482525894e-02
-1.788745620251219748e-03,-1.074555364339023766e-01,-9.290553809759516390e-03
-1.340679441594098131e-01,-1.140226640863586383e-01,-4.547902722803796038e-01
-2.017181582927305428e-01,-1.190013425947581416e-01,4.129502778090291537e-01
-7.649990405630846535e-02,-2.631520729538627812e-02,-3.217145734970856541e-01
9.348228343323683465e-02,-4.636452495023224429e-02,-1.400647441394309300e-02
1.819895109387497101e-01,-1.094108593148424013e-01,4.118697860781757036e-01
7.969899728845253328e-02,3.416214365001180031e-02,9.030103331309002890e-02
2.030173879302176188e-01,-1.757926596832130040e-01,4.035289950304306039e-01
9.855967005108712264e-02,4.290372901009575912e-02,9.265431593708206570e-02
2.607843599535976109e-01,3.380904163652135308e-01,3.938486453238921881e-01
-2.784144565166624119e-02,-1.046474066708779072e-01,-3.376289573260480292e-01
-1.413406578757963050e-01,2.413968650159766804e-01,-4.804500777181645033e-01
1.676081521364646276e-01,1.530740593578043818e-01,2.016891256631371254e-01
-1.249795730808216376e-01,3.116893125386929198e-01,-3.201631645264322312e-01
-2.348269956380728551e-01,2.608990747017295719e-01,2.405913922257888471e-01
-1.595709293617256774e-01,2.415548142992830494e-01,-3.740232458811300065e-01
-1.862466873085578678e-01,1.254607124195730172e-01,2.955820119412927438e-01
2.563240814482318219e-01,4.041745356032576675e-01,4.291692862568057265e-01
-5.937504196116671906e-02,1.823094451642264247e-01,1.087745565104938361e-01
-2.750521816045529144e-01,-2.345600195910434449e-01,3.500307402016679115e-01
-1.790015137545309942e-01,2.450724617808048844e-01,3.243233867329112785e-01
-1.822432015602637456e-01,1.242816142949565439e-01,2.626867337426288529e-01
1.631376358769996981e-01,-1.979293114635790607e-01,3.292895724584745665e-01
1.249663723048383135e-01,1.140021581064780687e-01,7.637358355972345691e-03
3.464301977609118843e-02,-1.652050447756019391e-01,-1.510426463988935319e-01
-9.763696294614832016e-02,1.697284262005919198e-01,-4.761599671930003552e-01
-8.596038297838948239e-02,2.062612079904684315e-01,-4.676157559130846852e-01
-2.015180387843614751e-01,2.353433734500889329e-01,3.813665827915877493e-01
2.520743173096735568e-01,-2.288684911489481388e-01,4.771368647259197626e-01
4.228830847127429404e-02,-1.365296348478672872e-02,7.505596853192531004e-02
-4.290857785908175348e-02,1.095102189196724973e-01,9.728533526638738493e-02
-8.411221213482733550e-02,9.488495050891110338e-03,-3.854274076719449438e-01
2.040812165535974554e-01,2.443899732538664660e-01,4.177098892835916510e-01
1.988652221017922495e-01,2.475645273339914798e-01,2.485515531782613863e-01
8.685936076375833093e-02,9.675591950640327621e-02,1.568062178393803130e-01
1.419968369626598559e-01,2.132724329487657444e-01,2.827857653062998411e-01
-8.191681910434778224e-02,-1.737090277235164848e-01,-2.849249715872691491e-01
7.133159499385555158e-02,1.285008373693191652e-01,1.177581951251260861e-01
-9.700796864163241384e-02,-5.944524615773816301e-02,-3.382037779561675173e-01
4.541379214925145291e-03,-1.237559462278797762e-01,-9.373542786832411711e-02
-1.503981174352775341e-01,-2.019537069304422339e-01,-4.624889258983971851e-01
7.849783943662314023e-02,7.519681565799585243e-02,1.074740816527551823e-01
1.188232573374313761e-01,1.060366356288853229e-01,2.745767177335434184e-02
2.603478499684344083e-01,-3.086484827485613813e-01,3.933555696021662218e-01
2.838090493742961851e-01,3.351704040450965705e-01,3.886246444690645285e-01
3.424991534487151768e-01,3.452594584350120455e-01,4.983381362439907036e-01
-2.329410163539961109e-01,-2.362932476722449104e-01,4.815304929521209143e-01
-1.245887875159363833e-01,8.439630084540183930e-02,-4.464528443378531497e-01
-1.300751504743367093e-01,1.034883556718141362e-01,-3.659953417648007523e-01
2.727799762973154296e-01,2.364825606375973166e-01,4.429524728408751333e-01
-3.873354622631086652e-02,-1.496686282676974455e-01,-3.221722575928520627e-01
1.637264105384860224e-01,-2.710840867857449155e-01,3.544849800101669279e-01
-9.106460028460527933e-02,8.539898686373115222e-02,9.605555711349933468e-02
-1.962805089333903297e-01,1.781674679459559485e-01,4.592127677786569384e-01
-7.760934329645496899e-02,-1.225897014586663225e-01,-5.278191378675622936e-02
-1.874549452145959361e-01,-3.664002522321635480e-01,4.117136625873407674e-01
7.821831743185625463e-02,-1.495920713356408971e-01,-1.079522882217541779e-01
-8.716634961622327094e-02,1.388167415508120284e-01,1.373636058608748156e-01
-1.901890005384362370e-01,1.394905369050566390e-01,-4.957740624386296480e-01
1.997492757445810119e-01,2.247105714237381813e-01,3.884266772250946076e-01
2.344431146624970097e-01,-2.106768614580338816e-01,4.165998426519331721e-01
5.372370405750248601e-02,-2.202658783902577966e-03,-1.617938975734627416e-01
-1.215852637470176134e-01,2.102841992388491121e-01,1.732502977437407887e-01
-3.056919266587709849e-02,-9.591172747720622116e-02,-2.346266925384499213e-02
-1.214811562898694408e-01,-2.661371659514666366e-02,-3.567103572178227378e-01
2.206918299930337168e-01,-2.836669771334813239e-01,4.423562286262920917e-01
-2.438363784578623239e-01,2.741731925939967507e-01,2.784629456855506335e-01
-9.612516611408683520e-02,5.019784029014862092e-02,7.544598567458538074e-02
1.997927720184058398e-01,-1.787232449418386659e-01,4.685340820909020820e-01
3.160573310365938360e-01,4.135199205787909449e-01,4.703061958078926796e-01
-2.430154748229953476e-01,4.229377308822573900e-01,4.948585784222513384e-01
2.607897530557538035e-01,-2.267022215511281802e-01,3.805775390683057147e-01
9.211776109045799465e-02,5.193572494888087920e-02,1.605152417597330849e-01
1.804255577133727639e-01,-3.352949731875147776e-01,3.302125980497432334e-01
3.323435795691453976e-02,3.489804717156941294e-02,-2.303878659728664235e-02
-1.123756563320550406e-01,1.069732524341482360e-02,-4.277158421386073606e-01
-1.464527215220803313e-01,1.971514519485904060e-01,3.431561909986835524e-01
-1.255963644404251012e-01,-2.505503458372821957e-01,-4.477462132108394055e-01
4.022322715625303857e-03,-8.377543316613134117e-02,-1.829051522368259075e-01
8.196058088732760538e-02,1.958927606533611421e-01,1.487568483844526890e-01
1.430615293797683485e-01,9.491086081252109174e-02,9.482514157737687022e-02
1.933051689051558109e-01,2.076783111040479968e-01,2.863376519870919346e-01
2.615024234830866101e-01,-3.392381054938086171e-01,4.736433162486803905e-01
2.662659215881667540e-01,2.640935769713340653e-01,4.215472015805854511e-01
-2.313686483724917142e-01,3.691317957699926655e-01,4.808293931250677833e-01
-4.045202501134892437e-02,4.053783615823225439e-02,-5.987909128683632787e-02
-8.160961649161102560e-02,-1.138518326694645255e-01,-3.402066942841320829e-01
-3.022231530182550863e-02,-1.202092595332221459e-01,-2.669132226178062561e-01
-1.350512387721676255e-01,2.100039795477949278e-01,-4.353391533652879453e-01
-1.029607326166661618e-01,-2.011490171399643589e-02,-3.927150404277300888e-01
-2.471431802311822024e-01,-1.752360665180511257e-01,4.847561982504408062e-01
1.936401363821107502e-01,2.497250698431154881e-01,4.018951064181391919e-01
-2.165916814768873433e-01,-1.976966634084176277e-01,4.268912848307845342e-01
-7.327393199446541328e-02,-1.455055291298547049e-01,-4.004995226379651774e-01
3.373366438849756399e-02,-2.248335336659990080e-02,-7.159850781393017893e-02
-2.643452880590345666e-01,-2.335208604795037113e-01,3.971842262644255106e-01
-2.214174444481518123e-01,1.651542133281541647e-01,3.942504093570534662e-01
-2.429311256629587135e-01,4.124567378374764948e-01,4.872618264060717408e-01
-3.351103233465924092e-02,-1.533604483697964538e-01,-2.146844622866675989e-01
1.765409568085499759e-01,-1.072618884833967945e-01,3.438856897722520900e-01
-1.464692109272996978e-01,1.432076724810856794e-01,-3.578279964373228816e-01
-1.362990958277099374e-01,9.693081226717881194e-02,2.353602294189595101e-01
-2.548903610384023466e-01,3.146549800710317646e-01,3.867401459766571792e-01
-1.016705291672317379e-01,-1.777885083070990246e-01,-3.583057416979044119e-01
-2.769892640403545103e-01,-2.295734010029834016e-01,3.453426532027682461e-01
-2.497882434200927593e-01,-2.444562919572628168e-01,3.201221753309029250e-01
1.596676756255515084e-01,1.081761957896658632e-01,2.445826096492681456e-01
2.988284797727847053e-02,-2.048888304554530304e-02,-7.411740061596983065e-02
-1.350368655530104212e-01,-3.194479977402332471e-01,-4.222932812357663712e-01
-2.433013131184846856e-02,-4.853197124893604553e-02,-1.323508270399617048e-01
-1.072958678328037596e-01,-3.348712118108165825e-03,5.737549530297481049e-03
2.896291566848628873e-01,-3.735616645334899344e-01,4.003649394585209187e-01
-1.678415669466174487e-01,-3.222991129553750556e-01,-4.730468833415220065e-01
2.169679849962526941e-01,-3.741572838723036254e-01,4.853870482335201908e-01
8.909689839316770055e-02,7.520231163552937304e-02,1.240464310880553533e-01
-1.069678663057754830e-01,1.659604005752268741e-01,-3.821662434646645456e-01
4.783525813925737502e-02,-1.260334154948304919e-01,-1.012069577356163874e-01
-1.294984030272692266e-01,-1.139711502591961301e-01,-3.193291277535115213e-01
-2.686184224373636686e-01,-2.047642589157011583e-01,4.070589154095832773e-01
2.198868271400470364e-01,-3.524021767762307578e-01,3.981137682705270242e-01
-2.763404081825345804e-01,3.330546048405700343e-01,3.685092097831303981e-01
-8.777026852872971130e-02,-1.546867849514157456e-01,-2.124940254793885597e-01
1.769707186583965308e-01,1.964240537964272448e-01,2.741052051277449442e-01
-1.239459404186132874e-01,1.709848099562506496e-01,-3.881191759593695112e-01
-1.619727945925197865e-01,-3.205617555703680344e-01,-4.739248054381540731e-01
1.926341115110016267e-01,-3.051151049360382173e-01,3.941688539920097378e-01
-2.297395230991744475e-01,-2.659439712191303817e-01,3.211745233445901793e-01
1.387438613724928382e-01,6.546455345771573509e-02,1.100790780564990801e-01
-8.989824116190436865e-02,-1.260386608499671768e-01,-2.666097429666808294e-01
2.479228424708289635e-01,3.760352981927331806e-01,4.443338090462026768e-01
1.874187525420554223e-01,-3.471827868059855771e-01,3.304810300911492638e-01
-2.317538767944907763e-01,-3.052418184164988890e-01,3.626834114052172042e-01
-7.300471759178128739e-02,1.101595945279114641e-01,1.722250668703441123e-01
-9.064935614982061463e-02,4.382345312080904165e-02,5.764673103528505926e-02
1.635511269678959767e-01,1.407445879139277434e-01,9.319341967494298995e-02
-1.941854995106061521e-01,-1.781566080316677736e-01,-4.543922911618584193e-01
-2.093271625867554331e-01,2.340710674895053467e-01,4.787974872202811483e-01
-7.505849611044668190e-02,2.011356787340915497e-01,-3.709485589657410820e-01
-1.835630714910420069e-01,-2.304276367589574992e-01,3.438099611064231453e-01
-8.152334970821428772e-02,3.715553003461014026e-02,-1.004433449971007253e-01
-1.853197965086722521e-01,-3.474581727138404963e-01,-4.966314912904420398e-01
-1.387298573172950356e-01,2.137456867187540466e-01,-3.813502091582149367e-01
-9.358224614797583385e-02,-7.555091115235024191e-02,-3.447204430397995401e-01
-2.254702496590591521e-01,2.270167037391244147e-01,3.730753117580291045e-01
2.235121828384547538e-01,3.102297935893655323e-01,3.586391023981009285e-01
-2.228697460261032104e-01,3.800295639165983674e-01,4.393356129503370733e-01
-5.933774909524769381e-02,-1.217898507350988480e-01,-4.100541161308454141e-01
-2.281564290621493907e-01,2.100054527757539979e-01,4.192503105054452561e-01
-6.617671849616857394e-02,-7.623136839281074995e-02,2.915796577237761422e-02
-8.554296823051388277e-02,-6.175366489325762043e-02,-7.687882061621598151e-02
-2.740402176820165847e-01,-2.996364571852083714e-01,3.566715773731312655e-01
-1.088836383177874678e-01,-1.592157083221392710e-01,-2.527062736783254326e-01
1.277939100878087153e-01,1.875755782555044160e-01,1.343566472921193800e-01
-2.803420485836357612e-01,-3.418398296220206412e-01,4.935919250186527885e-01
6.851975703006085716e-02,1.658846946287202417e-01,1.122416680422255730e-01
2.331775955528879729e-01,-3.330134967843656479e-01,4.165793215635672508e-01
-1.940610668117388471e-01,-1.572867482949995566e-01,3.645393087154019662e-01
-2.491629026133068692e-02,-2.546958975571034234e-02,-1.709140700034998961e-01
-1.090732394048581355e-01,1.313032791741850502e-01,-4.066661285967297923e-01
3.634198029544666309e-02,1.270859091984988254e-02,6.540970001119206234e-02
8.635641479540101528e-03,4.020413291718538673e-03,-8.972758554515047891e-02
-5.419749945282514858e-02,1.903434301919748606e-03,-9.804950090265562856e-02
-7.259425980950562352e-02,1.679175759868745121e-02,-1.214385661332915145e-01
2.003731965364369261e-01,-2.341232135085292709e-01,3.723929418846282369e-01
3.249000015217856641e-01,-3.938199988260289164e-01,4.704747485830204079e-01
-2.682977863093216619e-02,-7.454127947642796848e-02,-2.184963795135513864e-01
-1.098089574175182825e-01,-9.531819700766663850e-02,-4.454596920360381906e-01
-8.642930229478218429e-02,1.763887967780037869e-01,-4.149016452429257207e-01
-1.045020820465697442e-01,7.987594936274322599e-02,-4.378326467247206644e-01
4.559133757932820608e-03,-8.772329768777398229e-02,-1.676972911745410189e-01
1.274131059899524798e-01,1.885743807125908056e-01,1.522717768934020999e-01
-1.777089716241834205e-01,-2.429103291109546703e-01,-4.919038848266871211e-01
-1.015023192615962522e-01,2.097958564120671054e-01,2.075358871347018352e-01
-8.655949230981496711e-02,7.689050796180185721e-02,-3.887473706409872998e-01
-2.134413134639256970e-01,1.840826340952437246e-01,4.721092527311332443e-01
-5.690298260995563240e-02,2.313745496110388711e-01,-3.801305328835481445e-01
2.575359919488515725e-01,-3.269499190198347227e-01,3.334267036445003329e-01
-8.442020066281274993e-02,5.577009910482721988e-02,-2.760752670764154981e-02
1.942858331316359433e-01,2.034489811899169442e-01,1.479943684048753427e-01
-2.872328012959641796e-01,2.913991624128408064e-01,4.337446081794695818e-01
-1.874417680433523303e-01,-9.168780071334359238e-02,4.516955038360302987e-01
-1.111316770361061579e-01,2.197422859678418439e-01,-3.753871695605112135e-01
3.088284238910099511e-02,-1.065048179063088352e-02,-1.402769678606748949e-01
-1.500692777520579169e-01,-2.737327094423198659e-01,3.539130046800675888e-01
2.729694138464154873e-01,2.501863800527011072e-01,3.639320979706183179e-01
-1.434073951490907328e-01,2.524854617987490890e-01,2.548006351148069948e-01
-1.583374496824490052e-01,1.570218250101017565e-01,3.163170894527430610e-01
-7.642777534713174337e-02,-1.221513570591220565e-01,-1.156270690935544687e-01
-2.258300189710112926e-01,-2.071853128817408018e-01,4.706153364869539724e-01
-7.357245782560117853e-02,-3.594042928631280276e-02,-3.334024765377622268e-01
-1.372290373838490618e-01,1.770682306792428218e-01,2.168939612540736750e-01
3.037816718493558943e-01,3.157227610689692376e-01,4.925922921557154277e-01
1.037661142783408152e-01,1.550477165760039133e-01,1.853405527763953842e-01
-1.329805765232192627e-01,5.963296116348182352e-02,-4.883364298366242862e-01
-2.138247264205130893e-01,2.581100051217626312e-01,4.035677385827717290e-01
-1.422596040755902402e-01,2.715440694514513753e-01,3.043231038625568985e-01
-5.771434217659421329e-02,2.173324184644331858e-03,-4.266389338035612155e-01
-9.349060254013430438e-02,2.246089746538632026e-01,1.889252115126993647e-01
-1.127007868031590920e-01,9.301256523948975286e-03,8.285934314345833052e-02
-6.434436950451893900e-02,1.906121629559239805e-01,-3.840573156453713777e-01
-1.104666757915434561e-01,2.481789707232754383e-01,-3.844097546510815144e-01
-2.079532997326353216e-01,-2.416255558429913908e-01,3.720279444025377247e-01
-5.378333988934491661e-02,-1.875502635943465668e-01,-1.273398940656018663e-01
-2.577706228260968624e-01,2.283874336476017231e-01,4.765935001626855350e-01
-1.443973396974576051e-01,1.290720850854519819e-01,3.195041410638946866e-01
-8.589836371490877642e-02,2.598337592886688086e-01,-4.271351809479201345e-01
2.028581795546008371e-01,1.860578392423000160e-01,2.765306038177806069e-01
-2.767309990228159489e-01,3.422796540834329715e-01,3.414090632579924733e-01
4.217128012269710791e-02,-5.485967552656634272e-02,7.342971885010618482e-02
-2.533570566999945317e-01,-3.907583968477489345e-01,4.940837620791295182e-01
2.081182773000445074e-01,2.253607891878631753e-01,2.123900435607497528e-01
2.359348804420395851e-01,1.899252755364746470e-01,3.019428341804945015e-01
2.702998044038362746e-02,5.516195752260233398e-02,-3.089292213185979019e-02
-1.576064722905169413e-01,-8.294732198933418843e-02,-4.710080683156313563e-01
1.992653905189759600e-01,3.948985338687772684e-01,4.245516492046740309e-01
3.970073400960250076e-02,-4.727844001872372193e-02,-1.031898329066605058e-01
-8.761820124146335598e-02,8.873524622886874713e-02,2.519509037193856660e-02
-1.258396303631332813e-01,-5.699329073312231486e-02,-3.377269676161941403e-01
2.616138626120863009e-01,3.669248325190280768e-01,4.185538228031875363e-01
2.709437019895279963e-01,3.374661694397312894e-01,4.684057469619230529e-01
-8.715578205998175676e-02,-1.233866053427093989e-01,-2.811374604467220539e-01
-8.910480933289222083e-02,2.264722234259074485e-01,-3.773726520868161405e-01
-1.827924293254188370e-01,-2.804876507023936760e-01,4.064901425306189919e-01
-9.327165802441694797e-02,-1.738145373549093708e-02,-1.962265852197864202e-02
-1.983158975173155980e-01,-3.770187253907703040e-01,4.005381446478184504e-01
2.529454711517165055e-01,2.609213747406644579e-01,4.074926450549817281e-01
-3.093211800015946977e-01,-3.841389338622641647e-01,4.707274620045002189e-01
-1.037983520170765450e-01,1.212367106334500955e-01,-3.328777461378189528e-01
-9.158195551925241151e-02,-1.646898986213406468e-01,-4.769974072867213533e-01
-2.279486190197846929e-01,-2.851026924559476594e-01,3.426328253756601994e-01
-1.785416498327012658e-01,-1.628961833271223014e-01,-4.470445781947691710e-01
2.277151593966584286e-01,-2.808653294306261428e-01,4.049033948655367254e-01
1.902307559865834552e-02,2.619979409091843792e-02,1.344037111148954633e-02
4.554126755861631626e-02,8.089310272822236580e-02,6.711479331585468167e-02
2.818459579845938867e-01,3.363942093142030521e-01,4.307776827718373669e-01
-2.131572749833342550e-01,3.681929409277361342e-01,4.389410221253460254e-01
-2.243141636032217612e-01,-3.161456687369889051e-01,4.522976015319030152e-01
-1.013020048960087127e-01,-1.966687924291478096e-01,-3.165643147517179790e-01
-1.311329639229533717e-01,1.186333440658072780e-01,2.651996359209751741e-01
1.114564612537946031e-01,1.761285646574300978e-01,1.828570287995626709e-01
1.891078352841811805e-01,1.634098202774356690e-01,2.401547567782160719e-01
-1.683605283990232682e-01,2.150493196725254963e-01,3.940690417955294844e-01
-1.091515577818009675e-01,2.008930133657259587e-01,-3.694674681954724926e-01
-2.794647332455554301e-01,-2.340571809593015029e-01,4.207783588313964707e-01
-2.254464637526922832e-01,-2.893528419821334019e-01,3.740149267703714031e-01
-8.423251647399598863e-02,-2.376720546609056850e-02,-4.949251952227462503e-01
1.897747488411188899e-01,3.415587469074952143e-01,4.216100098770266813e-01
-1.930637121900248276e-01,-1.661372095726798559e-01,3.858984763947110874e-01
-1.134723802477255461e-01,1.365203551947112848e-01,2.068960832470596589e-01
-5.592995528946709261e-02,-1.029877139023116506e-02,-9.233884871151287754e-02
1.786787304623560502e-03,-1.026905642426185761e-01,-1.361393865138538217e-02
2.147499235055573275e-01,3.556901680182595893e-01,3.876594899720425813e-01
-9.087102785250888992e-02,2.376395142200702360e-01,-3.162745174874054266e-01
-2.595914955096448873e-01,-3.923456548268946520e-01,4.250222095136774181e-01
-1.124550845724358039e-01,1.188603951961503258e-01,-3.760555047836631193e-01
1.442893498479461689e-01,-1.393226821874262722e-01,3.357398642749525042e-01
-2.181746867991685157e-01,2.184886106203167699e-01,3.939271595263118542e-01
-1.884484092152989287e-01,1.747709568941361313e-01,2.488059933833191018e-01
2.484623029635024682e-02,1.315189982551323578e-02,1.296283748209592357e-02
-1.418342873153866091e-01,1.194658224022465687e-01,-4.422180484140456613e-01
-6.009873872839310849e-02,-2.950753833675179294e-02,-1.490921271897035494e-01
-9.435947459813132099e-03,7.957715195466286140e-02,-3.631398214623782206e-02
-1.717585977139924891e-01,1.101917559209271147e-01,2.818417387463373336e-01
1.805988349343771171e-01,1.399630880593363269e-01,3.659746480523958789e-01
-7.980508842675415604e-02,-2.400245756191676794e-02,-3.355039015088939758e-01
7.414089873305373946e-02,-1.384667662309733149e-01,-9.046403634758004575e-02
8.492152762545968070e-02,1.771827562091323749e-01,2.100263312327448340e-01
9.784566689501450476e-02,-2.520836041504659342e-03,-5.810353178267724239e-02
7.465257666080804544e-02,1.850865752094532635e-01,1.587659382349719817e-01
-8.253754171424443342e-02,1.239163157175086072e-01,1.572111361407739771e-01
-1.769385839008138506e-01,1.037928090531856640e-01,3.786212988073334174e-01
-9.653772746760713730e-03,-1.037461315738167356e-01,-1.604551321427047927e-01
1.756457041314949397e-01,-1.535691821400634316e-01,4.113325614426259769e-01
-1.507063253190040752e-01,-1.010640163367833022e-01,-4.772672496893265448e-01
6.051176563409133013e-02,-1.516932841012499367e-01,-7.455193839726736993e-02
-1.628066509448926613e-01,-9.627680913312453015e-02,-4.166595256484982857e-01
-3.153087880133259580e-01,3.149630910517643434e-01,4.263453271610549988e-01
-1.905931709556323295e-01,3.620135672870206101e-01,3.831396362025453195e-01
1.204357187740512369e-01,-6.041908273546259256e-02,1.446335248712848909e-02
-2.315209087981414671e-01,3.414997609094231334e-01,4.432182921483180937e-01
-2.516697012216541074e-01,2.564780810045850235e-01,3.320458799586218923e-01
-8.140429252226510926e-02,1.931462797237385454e-01,-4.494793550908733337e-01
2.175874646448221483e-01,-3.814045516076423059e-01,4.574266630502170639e-01
-1.755901310573431129e-01,-1.708817618227419510e-01,3.966127094074843873e-01
-4.881413536690359933e-03,-1.339671286793067129e-01,-2.780704889763856436e-01
2.849296554727093200e-01,-3.990337323441393025e-01,3.950723871816991251e-01
-1.848005176234982505e-01,1.353146047279111253e-01,1.417989405962611915e-01
-2.182773754138087607e-01,3.013972727808222896e-01,4.332895017828644058e-01
-8.972781822548236974e-02,-9.613828936036572514e-02,-3.197368267725478885e-01
8.942680443250550226e-02,-5.774843794388928586e-02,3.523937304287017014e-02
-1.010622697131952075e-01,-1.267573964809920462e-02,-2.940131845256066523e-02
2.575390137504273147e-01,2.387674838725851734e-01,3.553617316060413422e-01
-6.798717087998396025e-02,-1.014089545433677353e-01,-2.933692024600316195e-01
2.420723981840776640e-01,-3.101983519271432899e-01,4.263671272432778547e-01
2.982654873993570988e-01,4.020675658172507827e-01,4.759682194557490753e-01
-6.565012857609686669e-03,-8.377925431089716657e-02,-1.421360937419721138e-01
-1.043776576515594856e-01,1.292137308319345479e-01,1.280189018424381375e-01
1.090484932947138885e-01,5.572193307964612430e-02,1.789808459614562475e-01
-9.493101125650293959e-02,2.406281918077785020e-01,-4.892276591763734528e-01
-9.919898388995396221e-02,1.346477479649978992e-01,-4.525589197474750858e-01
1.621764136756443930e-01,-1.179308069279371152e-01,3.790976401425920628e-01
-1.456060046086948834e-02,1.193502210734367353e-01,3.819580944522005250e-02
8.640154957221102272e-02,2.861140442074205925e-02,-2.652272576760550393e-02
-2.868618316869313567e-01,-3.213062598521357893e-01,4.557690130198548406e-01
1.155235104125753587e-01,7.872270684919557837e-02,-1.663520595015444137e-02
-3.133802535448049209e-02,-6.179619675521297317e-02,-1.129886778323968555e-01
-7.755627719286661836e-02,-1.887455689669047532e-01,-3.719298603728046215e-01
1.350821643028438102e-01,7.524852764689915485e-02,1.525178192670734179e-01
2.029077932633374104e-01,-1.416657345145974078e-01,4.394168681588183079e-01
9.242864708451303812e-02,1.675893850304454036e-01,1.103083815367003062e-01
2.091204090484423128e-01,-1.285342298455096621e-01,4.374235215297279655e-01
-1.306806571674591355e-01,3.308153544474892183e-01,-3.987315713251032845e-01
7.171510342785891723e-02,1.292875542963636271e-01,7.052147246828044391e-02
5.564648774529823427e-02,-9.191181105043366717e-02,-5.685325784226613610e-02
-2.190689190284000887e-01,3.724248298816998926e-01,4.438173712079103161e-01
-1.582772346271010822e-01,1.087111609125680500e-01,-4.647909177444805584e-01
-2.283641416632636867e-01,2.818087612453913371e-01,3.259302490597578705e-01
-7.521348475511435705e-02,3.468085998045888907e-02,7.761878097824304046e-02
-7.607944116736042872e-02,2.151919854854330572e-01,-4.085780311580201607e-01
2.954797551489197760e-01,2.901405128449400239e-01,4.977969979245947529e-01
-1.650558962181462030e-01,2.750494018162011889e-01,3.675596706398714941e-01
2.273845815703405826e-01,-3.460435363457424751e-01,3.927426456100698848e-01
1.299261366186027500e-01,-4.692193759463392233e-02,4.711664880548449563e-02
1.165754327430924553e-01,-6.986771334894092966e-02,2.294287134144934459e-02
7.568331423736696095e-03,-1.163093654103286578e-02,-1.575822376268427583e-01
-3.138872843609114005e-01,-2.699572778882473045e-01,4.498740527827803648e-01
-1.193162484904842779e-01,-8.029817747520273663e-02,-4.677824082021249108e-01
2.080494926634364194e-01,-3.417819064708851329e-01,4.750061702530524732e-01
1.253338188474444337e-01,1.475701242643674416e-01,2.443640472737040881e-01
-6.600141064366638055e-02,-1.954112177304107023e-01,-4.421531396681266379e-01
-1.117966894120564492e-01,-6.829041339585506520e-04,6.687790553608252697e-02
1.838801388996390562e-01,-3.850196988201962656e-01,4.263711278427049223e-01
-1.984388589443473183e-01,-3.084954205127551363e-01,4.478898504011816772e-01
4.465749854662814933e-02,-1.481813465668816443e-01,-8.670745426378212439e-02
8.171177680226715534e-02,1.926109332488772363e-01,1.576233692311534984e-01
1.525060432995176685e-01,-3.165469516474743727e-01,3.419635754117916759e-01
-2.629657661658870715e-01,-3.568497245822581654e-01,4.104083860312499610e-01
2.683997461791154393e-01,3.832924568786882924e-01,4.287220567718422748e-01
-1.220029033105404226e-01,-2.034136668552809502e-01,-3.718295028076937792e-01
7.150980982427890265e-02,3.761922084475322059e-02,-8.681856642974983274e-02
-2.308161285111224315e-01,-2.502370473952058028e-01,3.340775925151705517e-01
-2.594192769186909331e-01,-2.704733384093011006e-01,3.321734371107404327e-01
-1.944288458073258896e-01,-1.285292467437106900e-01,4.581143384672192731e-01
2.298422122285310731e-01,-1.481677107213978939e-01,4.827475486860975940e-01
1.669109575164425818e-01,1.296190047409433443e-01,8.794848429695922842e-02
-1.283084061576745816e-01,-3.138876704113546801e-02,-4.704365217960857493e-01
-8.469674775093460894e-02,5.594317281878313786e-03,-6.592424456878576144e-03
1.549685153390434333e-02,7.480467148495428820e-02,-1.402549579088019360e-02
-6.120945898223040249e-02,1.812602164454080178e-02,4.738681073975681279e-03
2.670385801519044033e-01,2.876441097612447706e-01,4.731734530547557771e-01
-4.448182733729111327e-02,-1.327544663200572739e-01,-4.021668169505182577e-01
-1.278653310716766356e-01,-1.024132637097371346e-01,-3.224667604385280661e-01
2.170392587405979290e-01,-3.083473958849825003e-01,3.678541034191726844e-01
-7.840698877853180537e-02,2.066212495191855902e-01,-4.140856641388737103e-01
-1.002957672723803206e-01,1.450225279912858989e-01,-4.718819217542483679e-01
-7.969962590042656281e-02,7.027321296301058950e-02,-4.546220816300345913e-01
2.692320683254600944e-01,-2.089359256321121627e-01,4.099374386602044895e-01
3.810878330023470539e-02,5.410701184909250117e-02,-2.796866829693700485e-02
7.933919533163835691e-02,8.096711128850897499e-02,-2.824703499997438527e-02
-1.840080421624060714e-01,1.142792497231152060e-01,-4.690479083652221437e-01
-1.884487912930370435e-01,-1.313198974989556733e-01,-4.994224879862950717e-01
2.623338756282900253e-01,-3.045950858985695398e-01,4.019973502228588735e-01
2.950194955216548509e-01,3.181490825189412508e-01,4.805122403637855921e-01
2.994754600257676369e-01,3.303659603118557220e-01,4.291998883406372700e-01
9.000697665935619707e-02,-2.628991707430805569e-03,9.025294024158792006e-02
-3.338375634766307387e-01,-3.205531634299998434e-01,4.758920810027772452e-01
-1.211840534347574661e-02,8.173007295442014097e-02,4.544681196618105545e-03
-1.313315623339166294e-01,3.140176608440977679e-01,3.092880823614112540e-01
1.825717845809999851e-01,3.053513481267438046e-01,4.217687792712678796e-01
-5.402722892224232076e-02,2.989930507132876336e-02,6.936713820327211621e-02
1.472952103146850655e-01,1.723845668828288824e-01,3.273094821604777271e-01
-1.068408451674448534e-01,1.058769447182957846e-01,-3.362086859207583656e-01
-1.008197560520327496e-01,2.856959487972646761e-01,-3.367795066876719812e-01
-2.883926147637579929e-01,-3.684387195193163933e-01,4.732020271813210943e-01
3.985185687507930563e-02,2.966930840079695653e-02,-9.044308004763212949e-02
1.936123784077795618e-01,1.740101561490744464e-01,4.535762846360656964e-01
-9.384512758915097841e-02,1.774969424739709645e-01,1.357216826121148134e-01
1.416055667656118677e-01,2.386595803812470162e-01,2.566517477040937134e-01
-4.447093319281891777e-02,-1.984665629427961875e-01,-1.875302449630715795e-01
3.195800331913156711e-02,3.053799738934082075e-02,-1.073809582393636664e-01
-1.893785202992264161e-01,1.767779779252119932e-01,2.888177639497168103e-01
-1.003476257192930099e-01,-5.966707926483683089e-02,4.655946608237726547e-02
-1.157392497774111240e-01,-1.533595982555617798e-01,-3.272678796777124255e-01
-9.790687256567642827e-02,-5.593521427783254563e-02,-5.460405642489096767e-02
-1.284722870077257273e-01,-2.307663319338980612e-01,-3.941059069725089126e-01
-1.873496840821781140e-01,1.397710575818924550e-01,4.253131906520606353e-01
2.075568534194902615e-01,1.480970075240841677e-01,4.193907384792091575e-01
-1.162491697925391865e-01,1.925966005242162327e-01,-4.581190418203489045e-01
2.109699849450651366e-01,2.036394918344992533e-01,2.836750578087194885e-01
-1.455909705772184815e-02,-3.966568779282098056e-02,-1.320140716553347415e-01
-2.787926091678443186e-01,-2.382615420887751467e-01,3.557000813091867331e-01
-9.181050843176630227e-02,-5.372568915747455431e-02,-2.269352895168763595e-02
-2.847445274640132418e-01,2.534227553506626096e-01,3.919954781993972848e-01
-2.141046269879191000e-01,-3.940811623940813080e-01,-4.986272033957174221e-01
-3.807033658026881540e-02,-1.070784126985072637e-01,-2.287747355914934166e-01
-3.472122002233257732e-02,1.819900044236441028e-01,-3.499284611432919023e-01
2.347657249755782383e-01,-1.582385704789808223e-01,4.288798060839058568e-01
-2.185076182820488988e-02,-1.628012331026751358e-02,-2.064958267133720771e-02
4.203670117917079896e-02,-1.423889552195645170e-02,-3.990356625441937588e-02
-2.806277403880930166e-01,4.022975671514790186e-01,4.928038727738172087e-01
-1.347434103539417727e-01,5.238485476948784303e-02,3.928772333656171956e-02
-4.866361390565732137e-03,1.198210111453645865e-02,-1.271790182993686180e-01
5.435978922669704172e-02,-7.519071604115057372e-02,-1.480038423600176234e-01
-1.273940095011647511e-01,2.293047878463563283e-01,-3.290925227833929601e-01
2.286701062102458604e-02,-8.607228133583100238e-02,-1.220286222493932593e-01
2.298471034041922323e-01,3.484046774309044192e-01,4.497042281157279664e-01
-8.713416374689875177e-02,2.376274353138506656e-01,-4.067943760537754416e-01
3.146089752694931629e-01,2.856763511881118545e-01,4.640641834856223946e-01
-1.079249066900535015e-01,1.223344639793574329e-01,-4.011378984500713063e-01
7.621981896459328887e-02,1.232643927574976761e-01,6.317769402983386406e-02
-1.095792019007266749e-01,-1.944983493093057625e-01,-4.839335021796175029e-01
1.812626226048180689e-01,2.964672549671290014e-01,4.373109549367438786e-01
-2.141398516955617115e-01,-1.573275507769249515e-01,3.692071151423768072e-01
1.561897496984714362e-01,3.049871088094331384e-01,3.274285045167998343e-01
4.807668393432595888e-02,1.464315271924444550e-01,5.659401057549906522e-02
-6.844681223508142232e-02,-1.831612614956775742e-01,-3.437459534399986971e-01
9.704369568333315321e-02,3.976460323332320357e-02,3.736478704708601217e-02
1.378396315084789991e-01,6.502820314248836109e-02,1.448247278843036723e-01
2.127429087890662096e-01,-3.636499711014021807e-01,4.865487920095437069e-01
-5.354258241882392522e-02,-7.275500461517037110e-03,-1.165556678061479001e-01
-7.411114443763899828e-02,9.970321972663831467e-02,-3.473050225924276813e-01
1.681729227994437359e-01,-1.050044548929796040e-01,3.351950449188992875e-01
1.860324205858243651e-03,-1.078243128009377383e-01,-2.580003785231793634e-01
-3.175014376473450639e-02,-8.543684265263262745e-02,-1.135384517155092476e-01
-1.157248648709963135e-01,1.190726551792399279e-01,7.210125032607073159e-02
1.892900269043845674e-01,-2.471349446865734878e-01,3.886643678762462528e-01
-1.126674864223498052e-01,3.885261614483104253e-02,-4.374292764960423519e-01
1.888643776443582611e-01,1.279126455280452657e-01,1.844147992378706302e-01
-2.091397294426957654e-01,2.082133561404725386e-01,2.568876399172957958e-01
-1.686766427352737185e-01,2.632971591818885626e-01,-4.639703914852110200e-01
2.002445277436523119e-01,2.598117768638089631e-01,2.523274037572167394e-01
-8.625835720287999830e-02,-1.861578714349921837e-01,-2.484483155815674360e-01
-1.953298365075094578e-01,1.326127787319946183e-01,4.260481252729581003e-01
3.866973060842693322e-02,-5.575338918692174239e-02,-6.675467291313286200e-02
1.108060545185294288e-01,4.024418502859672397e-02,1.019772749866764139e-01
-6.621304600997990342e-02,1.886086709810842477e-01,1.508791858574637379e-01
-3.415498635515923365e-02,-3.450331605597600770e-03,6.262158569239029138e-02
1.699029823599638167e-01,1.371835520715570800e-01,1.803078031954445937e-01
9.061989860427166477e-02,-3.609917533263495848e-02,-3.346495715136155180e-02
1.682362545131119713e-01,-1.299950908584460718e-01,3.502111770538798297e-01
-2.142224185963985672e-01,2.504067935901465036e-01,4.599381101523790649e-01
-2.424868514003185593e-01,3.826627304046176237e-01,4.052196660072117096e-01
-1.592683864873234434e-01,3.534477825377759785e-01,-4.409247365916798556e-01
1.343491332736210797e-01,1.514476073589402505e-01,1.401376093267466816e-01
2.333937770724729965e-01,-2.420573753652728310e-01,4.416935066417639888e-01
-1.803140153940513413e-01,-2.428443339014447755e-01,-4.817630960744964108e-01
1.886734889842753837e-01,2.393039204959644950e-01,4.437015042306395873e-01
-2.061324949685885422e-01,-3.397417337752990374e-01,3.200282367969178310e-01
-1.262073500197815612e-01,1.531184127830393926e-01,-3.832400348850226734e-01
2.550134230733926977e-01,2.769301996528443777e-01,3.027091467204318098e-01
-2.298930840770837536e-01,-2.916031492375658063e-01,4.385750018155259999e-01
1.878358953623467942e-01,-1.735395383486720844e-01,3.201857541175826549e-01
-1.289032574806419085e-01,1.991061593778983285e-01,2.028478669516459165e-01
-4.756740866057229677e-02,-1.515758240739906171e-03,7.759785235377070212e-02
1.338781210604585992e-01,8.583127566692139165e-02,9.370725281612313218e-03
-1.273120487679161306e-01,6.055244729060160758e-02,-4.109571627545554051e-01
-1.134456447639686782e-01,9.779722282553360291e-02,-4.492259480938448624e-01
2.745577759962710696e-01,-3.467451967731983720e-01,3.884788240447172303e-01
-2.699780413280039593e-01,2.636092868632925468e-01,4.672600696011898203e-01
1.723283012151189952e-01,2.466159411918076305e-01,2.495090498406404844e-01
-1.324444290524928736e-02,-1.116561270296988484e-01,-1.879328930067175607e-01
1.939710420479694442e-01,-2.293974102389407799e-01,3.188672975045317992e-01
-1.535463994443649893e-01,1.405749735778555332e-01,1.780354307070978193e-01
8.445066885564855852e-02,1.586545364496524391e-01,2.073074209997275430e-01
-2.146582617367535084e-01,1.728428836363872234e-01,3.995184216712048819e-01
-8.136073833487433848e-02,-8.289810772613326328e-02,-2.757008223558705673e-01
1.691314489706807755e-02,2.939166526625636156e-02,-8.489395683217781929e-02
7.481072287084944428e-02,2.421186648565010202e-02,-4.574665602815786158e-02
1.253255701869712135e-01,1.322279449221637204e-01,9.740782524665647646e-02
-2.621084656602680196e-01,-2.744175281701449753e-01,4.410424410126357886e-01
-6.447607172291447419e-02,-5.173686795456999832e-02,-5.070406057219478679e-02
-3.723983836725541785e-02,2.166265743728871263e-01,-3.930932152666279933e-01
1.472470962767148395e-01,6.661228172896016542e-02,1.359616056592054534e-01
-1.613421098872677151e-01,9.827175728225012730e-02,-4.247153331484453398e-01
-3.407824349561401345e-01,4.148684377620740493e-01,4.886719885420570675e-01
1.466090570615551369e-01,9.778975569001624457e-02,2.305610361084515780e-01
-1.121718322886091634e-01,-4.742898816006568818e-02,-2.480254069917053883e-02
1.618716785949547710e-01,2.996241682902929249e-01,2.734627184889832918e-01
-2.550091049641820540e-01,3.275578602827092789e-01,4.926069505826924377e-01
-1.495209614994241765e-01,-1.208757849548388608e-01,3.258597104109619558e-01
2.487366226370586464e-01,-2.642597277076697004e-01,3.578205526782258783e-01
-6.983239046305278475e-02,2.145666916087516363e-01,-4.039652330015652826e-01
-8.351016974060232467e-02,-1.054461761144031007e-01,-3.530066583653189705e-01
1.461845034995503667e-01,1.976763555567983000e-01,3.472250123843954039e-01
1.861840711774216395e-01,1.995688309777539082e-01,2.054980574443818764e-01
-2.428274026389403151e-01,2.192418623582038650e-01,3.220439123386649172e-01
-1.596869778589748989e-01,1.896789502986201414e-01,3.438351645461018569e-01
-1.339997211413846978e-01,-2.387152307376111393e-01,-4.531611722111379414e-01
-4.105241078980881309e-02,-6.784684485860692504e-02,-3.301433635589733351e-01
2.419046100694449697e-01,3.684803190547352170e-01,3.761440090968063421e-01
-1.580634682005179759e-01,3.019619470883668777e-01,3.592649824061310282e-01
3.669171500603474190e-02,-5.154716900217293230e-03,-1.409967772739942893e-01
1.909847398201384161e-01,-2.094123319193493815e-01,3.971678054466486474e-01
-1.213910907194292177e-01,-2.464902593008779785e-01,-3.099603424477275215e-01
-5.587727563778543960e-02,7.703033673490677913e-03,-4.108115165427180804e-01
2.110798455505586979e-01,1.946181051536022277e-01,3.698053983577471726e-01
2.622620763425810297e-01,2.981468995901143115e-01,4.852817148697931016e-01
2.156333814219368872e-01,-2.756336644135378711e-01,4.446844936986183994e-01
-1.877718862147034207e-01,1.939638938975826177e-01,1.973568383404914472e-01
-2.523807624865845867e-01,4.059126119065944449e-01,4.467686354716930985e-01
-4.329672340311185863e-02,-1.647771267240440984e-01,-9.036262209310497173e-02
-1.364406144884130478e-01,-2.622225327474867473e-01,-4.849913902506278740e-01
1.290414659891597760e-01,9.611788249564434672e-02,1.980398673232883766e-01
2.675370520673049368e-01,-3.819767280858393788e-01,3.193738260621080682e-01
-1.692776187636904073e-01,3.403494204310159033e-01,4.109599903234960605e-01
-7.728468157576706687e-02,-6.445196112679230094e-02,-2.424224965568899659e-01
1.879882956912682923e-01,-1.034338813177924088e-01,3.775496198591868913e-01
-3.234598446185439347e-01,-3.196956115270985777e-01,4.787474944398525389e-01
2.144066558853477966e-01,2.091210510931317268e-01,4.858998917132173467e-01
-1.803909618940813253e-01,1.780201086509309860e-01,1.527186459230936988e-01
1.661295859107577710e-01,2.535592340337742279e-01,3.689373934480396633e-01
-1.464913361913489087e-01,1.029405889037489086e-01,1.762226074223907091e-01
1.592508212086990449e-01,1.289889942880576568e-01,1.988247737109695157e-01
1.893276757680930622e-01,-3.818726539240403506e-01,4.342856671987072037e-01
-1.139973311584128179e-01,6.250947940739559616e-02,-3.803611880891099029e-01
8.599180284057217349e-02,3.673643235598911261e-02,-1.139404194517934510e-02
2.232525016407849172e-01,-1.545004056290955052e-01,3.834568520654729751e-01
-8.084863157165356196e-02,-1.148367116973407764e-01,-2.107670321455160645e-01
-1.092490510110200042e-02,-4.172844267711239841e-02,2.721220608907037875e-02
-1.019942596684878522e-01,-2.636243259999987432e-01,-3.929830217969120243e-01
-2.015342341379774416e-01,1.923146895170493309e-01,2.190527529827235309e-01
5.267000924333620215e-02,-1.516160483647985835e-01,-8.737470545282088885e-02
-4.880453189023570282e-02,-1.827105209124411100e-01,-3.837773338001123635e-01
-2.642535045248795011e-01,2.799234791533578015e-01,3.981417558257591693e-01
2.278374301084258313e-01,2.241529261297445785e-01,3.390894649071460876e-01
-1.628303291013054599e-01,-1.516576581062678564e-01,-4.849489096881055561e-01
-1.688164336192641279e-01,3.160676810281562998e-01,3.466612705682334816e-01
-1.220633969247637562e-01,-2.725481170810182263e-01,-3.322879535142243546e-01
1.862475206777267633e-01,-3.033223865338844361e-01,4.190063497891104438e-01
-9.414828035718569854e-02,-2.619044430279542368e-01,-2.853532603566767412e-01
-8.487881767201765904e-02,1.205393971932691155e-01,5.738788345577927608e-02
-1.289466165727889413e-01,9.844078730864369575e-02,2.836919979137805248e-01
1.180472568496234720e-01,1.976061142152407690e-01,1.806107249393934522e-01
-1.865093305136362734e-01,-3.004503119424049018e-01,3.504196666218398759e-01
-1.531035459711175273e-01,2.580584923519102514e-01,-4.309305183314711130e-01
-1.426929669179745064e-01,-1.916520636395534494e-01,-4.661271750167770289e-01
-1.301661057524280407e-01,-1.513332833459802851e-01,-4.024201112234715438e-01
-1.723770522336310895e-01,1.669472612109539345e-01,1.166033615929085165e-01
-8.438194001639653941e-02,-2.438297355388036047e-01,-2.855300696565350460e-01
3.665224147601764404e-02,7.860658814391130456e-02,6.061786898314069916e-02
2.478279149969461193e-01,2.392260899307633304e-01,3.553464677924214055e-01
-1.374027159652124741e-01,2.661162336676544671e-01,2.885147180845604176e-01
-1.404409330823354063e-01,1.644851729192289280e-01,1.164101187126623804e-01
1.995136403363809707e-01,2.809193017236883971e-01,2.877026632312910115e-01
-2.464354677083905321e-01,-2.908388971020352542e-01,4.171561281853098935e-01
-9.307041657738013285e-02,1.132279124048717334e-01,-4.737369350135237633e-01
-5.630693660020280600e-02,2.225139492865549906e-01,-3.608934956900379243e-01
2.769910399686477120e-01,-2.698542273197047647e-01,4.907156839455282249e-01
1.814389791190730294e-01,-3.772212648218675746e-01,4.241708089809878013e-01
3.500303131913473642e-02,9.817810381822056343e-03,7.441020936262676688e-02
9.241879193825019989e-03,-4.338461881807031961e-02,-1.316694434849315920e-01
-2.810758533747883536e-01,-3.963750482528735075e-01,4.703448963594953902e-01
-2.405084365556283688e-01,4.133324838614856889e-01,4.562233977004801488e-01
-1.396201766658468069e-01,2.525065843778329100e-01,2.139056662350575788e-01
-2.014502684219515727e-01,-2.391860831640604257e-01,-4.623949343170504767e-01
-4.446167267167822068e-02,-1.964268497895187426e-01,-1.372665413000951906e-01
-1.001309122479758784e-01,-1.868690274981774646e-01,-3.284458180843136121e-01
-1.304526526431081246e-01,8.937307911313452369e-02,6.191794058025656966e-02
7.807293321432362543e-02,-1.984030976941464353e-02,-3.473995469397284097e-02
4.046613334108994930e-02,-1.522444479607509837e-02,1.246341138753592759e-02
6.966072367157183365e-04,-6.072821244395520957e-02,-2.239021567576449101e-01
-4.743292955169176039e-03,2.813502513852339515e-02,-4.807235275866628132e-02
-1.092753508568148346e-01,1.979299627063316747e-01,2.124038498261985319e-01
1.756488425748198301e-01,2.645993579932642836e-01,3.152156727499336730e-01
-2.091699547905232492e-01,-2.372978746603864320e-01,4.756121522955815140e-01
-1.684129726880687627e-01,1.755574363443808128e-01,1.317717761818837374e-01
-3.222333542647980442e-01,-2.953218062164227886e-01,4.379902801617131525e-01
-4.724463816983870412e-02,-1.313335927495717925e-01,-3.881568930994828692e-01
3.764060533422486365e-02,1.472762032864480819e-01,9.742868327098985759e-02
2.756844289380008250e-01,3.626744626807720806e-01,3.889434746825378708e-01
-1.260814664219345183e-03,-6.253026441665243684e-02,-7.304483671706474279e-02
-6.728187513903671757e-02,1.986614974558081892e-01,-3.274478385425667604e-01
-9.055129189704835824e-02,-5.842823253330520217e-03,6.944004914355617064e-02
-2.838502159290799964e-01,-2.804990457408031990e-01,3.751165398833153919e-01
-1.553894973123406409e-01,8.648818469101815509e-02,2.343898614551382931e-01
-7.347496551793175623e-02,6.447690281455087380e-03,-1.116895511228923610e-01
-1.171633348092794291e-01,1.931590247681240768e-01,2.097722003967648075e-01
1.837832736637790010e-02,-1.494789721134781590e-02,-1.495513059401343270e-02
-2.519641908291330168e-01,2.600330279363327612e-01,4.579147504875982211e-01
-1.629636757957987347e-01,2.790858146707834164e-01,2.402722463109386863e-01
-1.958126241245206067e-01,1.914061335810979259e-01,2.399210104419328138e-01
-1.509338971313267663e-01,2.367759130933015932e-01,3.422557590941822658e-01
2.879266934776210096e-01,3.149030584408223366e-01,4.238298848655244200e-01
-6.086284138677244826e-02,9.340429874464262205e-03,-9.943232162056070411e-02
-2.306638157411321499e-01,2.077915842103221777e-01,3.865285732901971860e-01
-1.235119708114633674e-01,-7.845729670982182213e-02,3.387084426755149202e-02
-1.394353556847961473e-01,3.109513718757731526e-01,3.165660757089701072e-01
-6.765788027694785711e-02,2.281668797897118406e-01,-3.500973331350110129e-01
-9.967197495840263155e-02,-7.318178971816313716e-02,-7.270625347546877393e-02
-3.063616571195992844e-02,1.069111535393095780e-01,4.722920101514671565e-02
-1.686754733765779557e-01,-3.097864814132206268e-01,3.503394281729453885e-01
-1.021214292934851109e-01,-2.185357430042241811e-01,-2.703188024735885264e-01
1.588515408532653606e-01,1.871503420818458885e-01,2.077550535608864157e-01
-3.401055823537402212e-02,-1.438895942627401725e-01,-1.635230059905499189e-01
2.961080338874132467e-01,2.876858493404006456e-01,4.014183626112347580e-01
-9.153931605507403813e-02,1.649920275191004704e-01,-4.293324637536443111e-01
-1.643921519374700324e-01,1.883327741522009546e-01,2.427441942316201917e-01
2.639532107304459752e-01,-2.640530180286222439e-01,3.625173543693679390e-01
-2.292535738309178228e-01,-3.507756284270697744e-01,3.740407462194524912e-01
-2.125475666792504548e-01,-3.655421926237745200e-01,3.880580543190631504e-01
1.445448352228752009e-01,1.016626466014430852e-01,2.632632982979085101e-01
9.968519635819805824e-02,1.565648624690483270e-01,7.304008731802036358e-02
-1.000399878960864797e-01,-1.045516053457424821e-01,-6.202085840435223041e-02
-9.531219740528695805e-02,1.741391217529297819e-02,5.962066428881795943e-02
-1.603943301078437633e-01,3.603326366016087468e-01,-4.142521636322835654e-01
-1.457803615087854832e-01,2.894455968969507076e-01,3.552565509143573719e-01
2.225347098074706986e-01,-1.761733872720597782e-01,4.694751493766199379e-01
-3.212266844712348135e-01,3.278519009864521161e-01,4.475165821719329085e-01
2.201153541815200620e-01,1.642855910725793400e-01,3.089934701498369130e-01
1.065310937213594933e-01,5.773072233107423568e-02,2.170904077945542410e-01
-8.540169644115602754e-02,-1.046097180191074560e-01,-4.464270860913198691e-01
2.767960814290493232e-02,-1.564442031901879249e-01,-1.538448946586219446e-01
-7.054282500766906328e-02,-1.657531909779189627e-01,-3.842246172602602483e-01
2.463892697781893126e-01,-3.816306168304501867e-01,3.401653176849972482e-01
-8.546940967971139447e-02,-5.905186527837735788e-02,-3.759373522493614228e-01
-2.180447419363298334e-01,3.145877069826994443e-01,3.760656268094947352e-01
1.905652917161271276e-02,-6.458908804939322845e-02,-1.240792950284645979e-01
2.623662097680363736e-01,-3.635052029146782493e-01,4.032968701563289793e-01
1.348647753515286318e-02,-3.709076630342245107e-02,-2.116430099750695737e-01
-1.811527483799894034e-01,2.062414587206516936e-01,4.099977223301956020e-01
-2.220501884143057936e-01,-3.317225854504983751e-01,3.399593003193182028e-01
-2.019242666088105764e-04,-1.334777792117025630e-01,-1.279445107572210194e-01
-3.069688742091413181e-01,3.426951365729880017e-01,4.582490848779976478e-01
-1.600251306011781782e-01,2.614203024055232749e-01,-4.610901990165819919e-01
-1.204514824875332346e-01,1.740246795898400256e-01,1.870753624150987005e-01
-1.240668725286805385e-01,1.111672804658380143e-01,2.327889850371227531e-01
-1.554094009820032873e-01,-3.001770638510428135e-01,-4.083723767945983685e-01
-7.140583698258440304e-02,4.238297532244494903e-02,-7.847398683902473415e-02
3.936233296522972935e-02,-1.868361234791837688e-03,-1.365289753459153488e-01
-1.421065463834664255e-01,2.019947398200090394e-01,-3.519288501311148565e-01
-4.959734318931419139e-02,5.075526702202304286e-02,2.169852590756626842e-02
-2.295882833581688320e-01,-3.972599966942226279e-01,4.754339536878778860e-01
1.914287407496583215e-01,1.721186098836863243e-01,3.067520768643074991e-01
-1.750094187033980342e-01,-1.313008959101457096e-01,-4.290679085909177015e-01
-1.624560656918880852e-01,3.193027579883154221e-01,-4.906638060922600131e-01
-1.534813995425184929e-01,-2.277228871782502884e-01,3.298508376768322092e-01
-9.879264780608010277e-02,-1.124716928872890875e-01,-3.999775343338511924e-01
2.563565103782236010e-01,-1.941420492967547151e-01,4.166402921684612126e-01
-1.583476868742366150e-01,-1.900759762260555430e-01,-3.781758665315001489e-01
-7.989242411773134211e-02,-2.230588322861634110e-01,-1.981553522496458664e-01
-1.246971272145787069e-01,1.371079211543174692e-01,1.354284005768996435e-01
2.338978967735864112e-01,-3.366360152666439953e-01,4.586568982268919292e-01
-1.192657042284558377e-01,6.731976989830923408e-02,-4.674989812910129716e-01
-3.523911599636520009e-02,-1.585964199132997576e-01,-2.742134832539916411e-01
-2.199694424336103848e-01,1.615616820228169548e-01,2.007745134492789907e-01
-6.593437464349383159e-02,-1.305140423618835754e-01,-2.542201541408463106e-01
-1.724154733208190793e-01,-2.703761994288796933e-01,3.697533011406912706e-01
8.745206012499817660e-02,-1.007147741750974435e-01,-4.328982334859343695e-03
-5.491489316284259292e-02,-1.421415352432878754e-01,-8.304671233396021535e-02
-5.140359623943346890e-02,-1.229084499716404100e-01,-3.221074546169634401e-01
-1.200033800896798120e-01,-1.792662529393268533e-01,-4.994380102754096828e-01
1.621547371183800212e-01,1.324689496920065102e-01,3.416336797264967196e-01
-3.891877832233603396e-02,-4.333364156808061640e-02,-1.201877493459369006e-02
1.726084922976034441e-02,-4.523805955029214232e-02,-6.871726760935237266e-02
1.610559543116657499e-01,1.653259741323847010e-01,2.797391544909800798e-01
-8.154529822997669264e-02,-6.206223107196462419e-02,-3.952545045097486387e-01
-2.375498825723243446e-01,4.078613855903472363e-01,4.894751029308650470e-01
-3.226482864575308529e-02,-1.763682816361844541e-01,-3.245137813711949093e-01
-1.064682616466140486e-01,5.229160883860972664e-02,-3.886388968252276754e-01
-8.668950614829451506e-02,-1.237370724719378812e-01,-4.114629090629281505e-01
2.335200196184019639e-01,2.867539342497721355e-01,3.602876581465124239e-01
1.693161737763004826e-01,2.784399625116759092e-01,3.517193114911922880e-01
-5.909089809561884898e-02,-1.436038535439282393e-01,-1.404433061081127310e-01
-2.288114833462606690e-01,-3.323326084163117367e-01,3.568102113850486479e-01
-4.828197494351527119e-02,-1.101205027792683255e-01,-2.710437201502251536e-01
-8.351332986455384244e-02,-3.919028545843061817e-02,-4.626816400733838597e-01
-1.668622432200377315e-01,1.954418829708819416e-01,3.559933016560867802e-01
2.084222926593239933e-01,1.582009439963176778e-01,3.786712081246530470e-01
-1.292670402051979694e-01,1.936322962039075390e-01,-3.875615459995449541e-01
-3.478300432045211554e-02,3.018766657087235128e-02,-4.309627318381203942e-02
-1.106490285149631658e-01,-8.368121713409926166e-02,-3.624708239014410305e-01
-1.301638120764351259e-01,-1.943049426547569514e-01,-3.440271831838561667e-01
1.962769935871307991e-01,-3.103216696811196273e-01,4.475704754009592889e-01
-1.645872624108086768e-01,1.071478965765393365e-01,3.938187289204160280e-01
1.460698344346140765e-01,2.195089607297933121e-01,3.277762144300743197e-01
-4.836926244017247800e-02,-1.378382028707743068e-01,-1.322860671883046013e-01
-1.573639071055616956e-01,8.256217762511641745e-02,2.521108403797731601e-01
5.041045038650049381e-02,-6.418222080926738737e-02,-6.114540669299040054e-02
-2.890924375408693292e-01,3.166687796403478972e-01,4.098748123786422060e-01
-1.338380071304864360e-01,1.014801508787709361e-01,3.584590292697309444e-02
3.243540514597620383e-02,-1.172619281055233831e-01,-9.507066404494024514e-02
-1.233784154489460105e-01,-4.556834265455311783e-02,2.284869974071590537e-02
-2.814137268664933522e-01,4.071144007029927625e-01,4.247198693225976429e-01
2.586692751826982217e-01,3.289981282783378536e-01,3.730834644759642993e-01
2.263659712635187615e-01,3.496465375685049448e-01,4.576691771212438864e-01
1.466163862598953704e-01,-1.104296197857745909e-01,3.385628938520340858e-01
1.611890178097945547e-01,1.352311140500790376e-01,3.735554025683298640e-01
6.786256902505871658e-02,4.318686870850851900e-02,-1.629094508565998023e-02
8.747910092409494354e-03,-1.114092286413002064e-01,-1.983991084906785440e-01
1.000963792690736653e-01,2.022378295120837999e-01,1.764467426630171865e-01
6.633915784295696394e-02,-5.384401604158428611e-03,-1.126844081750401072e-01
4.605399127405340742e-02,8.915412093632446577e-03,8.993771028411479129e-02
-1.526651188023427919e-01,2.912208753945692008e-01,-4.249735723205885218e-01
-2.791188000864246455e-01,3.394327866734268007e-01,4.343232369541721871e-01
-1.011199815393676316e-01,-2.358480268409640646e-01,-2.940500824952683168e-01
2.431850972578881720e-01,-2.768437784056345663e-01,4.071120570562644092e-01
-2.268121573213146558e-01,2.595776032278568346e-01,2.982160205686907872e-01
-9.878451903533180811e-02,7.647400656956637732e-02,-4.482049404231925882e-01
-1.977814354092742866e-01,-2.980337941272078739e-01,3.850633986884273163e-01
-1.125062488778825198e-01,-1.703859131908221913e-01,-4.933665879341898597e-01
-1.576686187543763218e-01,-2.692429500552410149e-01,3.362712755351754401e-01
2.053315378798469260e-01,-3.902140003999736706e-01,3.975223034406801803e-01
1.758802855679455490e-01,2.354239709620490340e-01,2.312824631525980390e-01
-8.277966171556949693e-02,7.072530606719706903e-02,1.422356047875630303e-01
-2.676521721060264314e-01,-2.637807950407734525e-01,4.240245060626998130e-01
-1.664622926604166775e-01,1.750713669180249399e-01,2.599183394058723895e-01
-2.980031746740730014e-01,-2.583024065981639472e-01,4.749244930008780230e-01
-1.962094752541441167e-01,2.801693100816817772e-01,-4.814533926521480378e-01
1.225704495827143470e-01,5.623562558346151263e-02,1.587092336614823740e-01
-3.331214976168095365e-02,7.553290081506769393e-02,1.350496595163652724e-02
-2.265724011809940874e-01,2.199360063046444935e-01,2.282491379852370494e-01
2.641890888113507252e-03,-9.016402785299393319e-02,-1.861768580220253266e-01
-9.103783245888663611e-02,8.663814691907567589e-02,-3.926907150031549998e-01
-4.685024346063082490e-02,4.062919549118082507e-02,-1.315408636443426982e-02
-1.431322712734066638e-01,1.021290187351802103e-01,-3.837747844250140039e-01
-1.866706130842352707e-01,-1.224055298974127126e-01,4.115554559725271844e-01
-8.878820301041201457e-02,-9.105756117776697689e-02,-8.574622055741254467e-02
-2.219306060615906517e-01,-3.400973284855077772e-01,3.687250496719829407e-01
-2.526520495852607739e-01,2.388540827069703942e-01,3.232215588930205108e-01
1.969241633106411093e-02,1.596777382278480317e-02,-2.353312098236337579e-02
5.049339402469976701e-02,9.720302831761951090e-02,8.959478877487658810e-02
1.750847654888576521e-02,-7.732318361254741923e-02,-1.563443057608473463e-01
-1.394480366249825076e-01,6.910166233612136111e-02,2.036615541760500303e-01
1.564847408822334085e-01,1.723699453492786304e-01,1.279375777033977535e-01
-1.041904840895463424e-01,-2.478298006521677532e-01,-4.383243065443955810e-01
3.879235148042947667e-02,-1.699863117737947515e-01,-1.101292013658838886e-01
-1.069982066975603274e-01,-2.554459779404947284e-01,-4.642574817906357509e-01
-3.480505814668299891e-03,5.147768963125665120e-02,-1.929857584243122037e-02
2.126024491618585532e-01,1.678276473838820060e-01,4.682265314567409797e-01
9.915482314960266663e-02,-2.200415898875274223e-02,1.156164200316230906e-01
-6.402402562511644302e-02,-7.918903871945159878e-04,1.449634621036266502e-01
-1.519525630738098876e-01,2.439265946181115030e-01,2.196321540108430170e-01
-6.893526019976892183e-02,-6.744699024439393398e-02,-7.419463785562774305e-02
-3.225595326350342296e-01,-2.898326185645591080e-01,4.897176735186536956e-01
-1.026023849036896696e-01,-2.085622429462945515e-01,-3.973148865838621591e-01
-1.188247566772256958e-01,-3.377968369536432647e-02,-4.883114074208357858e-01
-1.338446077283438340e-01,8.060610562516135058e-02,9.647669791007951190e-03
-1.388472854048999894e-01,-3.196261906879103165e-01,-3.620906727304669115e-01
-7.921207003751284947e-02,-3.142672576122484962e-02,-1.111850431441629983e-01
-2.144932097448537522e-01,2.366711962850698292e-01,3.374049013976666567e-01
-2.934184455147721415e-01,-2.567501998631377402e-01,3.873672089859376833e-01
1.765492626303116763e-01,-1.711194178649932951e-01,3.296176970364911307e-01
-8.864095232063418095e-02,-1.193628496702853203e-01,-6.055753709831213083e-02
2.655586633586408674e-01,-3.210788711188268252e-01,3.357373692011165200e-01
1.980342985003394896e-01,2.931037324413628964e-01,4.511675791315510331e-01
1.570005228404424136e-01,-1.845681924321677103e-01,3.280222200009037525e-01
3.495290399151740335e-02,-1.242314794684018509e-02,4.961629649776211348e-02
3.179646764796412173e-01,3.418772280981278167e-01,4.963347908296406041e-01
2.660949785160419134e-01,-3.886781045951896996e-01,3.858872748918393825e-01
-1.519136832701650786e-01,-1.242948149826876847e-01,3.444046010211673225e-01
-6.082746984928288914e-02,1.596481673149150460e-01,6.980435962864706134e-02
8.494591304459386816e-02,4.518492628223269580e-02,2.056819912214005175e-01
1.699138186188048349e-01,-1.912669495424407229e-01,3.530112237097344785e-01
-1.708635666207924952e-01,1.742648365075587513e-01,2.607396383350668589e-01
-1.176071882800837631e-01,-1.316626313962310224e-01,-4.945680345337784001e-01
-1.031906251460802393e-01,9.692040995246120616e-02,1.748158452786544581e-01
-1.408219936086996249e-02,-8.196665349735343664e-02,-7.468961872113977218e-02
-2.036016785240943872e-01,2.386918993904718622e-01,3.582183223624242352e-01
-2.864946745159850927e-01,-2.693648114169537866e-01,4.509389909436301025e-01
-1.201474461903913049e-01,8.678628428013379636e-02,8.900149776399080004e-02
-1.499033873976044484e-01,2.864594584976378755e-01,3.412146966271121240e-01
1.928882964295008939e-02,-1.362559194051269351e-01,-1.799157990685502639e-01
-1.005544164004209540e-01,2.448605818667405343e-01,-4.692130290038851737e-01
2.276726566181944689e-01,-2.043183749074696243e-01,3.244953339387927072e-01
1.390893062174036743e-02,3.315556876081315885e-03,-1.753339161590772299e-02
-9.869161385351876703e-03,-3.865262506916478102e-02,3.506594468389845343e-02
-1.133831400468942041e-01,9.658440196344653117e-03,-3.251467750565940618e-01
-9.460095644406596449e-02,1.770536926769804564e-01,-4.200398757191802224e-01
-5.216460497958319564e-02,-1.760720413458384259e-01,-2.231075233091565080e-01
-1.570087883227178072e-02,2.496890287465169944e-02,-1.070112615932343747e-01
2.430896876261712247e-01,-2.282313650130761706e-01,4.314644647921968001e-01
-1.444971309292789607e-01,2.459182540560064245e-01,2.871515825631932861e-01
-3.283748439408638031e-01,-3.589059426435617928e-01,4.872774818370788630e-01
-9.943113065552755536e-02,1.362242844354180082e-01,8.877370876960222201e-02
-5.731732517270671234e-02,-7.128172053961978616e-02,-1.795584220570598522e-01
-4.639465734159442523e-02,4.527074217393567412e-02,1.714650048105204050e-02
-2.267074183198896087e-01,-2.308851881527590466e-01,4.174434439448425627e-01
2.425478953020854256e-02,1.213860038962411014e-02,8.637536151163582865e-03
-2.856921172872183279e-01,-3.255059888721808514e-01,3.851100564987165464e-01
-8.358231314835806725e-02,-2.330842048318527704e-01,-3.714573682980329972e-01
2.187291285545138741e-01,3.158320562632039863e-01,2.992347940765406333e-01
-1.048635995565508905e-01,-2.168147942993857713e-01,-3.816069130391300801e-01
2.802007036556196651e-01,-3.253505676578439809e-01,4.330119631408463343e-01
2.966972123026152541e-01,4.025008378617814797e-01,4.939825742722429025e-01
2.128438564263920307e-01,-1.474559386595328814e-01,4.313991135353184569e-01
-1.150311430587991346e-01,8.743690000609705137e-02,2.320624495945903254e-01
3.070335831575796703e-01,3.646477452095853167e-01,4.875352513907122987e-01
8.607182171145977279e-02,5.849510463415941164e-02,-5.588631895892570700e-02
2.719738786107906980e-01,-3.792782621807061494e-01,3.883497424025531553e-01
-1.947438083446496604e-01,-1.110205670669731637e-01,3.490923899674376329e-01
-8.062613325425760369e-02,-6.142184842732711925e-02,-4.826313280797587257e-01
1.093961764014930171e-01,4.689988085713858723e-03,4.779252804864175808e-02
-1.894411112927860685e-01,-3.686696909653034426e-01,3.186157699785150399e-01
1.015336414444248936e-01,3.234584889024683108e-02,1.643938311998186519e-01
7.286369938530912194e-02,1.309425198020780501e-01,1.644523322759373629e-01
1.344351890187051035e-01,1.358931761413373351e-01,1.804790672375706784e-01
-1.836398078826632085e-01,1.334325106881946166e-01,3.588036217405609074e-01
1.179854150254728840e-01,2.589411368149265869e-01,2.401331772511212659e-01
2.808167271080347360e-01,-2.572325288023608048e-01,4.151209391617706190e-01
-2.186843787309161735e-01,-3.734046349917927721e-01,3.669829548879324221e-01
2.586046975088485134e-01,-3.490571536826617693e-01,4.762344406603019609e-01
-2.629658296977467336e-01,-2.320723533308621800e-01,4.372831333683239174e-01
-1.582960747853779937e-01,2.641201281702872938e-01,3.174561406200100411e-01
-3.019017728427997316e-02,-6.411491881274988813e-03,-3.295100589024793081e-01
-4.020279071213184174e-02,1.568747142046437171e-01,8.174869162616604790e-02
-8.602987864689393138e-02,4.530499219185102344e-02,-5.106127091534351514e-03
-1.325277147580979920e-01,2.194055890697852451e-01,-4.245782185739410686e-01
-7.829913252724218786e-02,-6.370016686130941519e-02,-2.066570404851114651e-01
-1.875169471678872490e-01,1.586561719815773319e-01,3.742245226433306149e-01
1.420205479610675559e-01,2.934008831749165269e-01,2.685267989112638531e-01
-2.199168889772498137e-01,3.010487550343098340e-01,2.733085298336220825e-01
1.283707508444964507e-01,1.755969261611936005e-01,1.807059597073700230e-01
2.596685122585201677e-01,2.393031258513640402e-01,3.928962748828908058e-01
4.203742935946019887e-02,4.767554524379613579e-02,7.014243481678805736e-02
-3.290181901965250066e-02,-1.886797056224653879e-02,6.704600526628179402e-02
2.002771644325285205e-01,3.088595340114609344e-01,3.966525228826799365e-01
2.771477109928621729e-02,3.835355307382359857e-02,4.836945608335319058e-02
-1.368862088871565241e-01,-1.720968932871339563e-01,3.227690255295811994e-01
-1.639288941479972728e-01,1.849695439871053004e-01,2.910046716720637860e-01
1.383652646880615400e-01,2.360244548189117664e-01,3.037972470871050934e-01
-2.720302721574376914e-01,-3.732894953636051172e-01,4.990219847763126548e-01
-8.873793304066002197e-02,1.030300948776451397e-01,1.122863772063492638e-01
2.744115477685231674e-01,3.509256050665223725e-01,4.151810738529733147e-01
-9.948238675576503987e-02,-1.560655831726353027e-01,-3.187468753564604018e-01
1.594722004504867119e-02,-1.465271519020650004e-01,-1.051302510246432398e-01
-4.401611498799362643e-02,2.630243530538745045e-02,9.016500829413121032e-02
-1.068122956891800479e-01,-1.938698760530853660e-01,-4.441486259375259094e-01
4.368394338024328416e-02,-6.417187145768221690e-03,4.211800198898840719e-02
1.795499287252728671e-01,1.470125871741990720e-01,1.989911576541760763e-01
-2.150437030215623935e-02,-8.482167819547070664e-02,-2.718236201511609051e-01
7.149933175556288933e-02,-3.403467151597694418e-02,-7.274513167513907419e-02
-2.939533451662876828e-01,-3.111108171199151728e-01,4.790037587679404352e-01
-2.239808333315422839e-01,3.125076846966527988e-01,3.602279361729151530e-01
-6.073729922825465977e-02,1.556954543165829374e-01,1.074385062240578170e-01
2.596606963938018486e-01,3.774544138219353417e-01,4.754915056791414463e-01
-2.087205667143783305e-01,-3.118721765204471863e-01,3.956789300216358995e-01
1.732215180316118985e-01,1.626619546105014802e-01,3.733669392765751605e-01
-1.480400595285690235e-01,9.018770401347697696e-02,2.892122769375695679e-01
-6.949874937924738205e-02,-3.565233439100312651e-02,-4.351412879156130176e-01
2.097841301419312021e-02,7.522093220739589636e-02,-2.016239394987640043e-02
-1.966720500463614574e-02,-1.421475257295373718e-01,-2.229579704408135576e-01
2.342633200797615833e-01,-3.749586612734489011e-01,4.398683419368966119e-01
1.642278779892262230e-01,2.631915572756208244e-01,2.896119862757514651e-01
-1.338188873088207442e-01,3.109760944392903070e-01,-4.870421329885444850e-01
-1.687709154194555472e-01,3.818052798156262861e-01,-4.341768357354589547e-01
7.904502127760559826e-02,3.502862595060651785e-02,1.391959438350998113e-01
2.237587892579299131e-01,2.006633804708669588e-01,2.393589545052091649e-01
-1.540473150913075351e-01,1.232108103315877612e-01,-3.911812478798436521e-01
-2.059196155384924731e-01,1.990232559075205687e-01,2.052019221499119528e-01
1.785248672339809772e-01,-1.625459253050033359e-01,3.825466991516958126e-01
-1.508014752216957355e-01,8.307680592977007006e-02,-4.689103213626808486e-01
-1.480768881314940000e-01,3.590843865813505564e-01,-3.867331679506195163e-01
3.419264628977247700e-02,-9.266407592192338338e-02,6.067076795791992438e-03
9.147446377008805474e-02,3.871748659579699048e-02,1.045847865903415386e-02
1.371434812594406472e-01,2.378776065310529431e-01,2.519372115200424478e-01
2.793761609090509301e-01,-2.664594220377912714e-01,4.672007076886768306e-01
-9.971936636875555759e-02,5.034834697861589881e-02,-3.576036009386867054e-01
-1.614969068562991383e-01,-3.161464757919499879e-01,-4.270783469674084287e-01
1.995015915463789202e-01,-3.318190383270590571e-01,4.237901398620659288e-01
-6.036788851931074174e-02,-4.384924315631599789e-02,-2.086535096014302537e-01
2.712611645567347685e-01,2.307661910462159849e-01,3.889411152817978667e-01
-1.550501556683343551e-01,-3.148447892528680736e-01,-3.968580356481823390e-01
-1.829655409208118533e-01,1.127960581480612623e-01,2.334365774507474178e-01
-1.412934135857769613e-01,-1.427223508065902369e-01,-4.584066456194534345e-01
-1.800577559714862108e-01,2.303795644615469485e-01,4.339553783640950346e-01
-9.644643363502203304e-02,-1.601582281712465861e-01,-4.685253423931978745e-01
2.001937195678965553e-01,-3.639072737298585380e-01,3.970928927406283115e-01
1.965603557586583783e-01,-2.730117090000286906e-01,3.951620485873900135e-01
1.593472565826082876e-01,1.246894746673123944e-01,3.570972647527170807e-01
-1.180255678278885334e-02,-1.116503463082624270e-01,-1.612022987919636829e-02
-2.625224345813774729e-01,-3.875772739667717737e-01,4.204551030556189506e-01
1.552877858845342907e-01,-4.725450206245085383e-02,3.628832359332068158e-01
1.860021205788575660e-02,4.659275729686551681e-02,-9.124045973642735952e-02
1.396221756503451816e-01,2.395106548719134754e-01,2.644761038306739920e-01
-1.273360845944053743e-01,1.092833549198435339e-01,-3.450298996507121796e-01
-1.722030252484840762e-02,6.885316410019948208e-02,-5.868423617647178236e-02
-2.381869592820752279e-01,3.444766481854384388e-01,3.432316936276532671e-01
-1.769924693507708424e-01,-2.949474350310401505e-01,3.511050476799953968e-01
1.779063050603747476e-01,1.553824717215743778e-01,1.230089442395925214e-01
-1.430885274883982872e-01,-1.148662340601698251e-01,-3.859326348454567013e-01
-3.943385415091138491e-02,1.301057036256557664e-01,-3.459138489602543443e-01
9.626638389227049064e-02,1.028795957337345079e-01,1.786999504549330320e-01
-1.107697063319583730e-01,-4.150988234322106063e-02,-4.945977805511247993e-02
-2.103897930728795274e-01,-1.957678138218212904e-01,3.645841338402030507e-01
-3.717553518803540236e-03,-2.196727941599141420e-02,-1.840408126078664219e-01
-1.206261542459795555e-01,1.076928468508335790e-01,-3.222341179931746957e-01
-2.546121005183009656e-01,-3.295138172309289848e-01,4.700862044650756522e-01
-2.112815363768810739e-01,3.893258684078586551e-01,4.901656484280657589e-01
7.410229373352827942e-02,7.518859017868195771e-03,-8.057589874156967369e-02
-2.699377874718359438e-01,3.429384565118324124e-01,4.126142676342097193e-01
1.372718469333035207e-01,1.845141039393616289e-01,1.748521862851648567e-01
1.309853131915497126e-01,1.259924033952481981e-01,5.400548735354948615e-02
-1.030799665900847817e-01,-1.411773821045709809e-01,-4.888916643288243602e-01
1.191471802365564603e-01,1.184198824627146207e-01,2.601673969623797822e-01
-1.922029026353898606e-01,1.979675768286942583e-01,3.065180605409236758e-01
-1.925179759544421998e-01,2.599995099467486970e-01,-4.731297760430168697e-01
-1.671427655735705509e-01,3.178374462204878181e-01,-3.957006883940772379e-01
-1.050847944597851358e-01,-9.777374319037135386e-03,-3.178713010227647295e-01
1.897568641048076321e-01,-2.555984699135063209e-01,3.494306255528344396e-01
-2.398809081959083489e-01,3.589686710700517036e-01,4.200531086583431106e-01
8.351775039039643911e-02,6.656043968202041139e-02,1.686096103052365791e-01
-6.695632385078054138e-02,-1.670122199952661646e-04,-4.462107633889988989e-03
-1.366472152812118201e-01,1.280645469067596132e-01,1.282340398981145491e-01
-1.843812516627882925e-01,3.214621030673100455e-01,3.262398531095521692e-01
-2.498764058898341744e-01,-3.477903833312547821e-01,4.539390480251015436e-01
1.655327750795108077e-01,1.516582979345864057e-01,1.902803249885915982e-01
9.476667159642715443e-02,2.186155056404015529e-01,2.285084333983894433e-01
1.348284780683526307e-01,-4.853776221437966498e-02,3.299847289726830502e-01
1.738242031104267893e-01,-2.558635738735189902e-01,3.872481846194270050e-01
-1.838372572312211295e-01,-1.895795048534931748e-01,3.240770145335627461e-01
1.393517073832966080e-01,1.780743938667856963e-01,1.431503305007164606e-01
4.942388989883528261e-02,1.346526062918362854e-02,3.265064816844864826e-02
-1.466499817813380346e-01,-1.449720113530270638e-01,3.276277193588783554e-01
-1.547377648459529187e-01,-3.293807400177868328e-01,-4.056954431163054542e-01
-6.917242340657170363e-02,-1.437057990761347881e-02,7.213688848659272068e-02
2.496206563122770339e-01,2.531169815574098036e-01,4.529197254823087437e-01
2.286764475241006567e-01,2.211145055949794713e-01,2.833906678153634839e-01
-4.624825041581726026e-02,1.500102817162625168e-01,-3.697355266502683202e-01
2.914544457746958139e-01,-3.175974540338347696e-01,4.433162346186070302e-01
-6.883113280973340853e-02,4.793433797719115486e-02,-3.509941043073756539e-01
-1.897340376875960022e-01,2.442785282451120921e-01,2.242224760045694598e-01
-1.688134579462660101e-01,1.801273382217637442e-01,3.824965400857399667e-01
-1.120638117028949221e-01,2.151396187491718681e-01,-4.568206734950673864e-01
1.190271383863511501e-01,1.211026333126098420e-01,1.310550147069217131e-01
-2.563985010430794853e-01,2.215398950871707573e-01,4.816526239756013794e-01
-1.257242687052269048e-01,2.107033569097195302e-01,-4.333819728396512971e-01
-1.983270049787642098e-01,2.415117087646807548e-01,2.762466603306358293e-01
-1.145743028705196176e-01,2.123740342388347191e-01,-4.634424857260206476e-01
-2.474476610337987825e-01,2.366641225508665514e-01,4.435501586181200828e-01
1.266757374238879352e-01,1.127672261080188143e-01,1.083523719849266431e-02
-3.874291259090378858e-02,2.115995670947534713e-02,1.198101743728607893e-02
-1.153882288617753549e-01,-4.299726171307582945e-03,-3.515428244279197312e-01
-1.494860555116803713e-01,3.115979319710034945e-01,-3.776217406967582457e-01
-1.514228675618476405e-01,3.349129546525209111e-01,3.436793104947973854e-01
2.254153954230463386e-01,3.543832964559715526e-01,4.642536168772909422e-01
-1.229037283865699326e-01,1.479662123250765626e-01,2.297264751692212892e-01
2.051132430002227114e-01,2.058636754030533922e-01,2.728410914374208573e-01
1.848022165879520395e-01,1.722375183828489531e-01,3.008966495968424804e-01
-1.391247769388498368e-01,2.205318231560824405e-01,2.181901925545255416e-01
-3.523780476861415600e-03,-2.426885529466515923e-02,-3.855228606575766825e-02
-1.179776207195550874e-01,-1.750513103913189372e-01,-4.166005698708833416e-01
-2.222861863894530776e-01,-3.164412440668469273e-01,4.282168379812714143e-01
2.009138662032761147e-01,-3.253532505775129646e-01,4.562115256095562454e-01
-3.204318945366924076e-02,-4.010536581931922750e-02,-1.722527864562632960e-01
-1.224968313639678286e-01,9.493578249937151270e-02,1.563903625089295701e-01
-2.491307683281457352e-01,-2.800853808159022851e-01,4.150059107758136134e-01
9.894925499722406759e-02,2.216482208846193291e-02,1.061189194965799221e-01
-1.061386029075452875e-01,-7.844703265267849446e-02,-3.726914956685651870e-01
-6.584443057210465078e-02,-1.215703544765758259e-01,-4.033223097815067382e-01
-1.223329844134601885e-02,4.617026696762471794e-02,-2.261800859194817992e-02
-8.123593137386009300e-02,-3.103461663138373794e-02,-3.879983134459761285e-01
-2.739773275974104472e-01,3.753279984225815769e-01,4.185948440138942406e-01
1.533747195080736869e-02,-7.152333150561351882e-02,-1.623292838208832967e-01
1.998347965047434505e-01,-2.567674932421972755e-01,3.962472068774984812e-01
-1.767301245986312441e-01,-1.262200024078676819e-01,-4.609850617907704784e-01
3.040342641853246430e-01,-2.627972990154052724e-01,4.167029571285691958e-01
1.782397368098707080e-01,1.635904541456381089e-01,3.244107999715887258e-01
-1.546109334147619530e-01,2.744832955852205547e-01,-4.302225464938573829e-01
-2.197193837946161965e-01,1.831677506280304790e-01,2.863728268984834235e-01
-1.904503000756025966e-01,-3.168838322635483262e-01,3.927640146263569054e-01
-5.608181224495767392e-02,-9.462595165833365130e-04,-1.569874458783179216e-01
-2.085077517645385070e-01,3.465228487113455325e-01,4.737963337769954819e-01
-2.740721169063211615e-01,-2.776421027206377179e-01,4.489878118590694411e-01
-2.211685943933211496e-01,1.929129688385892161e-01,3.971175568947800105e-01
-9.973691936551798420e-02,1.353249115024760529e-01,-4.955729758484409553e-01
-2.098513275293119040e-01,-3.975691237811687095e-01,3.261742962960550996e-01
-7.880903326937060971e-02,1.231864048936716083e-01,1.311761222205113375e-01
-5.706848119560825605e-02,6.711946557328063445e-02,8.379692028290808281e-04
1.127853895118405836e-01,2.337073112930532215e-02,-2.108938314245634160e-02
-2.164013786137582995e-01,-3.680166315566535395e-01,4.441122740732765806e-01
-9.449019754723220199e-02,-1.588532398639724841e-01,-2.973138741148338982e-01
-2.948255695457118186e-01,2.696972973907171278e-01,4.365863824400965099e-01
2.624451264605950351e-01,-2.954537439839248769e-01,4.148716850570377535e-01
-1.987315519253325391e-01,2.099871948606325534e-01,2.706434109026254475e-01
4.361067103958837787e-02,2.815359992012467227e-02,9.640991587769964788e-02
-5.901793704595326151e-02,2.046367293633262197e-01,-4.233209209063421019e-01
-1.643711280043446132e-01,3.621120322389558277e-01,-4.351309515774838266e-01
2.820647737378112474e-03,9.553260612102332239e-02,-2.714487801160647695e-02
-5.111430628195789971e-02,-7.572787262356128757e-02,-3.721996220922767495e-01
-8.280725051488035948e-02,1.989540279851739202e-01,-4.036083606964860904e-01
-1.337736911616066449e-01,1.668053119722205935e-01,-4.150091379892201227e-01
-5.163192743442590604e-02,-7.478228293664979098e-02,-7.469134133455967994e-02
-1.052553274648504456e-01,-2.056124822832318122e-01,-4.566160273014996385e-01
-6.547800273669401872e-02,-9.041471688532920492e-02,-4.533230382584030327e-02
-1.608405688367364750e-02,-3.805555313899489089e-02,-1.192436980857780604e-02
2.108888923088790834e-01,2.240530651272566454e-01,3.853474781876295996e-01
-2.217645799279840402e-01,2.738699179748663726e-01,4.098614997472999066e-01
-2.034356476843492967e-01,-1.536851245806942767e-01,4.686676460506158381e-01
-1.542327443323308067e-01,1.372919200212769919e-01,1.689128022071552104e-01
2.562558017662788235e-01,-2.636306275216310224e-01,4.202713719959864092e-01
-1.583333033272651402e-01,-2.896475642407440043e-01,-4.991529634072104926e-01
-1.266874609829601317e-01,3.259595510261750206e-01,-3.556718705286996407e-01
-2.782339716194159873e-01,3.271589928814420123e-01,4.797295749451853109e-01
2.765710381646867555e-01,2.417758743253278775e-01,4.492376675037851319e-01
-8.703560936347343180e-02,7.639436325507908965e-02,-3.676197586811218443e-01
-8.523727529844815631e-02,-2.109751349547458465e-01,-4.558362570696564697e-01
2.163722992491097230e-01,3.970966553025871981e-01,4.251600200485605718e-01
2.041743693169316698e-01,-2.483228158623983495e-01,3.217407531031603041e-01
-1.282735734864447474e-01,2.953593174819848510e-01,-4.872902275231395519e-01
2.230458686784096978e-01,-2.875261470724375101e-01,3.241849066339144159e-01
-8.312156469962228567e-02,-2.433654783832778223e-01,-3.724134623947685796e-01
-9.887082085635623407e-02,-1.834196106216577915e-01,-4.061972192837123297e-01
7.369491920192272616e-02,-1.384653994979013758e-01,-1.123264933040535318e-01
-2.957477861440954703e-01,-3.752924035407226855e-01,4.794018870805141219e-01
2.187000149809258387e-01,3.546823363721320899e-01,4.500237245688545329e-01
-2.424240295118527122e-01,-1.995338000478166229e-01,3.345830051999412191e-01
-2.102723347701300760e-01,-2.070769992540663074e-01,4.005277702953589092e-01
-7.527724314337147504e-02,4.586360658527921519e-02,-4.471304570273995083e-01
-7.058456660039735819e-02,1.680219123735016140e-02,-3.398399529622743165e-01
-1.983604445767227498e-01,-1.887499662354902297e-01,3.722379496593994919e-01
1.203040393868171076e-02,-1.109611636953550251e-01,-1.972229100081263065e-01
2.673391837075352884e-01,3.745616861456319002e-01,4.934026190360335518e-01
-2.254978178428266311e-01,2.532984810382592489e-01,2.728290827319177492e-01
2.931340485509607019e-01,-3.430624395723751441e-01,4.158873652704410118e-01
2.008504972318196913e-01,2.246681180140996936e-01,3.982604706176509080e-01
-6.277533961723669176e-02,5.730258153126865928e-02,-2.894715448829998650e-02
-2.492748908837679744e-01,2.090407316209187405e-01,4.702078563034476355e-01
-1.031631612122947406e-01,1.142188928982906804e-01,1.281989732758510581e-01
-3.324898294871325710e-02,-1.395602862173019876e-01,-1.136916221159973706e-01
-1.949076893379058095e-01,3.638068262153099086e-01,-4.981535206485394607e-01
-4.880681704861611347e-02,9.731338448083959314e-02,2.609891451350931924e-03
-1.092485226341480820e-01,1.378895141998585094e-01,-3.743584018015195802e-01
-1.194164185144024337e-01,1.700117245693910650e-01,1.627481204628539180e-01
1.851669856647437662e-01,-3.736633874642638631e-01,3.160976018046489644e-01
-8.805157820630227228e-02,-5.967559042626058297e-02,-3.913370125347468420e-01
1.624017388955989460e-02,-1.412055571584140967e-01,-7.393220456342508573e-02
1.838480274763323319e-01,1.504654190702497951e-01,4.242109758301086941e-01
1.954828173394030921e-01,2.856416349356105666e-01,3.394704922704048222e-01
1.312762993878383577e-01,2.161921301080879099e-01,2.960947905587179019e-01
-1.155415301728834887e-01,1.009713830753834474e-01,2.607858472694097873e-01
-1.214073866461522488e-01,1.502334791748866083e-01,-4.902821558811446545e-01
2.281469312905994862e-01,-1.809074517715122399e-01,3.416576084265313673e-01
1.342915104010494742e-01,1.620873650718712700e-01,2.309690048224334324e-01
4.335729425618894961e-02,-4.308205674356524462e-02,-1.063371778151295244e-01
2.322839652637952446e-01,3.397494730008101538e-01,3.925648121856707418e-01
-1.188624857439768423e-01,-1.637466378416972956e-01,-2.942101398052728856e-01
3.156710057826066507e-01,2.827784167959980222e-01,4.355590173800885090e-01
-2.292853440962078215e-01,3.664558375787198008e-01,3.813240785996032667e-01
-1.871720750228657026e-01,-1.884919660276200837e-01,4.115986088681068411e-01
-8.447108278729154041e-02,-2.586007568700119386e-01,-3.464084562521755339e-01
-1.257782475623347995e-02,-1.228915554495875195e-01,-2.873359716147594334e-02
2.490186268437994954e-01,-2.840785839022935688e-01,4.994023516257312112e-01
-2.655816289921530959e-01,-3.218166127111985464e-01,4.464204570625278645e-01
-2.211878404825158295e-01,-2.338844521119037845e-01,4.908729253925687708e-01
-1.158459803947622380e-01,-1.735873035616618543e-01,-3.151020057860605128e-01
1.169560990042052273e-01,1.455189487789567693e-01,5.692246649057552954e-02
3.045990913921242660e-01,3.052363575013781194e-01,3.983935125785228459e-01
-1.636212031041989201e-01,2.057380580651267943e-01,2.202128453257732321e-01
-1.474262923364134670e-01,-3.072071240567920691e-01,-4.130871983381448898e-01
-1.559419844865352900e-01,1.372192721528134873e-01,-3.589110589788482297e-01
-1.321538443970724508e-01,-1.479870919004471208e-01,-3.339035805489289910e-01
-1.013471370435420349e-01,7.547780890344746307e-02,4.594353082395552512e-02
-1.142707878301569835e-01,1.088898806688516352e-01,1.734654843706754379e-01
-1.228286249991700219e-01,1.460255492364880281e-01,-4.424845881359669164e-01
-4.527409845463836735e-02,7.549050504905552295e-02,2.101636522403749208e-02
-1.713570702858882022e-01,2.733566034153015467e-01,-4.048444634728188829e-01
6.029921916542801963e-02,1.009860924950681804e-01,3.758940880508121474e-02
-1.519301491139223304e-01,2.395109397242878302e-01,3.080718315320830625e-01
1.441533347529894149e-01,1.592951605641499402e-01,2.424452682668715164e-01
2.209198208368803318e-01,3.317432978221998008e-01,4.739370558883567730e-01
-1.048657995145336752e-01,6.795335663190205100e-02,1.224609024988509987e-01
1.898188581099935490e-01,-1.355330546545936432e-01,3.191478987756527497e-01
2.434607691789405504e-01,2.306725649139037548e-01,3.370411207707590950e-01
-1.401385851435595908e-01,3.502599720702417319e-01,-3.649948513104718240e-01
1.861100650517775179e-01,2.595736991405579452e-01,4.295303229074414197e-01
2.363560800891284508e-03,-5.396744307501022409e-02,7.824360609802405442e-03
4.012830919894228021e-02,1.119450440258228374e-01,6.338426742514813306e-02
-6.798562337684010970e-02,-1.311828910333234788e-01,-4.001813362974435684e-01
-2.235740255452982606e-01,1.934267754186806965e-01,3.359578480422537039e-01
2.165987040673049702e-01,2.608359051047507426e-01,4.683054298659580228e-01
-7.822202510630826833e-02,-1.351433347677203356e-01,-4.552368914810154266e-01
-8.555562181132247979e-02,2.288291764749333934e-01,2.001865544396282948e-01
1.014416205299260021e-01,-1.024914724490136875e-01,-3.002673117141163583e-02
-5.879531828793382875e-02,-1.645483255927365773e-01,-2.566091376831408644e-01
2.814089116088015485e-01,-2.529696195799980840e-01,4.463912881462052118e-01
1.322617887463607422e-01,1.564146512920749910e-01,2.704203763882109257e-01
-1.367933377143827345e-01,9.547423415805200708e-02,1.422887097788055888e-01
-1.358727311516065850e-01,8.154934939419000717e-02,-3.730309749982784195e-01
1.077324442876780308e-01,1.301597092774020581e-02,5.919251695836968974e-02
-6.214049096636498071e-02,2.282951079458217514e-02,4.169312156774529488e-02
6.708918847895761761e-02,1.472977601877267784e-02,1.519325875590147312e-01
-1.544022459727013574e-01,1.142894318124341169e-01,1.535757841674394442e-01
-6.922013544623795145e-02,-7.596065968408227675e-03,-3.420823617943131723e-01
3.010427668400108558e-01,-3.086030703346519521e-01,4.509131178661004435e-01
1.011347752356733798e-01,5.472785920656519920e-02,7.566060345222669348e-03
-2.335314019385327233e-01,2.017959927696925115e-01,3.536469280602866361e-01
-1.369971513513059680e-01,-1.860336817702314960e-01,-3.324356725285868563e-01
1.329987372555951897e-01,1.333457679907160687e-01,3.150589133614353221e-01
2.482376231789491516e-01,-2.853667433287676580e-01,4.299347065898297959e-01
-2.086079972487716594e-01,1.939534032395511254e-01,3.407887027614057152e-01
2.738410365169950955e-01,2.390817077383082800e-01,4.003853128262997441e-01
-3.939704798828480570e-02,2.013535216467332578e-02,8.093687944596739126e-02
-1.125106314575630151e-01,-1.081142096260242491e-01,4.894638604762135969e-04
-2.006396337033669042e-01,-2.982602709584851741e-01,3.367576924418358431e-01
-2.705197389363419580e-01,3.425233007825930764e-01,3.754364134718376489e-01
-1.429695815744130849e-01,7.561011667946104797e-02,1.624338877818588545e-01
1.705003890877271333e-01,2.831770977446008697e-01,2.711180774784389680e-01
-2.783721413652884280e-01,2.978415333704763635e-01,4.800764811587907577e-01
-1.533288212024811470e-01,3.636474558169373594e-01,-3.922955392123169682e-01
-5.447819376923157542e-02,-6.361759066053507272e-02,-2.022497641506409982e-01
-7.506485961449627098e-02,2.262680209407408327e-01,1.822663839908249539e-01
-9.532617766446882523e-02,-2.071128706517552098e-01,-2.797576397702767892e-01
-1.146860754765638424e-01,-1.105790153208384696e-01,-3.435697553870502574e-01
-1.238557849754174933e-01,-1.070380560213788357e-01,-3.808553919937300858e-01
-2.400043829406176554e-01,4.075268648483642009e-01,4.585187241422201687e-01
2.317157773217126682e-01,-1.885091858136924703e-01,4.273028902056961176e-01
-1.056335435383837229e-01,-2.389820862457096018e-01,-3.122705143284190132e-01
1.597189170403385816e-01,1.062963029263602754e-01,9.758448933058405661e-02
-2.807150830084031989e-01,-2.490808409256013434e-01,4.498582920400412410e-01
-3.880787757639203583e-02,-1.396340758714386121e-01,-2.652872181471963575e-01
1.247761144010037793e-01,1.177512806037153137e-01,2.000418638505855329e-01
-6.983630371081506194e-02,1.766606970279964717e-01,-3.539080690966570630e-01
-1.467470219575508494e-01,-6.216627197420176998e-02,-3.917073835095897794e-01
-3.987536563128613043e-02,-1.469015287274545445e-01,-1.119002373806001760e-01
7.068535796301678165e-02,-1.030603649014378842e-01,-6.962248967704398606e-02
2.432361224233413610e-01,-2.626905279631368550e-01,3.547857616131240288e-01
2.442912745939131991e-01,3.048336883273740083e-01,3.117158250660496677e-01
-2.331123100172893814e-02,-5.358432792394363098e-02,-3.502842050806874719e-01
-6.908543566709757222e-02,9.099418301077610849e-02,-4.391190331613981090e-01
-3.904249385235658565e-02,-1.596734819555519769e-01,-1.102728135648853858e-01
-1.633056447664404942e-01,1.904728395581213318e-01,-4.268939605391572911e-01
-1.105687662066738852e-01,1.199460438065796941e-01,-3.947999651812228450e-01
1.105343923561149522e-01,-5.548654183447288002e-02,2.280828806633161676e-03
-7.603612557114336479e-02,1.582832943317857843e-01,-3.302492289093454936e-01
-2.020246046580685961e-01,-2.410129843086994406e-01,4.704704706595309593e-01
-1.226994234577357679e-01,-2.860688431434776913e-02,-4.416693566106163482e-01
2.794668743954599188e-01,3.389920691625890603e-01,4.017937977529607574e-01
-1.442510249686398405e-01,6.162053136162914946e-02,-4.072407780005704581e-01
-6.078761237983798527e-02,1.100970251742673378e-01,6.155819895902825412e-02
2.753926177882181081e-01,-2.679397652586295031e-01,4.180758531386854493e-01
1.653693772975046716e-01,3.258470778956595870e-01,3.882083719277404921e-01
1.569953808654180882e-01,3.483930146780377379e-01,3.689668755744883732e-01
-1.998948760180990769e-01,3.393876223952336790e-01,4.517260138041663264e-01
3.803390983782162227e-02,-1.447752754991079582e-01,-1.039770678423268535e-01
6.098715535212828609e-02,-2.968873369897162551e-02,-1.333147079656540335e-01
1.074542608983889425e-01,-3.153204418397737019e-02,1.310804626956296737e-02
1.768023519461070503e-02,-1.276648352062171865e-01,-2.337683119113596053e-01
-6.222800351627533200e-02,-2.033733373272734735e-01,-1.649639426409992282e-01
-1.806460525763021741e-01,-9.820075480324885753e-02,4.162112864631719589e-01
4.810734498725977026e-02,-1.538771810057100176e-01,-1.943783961077673039e-01
-4.366105169658973661e-02,-1.262670760983577445e-01,-1.483811392145979458e-01
-1.029136050708251426e-01,2.418171598029158487e-01,2.393083632449494180e-01
-3.192754063888625371e-02,5.902853821137366008e-02,2.346830599301530373e-02
7.772389216545783075e-02,-8.378774708054426146e-02,-9.437703891610416118e-02
1.296283059929441706e-01,1.905650898596182863e-01,2.758632176231262667e-01
1.377348233792912158e-01,2.941476067812194284e-01,2.889021552196451292e-01
-2.348982452352913475e-01,1.789496011203738357e-01,4.052909683265658591e-01
2.329491079626001548e-01,-3.754312022828222295e-01,3.648250817698238668e-01
-1.057692958602515221e-01,2.775366864921144927e-01,-3.552341769403488669e-01
4.464711127912712740e-02,-1.666492761443150172e-01,-1.246974494088997076e-01
1.629066696191636687e-01,-2.071429709004639630e-01,3.852512365034115316e-01
2.750417469661550207e-01,3.586573130807080290e-01,3.669856372369598718e-01
2.003882080219265838e-01,-2.016923833608088579e-01,4.781033522734667862e-01
5.644744545665492108e-02,1.028651108940359382e-01,5.182759204788145446e-02
2.471395761841015393e-01,-1.771207730785854251e-01,4.006555891389694812e-01
2.999767719338731764e-01,2.697168238935730988e-01,4.138478913312930718e-01
-1.679800886966339446e-01,1.863888234468135119e-01,2.300605346972496301e-01
-7.882350939715165872e-02,-5.368214766517398484e-02,-2.245326404603057435e-01
2.950850646301416136e-01,2.945045241625288135e-01,3.922785409688110958e-01
3.164944514119263363e-01,3.134309694902417398e-01,4.488853916230965968e-01
-1.447932109262647371e-01,1.886579638900441891e-01,3.424922152156064659e-01
-5.121267219236180779e-02,2.250643246354300242e-02,-7.112673619960108162e-02
-1.634229117161949407e-01,-1.171946640413822349e-01,-4.585809788543460108e-01
-1.428885387788479955e-01,-1.234194776593882104e-01,3.192273593183418967e-01
-1.881916087543646920e-01,4.050918598227170042e-01,4.206477275413345041e-01
2.234261302320428300e-02,4.487929607824836520e-02,-3.633975437244651996e-02
1.596728472342423544e-01,2.666497855007395890e-01,2.719741923242989801e-01
-6.312934827498961621e-02,6.189557122577860060e-02,-3.328582453893369486e-01
-1.053786738272566303e-01,-2.537274589375491107e-01,-4.594084966971350159e-01
-8.718221598461906030e-02,-7.471571727323311762e-02,-2.091455656103111682e-01
6.833822263467370650e-02,2.939319339329549141e-02,-9.081577092939663309e-03
1.030374179220884256e-01,-1.652616766454095831e-02,-5.865849514358900674e-02
2.246324945422796260e-01,2.910145961102080792e-01,3.493695673117552802e-01
1.477165962317723569e-01,-8.943847214274702750e-02,3.450231515301014351e-01
4.425132713606627632e-02,1.243575267652985428e-02,5.908285373725608025e-02
2.431058477483875047e-01,2.655198997856402787e-01,4.759530460653286221e-01
-3.022759059798396652e-02,-1.099990668573704866e-01,-1.535120590827387943e-02
1.915581221898783326e-01,1.918653045852427574e-01,2.387367234196285937e-01
-2.841041286924471665e-01,3.183145174369768071e-01,4.981320198708316660e-01
1.708622830286861127e-01,-1.467353712554069212e-01,3.321498008111046785e-01
1.735870015761475926e-01,-2.957867304960757338e-01,3.785757900645140284e-01
-7.208669927420430223e-02,1.296192631676191809e-01,1.258236437002573371e-01
2.497330282437371096e-03,-1.263342642393033843e-01,-6.405227698169202455e-02
1.061513920862136029e-01,-3.554633155003272815e-02,-5.131025595431881747e-02
-1.569029881998659226e-01,-2.664614364627850840e-01,-4.214726783635420748e-01
-2.372204601169736193e-01,-3.920550451809839965e-01,3.661086770343324748e-01
-1.787464116105615952e-01,-8.411165842512358104e-02,4.098715445393724677e-01
-3.092732183888791120e-02,7.463161059092948690e-03,-4.074302207038915657e-02
-2.166379417829749077e-01,1.777541077485941257e-01,2.526615078834464345e-01
-7.473706295259696653e-02,-1.275457885467419228e-01,-2.316622354655450966e-01
-1.563763270942535311e-01,-2.593960877643447516e-01,3.560360466905574395e-01
-1.476541879078455688e-01,-2.773803952478882673e-01,3.493799860489594789e-01
-2.243104915955660417e-01,-3.918425690062197209e-01,3.654705085934628617e-01
-4.614610468179780600e-02,-8.999804263397526150e-03,1.055411536218391344e-01
2.578811934063764966e-01,2.092970859759454294e-01,3.071158017501678383e-01
-2.303100619492569612e-01,2.623269852329560559e-01,2.257617885982177164e-01
1.260713039020121551e-01,9.812195070971341249e-02,1.723696098113117747e-01
-1.474733359826819745e-01,-3.301828485779050304e-01,-3.508206510431068903e-01
2.161906551905334872e-01,-1.465952872041764721e-01,4.881983411432331277e-01
-2.639566083582793876e-01,3.615502794917231366e-01,3.717698362927609468e-01
1.804220719839229048e-01,-2.225697019811567756e-01,3.322227197425018375e-01
-2.122021236516735687e-01,2.592744692969677356e-01,4.201734191418262654e-01
2.269020206874978740e-01,2.989444736099912125e-01,4.264321316947126128e-01
-1.302265017382946422e-01,-1.987512771237199827e-01,-4.850547008635213153e-01
-1.169798978902368836e-01,8.858909512911694595e-02,-1.463678651880329085e-02
2.345577700439963609e-01,-3.351794408003975212e-01,4.851357036279295709e-01
-4.627503788281106534e-02,-4.830196891984128715e-02,-3.768264401213304859e-01
4.758879670275295570e-02,-1.456031960359595034e-01,-1.540349618871836856e-01
2.837568905196778957e-01,-3.428737006299323875e-01,4.988816713429146121e-01
2.541961299200140578e-01,-3.692268618629926946e-01,4.477795665277408688e-01
-9.391033668886472618e-02,-3.405923111996500552e-02,-4.543053043999303320e-01
-2.624054764520789007e-02,-1.135559380547623842e-01,-1.964194870062896392e-02
-2.142351911779354356e-01,2.534751275157454131e-01,2.368859688856004286e-01
-7.570485810174587549e-02,-1.080617585166644412e-01,-3.116535952702041978e-01
-5.643770543310078214e-02,8.007320467140355280e-02,2.654450743097069854e-02
-2.576870189267356226e-01,3.175507413449794036e-01,3.576342984084536214e-01
3.842992443590353968e-02,-1.119099173986628504e-01,-1.049264811240742112e-01
-2.244510827273438203e-01,-2.331795276380006499e-01,3.330222549110803953e-01
3.116736086317462018e-02,4.529489515387064014e-02,-4.611701716804472717e-03
-2.053755809875694727e-01,1.831690386893282119e-01,4.279541266605053629e-01
-5.132184682290219513e-02,8.689640801141207405e-02,1.143957834880595659e-01
-1.275478005160329831e-01,2.005107669499931466e-01,-4.666999903112831749e-01
-8.827247049202113782e-02,-8.682250798522694879e-02,-3.188488535623474895e-01
1.718965951897248878e-01,2.729667679032733441e-01,3.319643786851681488e-01
-1.356120377755670736e-01,-6.297822575241651677e-02,-4.240862954030280019e-01
-2.956017655373631703e-01,3.430465444610236725e-01,3.972146902562139203e-01
-9.638427716622222086e-02,-9.010813400135098128e-02,-3.800978983202227823e-01
-7.360102466052043102e-02,3.116361627832042736e-02,7.317541295990825923e-03
2.310817415908231753e-01,3.463849726717389554e-01,4.179499578556276074e-01
1.664769017506665394e-01,1.388879164678458178e-01,1.899132351020506038e-01
-9.442264467220629065e-03,-6.139461778150390181e-03,-5.938654085799477400e-02
-1.042156875677965333e-01,-2.187062520053111303e-01,-4.627793246187291709e-01
-1.745543612757091134e-01,1.127632780540497315e-01,2.742946348364007081e-01
-5.652495927417533483e-02,-7.984490382909259498e-02,-1.195108321856442890e-01
2.789891187435625808e-01,-3.165562252906112262e-01,3.750782961398509974e-01
7.124958955090143764e-02,1.750412516324062473e-02,1.003179472545157047e-01
-1.166657010768840097e-01,3.197043617775171542e-01,-4.218020074662591767e-01
5.440156275843921474e-02,-1.460349643240821393e-04,-1.012969421898246569e-01
-9.317248747009643228e-02,1.617307084194871125e-01,1.064955175151508504e-01
-7.358875681654208911e-02,-1.273398760442091548e-01,-2.889047432406630644e-01
4.358698280187034424e-02,-1.241481850758358041e-01,-7.274186016145134381e-02
-1.109511121195001504e-01,-1.067015716927395275e-01,-3.135309704539338549e-01
1.894589978758328686e-01,4.006801668800270555e-01,4.239108387846841630e-01
-1.302068880923924477e-01,9.155951886392799111e-02,2.284984851949084517e-01
-1.771035514926064813e-01,1.554426842933515074e-01,1.647026048252272501e-01
-8.525901196347296374e-02,-2.266562904185759342e-01,-3.428859657810126027e-01
3.877085002651525780e-02,-4.350703255505505851e-02,-1.315217553370622294e-01
-9.362888348327724763e-02,-4.859638554860223891e-02,-4.572556631321992304e-01
-1.785070699274707851e-01,1.573482916413682098e-01,2.082007920320981809e-01
-2.552943063277233193e-01,-1.941317565689512081e-01,4.693063248487684413e-01
-1.681755842581145188e-01,-3.137422187282065122e-01,-4.506582907695544371e-01
-8.974265823015659116e-02,-2.307961708213179808e-02,-3.807894162930892668e-01
-1.909992660794981312e-01,2.974559978239240676e-01,4.114259428933148000e-01
7.605274908911230369e-02,1.455783825716127078e-01,1.193652391644244304e-01
2.083662208362568879e-02,4.365066560702213216e-02,3.700161134743906732e-02
1.343342582075275349e-01,-5.962849737631636948e-02,3.312092977135154825e-01
5.717151294283850937e-02,-2.736966096145754257e-02,1.041846194471895970e-03
4.048944006326848921e-02,-3.921680591027532081e-02,-1.246226792346162293e-01
-2.423433182324984392e-01,2.191903590858172990e-01,4.557388596163185479e-01
-8.136693836747155295e-02,2.234079523809793244e-01,1.883774747089599355e-01
-1.890782036502594021e-01,-2.559752613196326632e-01,3.300163077804344480e-01
-5.883492997465100682e-02,-1.446794420691822625e-01,-3.242524099063440746e-01
2.547383317015148307e-01,-3.850595232437665771e-01,3.981531743965111003e-01
-1.228597995432472167e-01,1.526620559007361155e-01,-4.850004716424384243e-01
-5.450075495705020145e-02,-5.562248332586527955e-02,-2.337558565065988025e-01
-1.563502736966584372e-01,1.415480181277487537e-01,3.623881270508002572e-01
-1.476617954369925378e-01,2.260826298607819806e-01,3.333231779863088384e-01
-1.134170084466360473e-01,1.657488522057917191e-01,-4.133713615901708494e-01
-2.622238874130959907e-01,-2.950306672750403481e-01,4.767485630830723409e-01
-1.616513930051832748e-01,-1.989511502747125515e-01,-4.519692860641753018e-01
2.171025650151061637e-01,2.204919682249129043e-01,4.013349835922042086e-01
7.381983766201449804e-02,1.579130249640559036e-02,1.254218613310715824e-01
-7.717739023263381348e-02,1.983016859678446986e-01,-4.779176228572803442e-01
2.340596809246631160e-01,3.008453549368479418e-01,4.226449858094515344e-01
2.530640973340081423e-01,-3.735591486356807378e-01,3.686767156268716539e-01
-9.257395840456950076e-02,-1.246936267424103573e-02,-3.634801989063629613e-01
-1.023009551885339929e-01,9.564467738366022598e-02,-4.755446086023196184e-01
-8.701654544881820552e-02,1.359417327084995186e-01,1.282608288849585998e-01
-1.570349144661685736e-01,3.429998968836570628e-01,-3.644002600351592402e-01
-1.800290286574325327e-01,-8.876753948669990901e-02,3.355770581046736423e-01
-9.205218121824165767e-02,8.870357011354046417e-02,2.133291648119051143e-02
-1.473927595955659697e-02,1.863104204155641153e-01,-3.228322044140886637e-01
1.446066421351624998e-01,1.099144069876002439e-01,1.150523993504166675e-01
1.635457857944222493e-01,2.389925353924622353e-01,3.056378083379314159e-01
1.071519647153518218e-02,1.060275940468791145e-01,1.384896614735486864e-02
2.109359730276519906e-01,-3.247857115684826823e-01,3.958333575770706103e-01
1.478283332148961904e-01,-1.497710432154809590e-01,3.251524246652888195e-01
9.919786625772886168e-02,5.153448766695412075e-02,1.060937132440935571e-01
-2.869773378098557925e-01,-3.711168979608489016e-01,4.994228350774663205e-01
-1.397883079725572575e-01,2.365971445182152300e-01,2.742301079564712918e-01
2.582253976415523899e-01,-2.299974768140443659e-01,4.251607771249069634e-01
1.545601934117581955e-01,1.059055239034722984e-01,2.846191203916420553e-01
-1.602063598362071239e-01,1.178088127152587816e-01,1.962807887029553999e-01
1.564869410011907602e-01,-1.013877389518403893e-01,3.434777249929186205e-01
2.294104023456274843e-01,-2.140684020699840096e-01,3.536824830441982481e-01
-6.517819217630205220e-02,-3.844818221817702941e-03,9.305428458401565628e-02
-2.769026896553468120e-01,-3.215558610782676130e-01,4.769955496786905114e-01
-1.489749720969939517e-01,1.137439807816608139e-01,-4.903950236225455006e-01
-1.185210979671870168e-01,1.857300881312198282e-01,2.039051710009076590e-01
-6.111709364656636723e-02,-1.566701739881481981e-01,-2.874960907277273048e-01
2.094321618792053252e-01,-1.952973539350228993e-01,3.999228240620325003e-01
-1.331113875934800683e-01,-1.498041711285340583e-01,-4.829356825399802045e-01
-2.413404862613768298e-01,2.753098872143338038e-01,2.972678245124582563e-01
-1.779840699428414386e-02,-9.356834536477076636e-02,-3.245093457648992041e-01
-2.724796997507430429e-01,2.830211674093757734e-01,4.545710747380784511e-01
-1.568807155353874050e-01,1.281362070454296065e-01,2.366449096719315248e-01
-2.232642620807707701e-01,-1.742260181579244893e-01,3.429123691365797422e-01
-1.576535151136748691e-02,-1.175928922444348101e-01,-3.271589601769010480e-01
-5.602039316955653714e-02,-9.100520041493220802e-02,-1.954970538178019135e-01
2.215458441213344898e-01,-3.419112587683538207e-01,4.123185445547574712e-01
1.371409302540194108e-01,2.581922257578068702e-01,2.642458763994286475e-01
-1.337606664654442667e-01,1.588586960124273029e-01,2.923879042021639840e-01
-2.487957772369298048e-01,-2.277142155748660413e-01,4.385977691133264855e-01
-1.517128974463824997e-01,2.198982612048494545e-01,3.032875484321432280e-01
-4.002238236935418136e-02,-9.738690286685824926e-02,-2.760436842111632094e-01
-1.905455667118055585e-01,1.564271724769901173e-01,-4.462929432187205947e-01
3.153599863966400907e-01,-3.803370422568175258e-01,4.609114168910307674e-01
-1.542308094319340128e-01,-2.751588629262470276e-01,3.630201692760237631e-01
-1.644080673166570250e-03,-3.600992010137782362e-02,-1.561765403561654608e-01
1.813549552422560884e-01,2.417598578523292296e-01,3.854679153599901431e-01
-1.183610094928407852e-01,5.668849514728413475e-02,-4.106991232762841060e-01
2.463777499925084991e-01,3.040149582374659376e-01,3.842237867712594568e-01
7.142660736373163122e-02,1.451563471482063550e-01,1.371941526736589756e-01
2.693415177648913472e-01,3.907554833290677321e-01,4.850727138879313838e-01
-1.180217826187653918e-01,4.849888168162952429e-02,-4.893159452254129960e-01
3.922927569971312867e-02,1.279577748461397935e-01,4.225793163877222813e-02
1.825823244399938927e-01,-1.701248037735235696e-01,3.282192409473289052e-01
-5.737503258720311194e-02,4.309879076261768915e-02,-3.162474202364846665e-01
-8.919616124191931394e-02,-1.116077509298492032e-01,-4.411839280217263459e-01
2.321191698278418647e-01,-2.557173050456389429e-01,3.958139099668126493e-01
5.387822107850248621e-02,-1.277514804265127424e-01,-1.087367310182064672e-01
-8.964456332605219568e-02,9.886556894226328218e-02,1.170498928295931051e-01
-9.392636363247852671e-02,8.949149766314890009e-03,-3.959455918459523494e-01
5.183354379770177545e-02,1.251513334927191190e-01,1.182168113413605282e-01
2.796209495234737163e-01,-2.807421074796252469e-01,3.746873542657318534e-01
1.866023897275332910e-01,-2.930921743408932967e-01,3.417717204687765742e-01
-1.990474338156130729e-01,-3.609689714693045115e-01,3.801132214987160696e-01
-1.263602507072119074e-01,1.595251060137631294e-01,-3.473706753450940266e-01
-7.652016722839283247e-02,-6.881055861273177587e-02,-2.153022062329745800e-01
-2.460329888036008050e-01,-2.798686028877489518e-01,3.875705348950950757e-01
-4.070772586973880891e-02,-1.824346554588253122e-01,-3.721450046446186377e-01
2.100122361620705425e-01,1.788766654220689256e-01,2.635339132606250301e-01
4.878751304125361621e-02,-1.925209808550427670e-01,-1.301340178958860783e-01
-2.405883808780014954e-01,-1.755905140836256928e-01,4.200287763333331315e-01
-1.347938588249388836e-01,-4.903216173971425285e-02,-4.619892211806679860e-01
-3.727235188925559495e-02,1.570070683795227184e-01,-3.848941259378495516e-01
2.152474091925352662e-01,2.350343694726380050e-01,4.218392100856132032e-01
-1.190883369604661679e-01,2.711480099390392029e-01,-3.921392346393673956e-01
-7.924482322637338427e-02,-7.957181877876684517e-02,-4.037941671141532796e-01
1.864287613652847453e-01,-3.287311457070364318e-01,3.434357733832608117e-01
1.157504148758710105e-01,2.383350894517266561e-02,1.045628235096396352e-02
3.744536920306462680e-02,-9.915170909174642055e-02,-1.886942614514811600e-01
3.024282425451185752e-02,-7.797719572690309242e-02,-2.257068421046356521e-01
2.759074236878863440e-01,-2.440132166612477560e-01,4.132550419793067364e-01
-2.801206490066699972e-01,3.663143055266665504e-01,4.707386268824389486e-01
-2.294651259371147667e-01,2.618727365025900200e-01,4.718023340604774463e-01
-9.231553190924335350e-02,5.716436963969395713e-03,-1.919306473130100166e-03
-2.262024029391255242e-01,2.250217937752561070e-01,4.990148431532506201e-01
-2.499536476074710745e-01,-1.873892353862113280e-01,3.611705520194566921e-01
1.439975973923233177e-01,7.265527471831301209e-02,2.250085352612264389e-01
-2.339593446461474269e-02,7.693191514438180167e-02,5.403220735858960122e-02
3.539629638368979592e-02,-6.714631805787163454e-02,-3.805372107031901319e-02
-1.146549808714747432e-01,1.252344721171337882e-01,-3.178755379334620157e-01
7.626142981427386225e-03,-1.218235541494789853e-01,-9.859731356106449240e-02
-3.134505598964262285e-01,-2.796773015373672511e-01,4.612942024496486937e-01
-2.040433733578993492e-01,-3.919107408762561029e-01,4.205140916398244499e-01
2.103903624315306420e-02,8.438508623941864961e-02,-3.901320472089209179e-02
8.928066009062407549e-02,2.020292760729726078e-01,1.652630656067498593e-01
-1.673499171510383077e-01,2.303465583149794105e-01,2.548818880817186328e-01
3.101927843638537796e-01,-3.339259803978935626e-01,4.972196995147453169e-01
2.668173255899221052e-01,-3.751972618414799454e-01,3.422401789644098358e-01
1.729460482782012587e-01,1.437088912862855006e-01,1.855415500058152922e-01
-1.388501740586356448e-02,1.008629908751618176e-01,6.853488790178330348e-04
-3.352929458164122245e-03,4.552547128393313880e-02,-9.202376937602152474e-02
2.560163440731634266e-01,-3.369348155690771174e-01,4.657432230256574046e-01
7.391585484093643466e-02,4.831635823065172364e-02,1.771951491725198835e-01
-1.534022056313590898e-01,1.033223330937542705e-01,2.573930275861103789e-01
2.336290984487712219e-01,2.879719244549922008e-01,3.537281452237904800e-01
-3.651136014128653073e-02,1.919010299577461609e-02,-3.359250116755556625e-01
3.290108079115382500e-01,3.936485176786824747e-01,4.749182106847226192e-01
1.914377266786292386e-01,-3.025492451138318550e-01,3.443391606130326021e-01
-1.986710306672591075e-01,1.365406721117743416e-01,4.409913558991452875e-01
-2.380633463831898222e-01,2.388588415800958487e-01,4.008478537846615897e-01
9.446673132920280214e-02,1.294937444885329025e-01,1.850787021451683056e-01
2.374965234638199973e-01,3.471742947650601208e-01,3.976637564352732968e-01
2.231619443208446851e-01,1.998148504396608516e-01,2.143239512101486888e-01
1.712696954686069306e-01,-2.733217087095640707e-01,3.984366900928395516e-01
-5.493034792711193326e-02,-9.995114514685221607e-02,-1.981605538794039001e-01
-9.244785608056416137e-03,-1.124196293414501113e-01,-2.073478459501344462e-01
-1.824966173310660356e-01,1.572553090188644198e-01,1.433785066686360521e-01
-8.441687011183263145e-02,5.059953004939676813e-02,-3.628835064017084111e-01
-2.557793521897673283e-01,-2.157337397424519132e-01,4.178319528220911794e-01
-1.146152597439804577e-01,1.725454192321842495e-01,-4.184478873916277486e-01
-1.882016998824544984e-01,-3.808470188887435048e-01,4.469602837008186391e-01
-1.860846259768520472e-01,1.862656082886762210e-01,3.060557337504985487e-01
7.230040233008094841e-02,-6.931625924375184322e-02,-6.597774146152668440e-02
2.392944963677194892e-01,4.158180728385175717e-01,4.933185347008176569e-01
-2.688505464468948780e-01,-2.864542809374470700e-01,4.683102032943876614e-01
2.558067460507178481e-01,3.994551043249366939e-01,4.811859221014920251e-01
-2.046323647849904726e-01,1.519605568377988547e-01,3.174063627596090953e-01
-1.089764515754461094e-01,2.989642054304317842e-01,-3.859488194795693827e-01
-1.903347716136629675e-01,-2.173775211418000897e-01,3.799285609759182059e-01
1.523439635716187235e-01,2.042963800528662111e-01,1.844146703893158046e-01
-2.665893032218067393e-01,3.995595373484973623e-01,4.370427708493870300e-01
-2.295249297185943949e-01,-3.725872256981732633e-01,4.838654880696442451e-01
1.355309355069409527e-01,1.215149821731857926e-01,2.983443924065672936e-01
8.047839858972227756e-02,1.014007775710815684e-01,1.188690983156995840e-01
-2.457870086577851332e-02,6.639904833206644597e-03,-3.927453036220329707e-03
-2.132340357520898788e-01,-3.200482654793500581e-01,-4.955303377057338476e-01
-1.905505309325279395e-01,3.348874301619203520e-01,3.743839053651959459e-01
-2.356017871376954176e-01,-3.793899198691923491e-01,3.446015144898861848e-01
-2.914387522179281431e-01,-3.292874901123536979e-01,4.519380631936341652e-01
2.333314597684377212e-01,-3.275237441395071336e-01,4.113830836392535772e-01
-1.229413710204534382e-01,2.767157668660726877e-01,-3.593706919509762621e-01
1.871199905219573800e-01,2.473247743303763624e-01,4.051340262919670421e-01
-1.138934893707418405e-01,8.117097805452411219e-02,5.107754036357892158e-02
9.565768736854218801e-02,1.508037636389014668e-02,8.766635540544098770e-02
-1.455923308621882573e-01,-6.508603756489805825e-02,-4.714514049807344565e-01
3.386358469980148556e-01,3.591744159480786402e-01,4.866708784313142910e-01
-1.481047317214070347e-01,1.287511782886466838e-01,1.991526262962801663e-01
1.154629543762306643e-01,8.961477137574314078e-02,2.240820878033538133e-01
-1.952251045370323457e-02,1.170088822651511595e-01,8.893381456477889024e-03
8.179201468522256935e-02,7.216096163497165428e-02,4.079336385707399426e-02
-9.895266130792346182e-02,-1.972216027431150653e-02,-3.682109193116444024e-01
-8.807569002993775875e-02,-1.173540085101575370e-01,-3.078055323626639472e-01
2.103118096954166294e-01,2.088671272529399880e-01,3.985973665291786538e-01
8.547895628510537858e-02,-6.664355133461552505e-02,-8.546435341143632236e-03
1.840920869089683887e-01,3.546858967174173483e-01,3.986106828751763143e-01
2.813043997317824507e-01,2.986048585336312788e-01,4.822634213188897734e-01
-2.554634955704875310e-01,2.209113631197680006e-01,4.277933760219007064e-01
2.739555367684152198e-01,-3.899143506355865485e-01,4.573333049578346410e-01
1.147966875396390085e-01,1.964455912265157256e-01,1.714314930726285047e-01
-1.187040630362938831e-01,1.519330317948900388e-01,1.104256196048993832e-01
-1.161750675807154964e-01,1.289953992963386309e-01,6.178921293669670245e-02
-1.056386080483152634e-01,4.276582346473634111e-02,1.043864067113556837e-01
8.137851486167435588e-02,1.852937851577807216e-03,1.202905362031273517e-01
2.581404166221809016e-01,-3.254750643154876721e-01,4.200557358228362848e-01
-2.698655852470218663e-01,-3.554265367538584908e-01,3.239203499553331422e-01
-7.167337859975220216e-02,-2.061662960925850774e-01,-3.865235277499532440e-01
-4.540754347980335837e-02,6.836456296087933815e-02,7.139168971376885775e-02
-1.411596947387866452e-01,1.993466391758217382e-01,1.758849056284335077e-01
-8.194195060043163448e-02,-1.827582896312817118e-01,-2.880497480849270042e-01
2.627423916930684555e-01,-2.737213802145096464e-01,3.492080251864354556e-01
1.767562550556884826e-01,2.231632599845172482e-01,3.286086927473441666e-01
-7.271471234786619497e-02,-2.347314478651192360e-01,-4.235837572892455771e-01
-1.371349784726123566e-01,-1.317443209706442575e-01,-3.630992540941050395e-01
2.127224035276046310e-01,-2.640133608559800393e-01,4.463494930716421782e-01
1.703404477405308093e-01,1.823192263994865003e-01,1.488010812102347202e-01
-1.559871506891231663e-01,-2.316640918586865272e-01,3.414870589551537439e-01
1.825431226881317759e-01,-3.603434700873251462e-01,4.169902551458112283e-01
1.949375485242557104e-01,-2.425082467310705203e-01,4.279690969329116301e-01
-5.946047857189740160e-02,-1.030646535310264511e-01,-7.237444099301926226e-02
-5.458639825887645625e-02,7.716623214869477998e-02,-2.878278535260303528e-02
1.047868630281971747e-01,1.844699191015041206e-01,2.214389118280836177e-01
-1.517903553198848288e-01,-1.278348170453220689e-01,-4.848204750783304817e-01
1.040425553949493320e-01,8.257861760480389446e-02,9.283239200836768124e-02
-5.712888123302728438e-02,1.895003610119116999e-02,-3.952380585679559077e-01
4.384291724242039834e-03,3.867389660391162831e-02,-1.913841445014330400e-02
-1.022867323999001599e-01,-1.579966642579425651e-01,-3.657266357046283778e-01
-1.997463160099360868e-01,-3.133278141453053056e-01,4.775195180587772370e-01
-9.832518930197020612e-02,2.475780742293720582e-02,-3.829747160021945707e-02
1.855682985216648984e-01,1.839139890822333312e-01,2.942098638559821344e-01
2.241817654118614112e-01,-3.412427042305541391e-01,3.990677909016676628e-01
2.788674828300355957e-01,-3.943071533696798081e-01,4.386069154348175569e-01
2.192043747619820682e-01,-1.361966575593058781e-01,4.977960993819081637e-01
-1.801337576052779443e-01,1.962692286744736059e-01,1.710715056660767619e-01
1.794031574085684921e-01,2.290769350084519429e-01,2.997862740819218219e-01
-1.718741168830817401e-01,2.147054628959005340e-01,2.226162186774822693e-01
-3.274315380753611837e-02,1.157262489904178349e-01,1.540206496332485742e-02
-1.112067742129180248e-01,2.972532614978317111e-01,-3.282858295824769845e-01
1.585169924788731866e-01,1.135816912646405719e-01,1.565737031730478623e-01
7.677195402658465451e-02,-1.362898197893830377e-01,-9.426625560465817788e-02
1.245659054881498307e-02,-1.072457934171922034e-01,-5.143945476857791910e-02
-2.590688241598299024e-01,3.332081837884149911e-01,3.773415910739473800e-01
2.320446536810113480e-01,2.381491307659316936e-01,4.805818244919309867e-01
-2.192914548567774791e-01,1.993645091380651380e-01,4.062087853970277607e-01
2.668523847718192732e-01,-2.055112872778578348e-01,4.811282699773598015e-01
9.929326763129742162e-02,2.041802095123468330e-01,2.178325628322533847e-01
-1.483452233292303912e-01,2.009364295676505652e-01,2.968931950870801195e-01
2.745342491632829507e-01,3.326496284038350515e-01,3.658588100216279004e-01
-1.784367599157473672e-01,1.868945349191386551e-01,4.192670589103389966e-01
5.951039020179971217e-02,-8.855269372213381285e-02,-5.587549171046701790e-02
1.824353020009314985e-01,-2.576069217441717685e-01,3.200109931912851202e-01
2.598920661537887922e-01,-3.121148331777037210e-01,3.576182867565236290e-01
-8.436958709580322235e-02,-1.090147627568326394e-01,-4.693789713907938754e-01
-2.013690046204497097e-01,-3.388084104294121213e-01,3.923287345971377960e-01
-1.848915334731021654e-01,-2.890913152600548264e-01,3.463823660690112938e-01
-6.967000353203045560e-02,-1.636173205558107968e-01,-1.579735596509304063e-01
2.134381899487824974e-01,-2.369192825282917525e-01,3.175580121476830886e-01
1.204931224608331020e-01,1.134496101409483426e-01,7.630871885018697398e-02
2.489572742288197471e-01,-1.843596779012414144e-01,4.600462230329031010e-01
-2.688810683724761619e-01,3.537809160604354908e-01,4.798448633665596263e-01
-1.076811953659987386e-01,1.888438380748749257e-01,1.653498318680250989e-01
2.619564773529564627e-01,-2.512837404736495417e-01,4.546716616223334118e-01
-7.320927897612117263e-02,4.719161255902859509e-02,-2.061731115037324091e-02
1.295065290932880808e-01,2.010343799771061590e-01,2.343592383545213265e-01
6.052449424459038774e-02,9.755825707578524852e-02,3.773543099759613106e-02
3.611659251114007763e-02,2.095823781815653319e-02,7.482913826546533365e-02
-2.294869525780089958e-01,2.349105896669470006e-01,4.056947683095216695e-01
8.073106343015956643e-02,-1.260657716541982998e-01,-4.873864378431558286e-02
-7.628643822672742658e-02,-1.139750484871374647e-01,-2.014690156849616720e-01
-1.195354104972896625e-01,-5.775418085604477891e-02,-4.257471767529326101e-01
-1.885059227768139944e-01,-3.818009395332955247e-01,-4.856687207132935891e-01
3.180154706204374460e-02,1.601736956115262789e-02,-1.006595860126401343e-01
2.858367929488899728e-01,-2.613401241127232266e-01,4.412865032945204602e-01
-1.889379451169144186e-01,2.087079051957492215e-01,2.190883806421164426e-01
1.883111314380305767e-01,-1.865982819364955247e-01,3.869168788934239656e-01
-1.545413131222329595e-01,2.628648320705052610e-01,2.154794994314317425e-01
-1.979474983296506396e-01,2.106024384664894056e-01,3.353202550546392491e-01
2.573406007218337344e-03,-4.113904175595328727e-02,-5.810823528048592035e-02
-7.476710335088110337e-02,-6.427675895349704849e-02,-4.243164858340213730e-01
-2.169103438958724928e-01,-2.026779690938727008e-01,4.017541392268260125e-01
-7.693951383152308754e-02,-5.122533625077385633e-02,-7.430868209565166804e-02
-1.848648224392934747e-01,-3.188076578746409373e-01,4.003169477802154264e-01
-6.265967327733223957e-02,2.502973760585546215e-01,-4.036183090972810250e-01
-1.149364583417616936e-01,5.605017602242301500e-02,-8.004434848021269033e-03
-1.597109416380719793e-01,2.977779318951142562e-01,-3.839966332795857751e-01
3.195008979170865793e-02,-4.568916086098651075e-02,-1.104968264730143979e-01
-1.072373821127144966e-01,2.388523775769365587e-01,-3.211922887262874671e-01
-7.753745847556869908e-02,-3.034107106252970087e-02,-4.871004664514886340e-01
-8.686174034939619926e-02,-2.077467530184323730e-01,-1.924067036102197203e-01
2.884129318940684694e-01,-2.674458912677287747e-01,4.995993644461104166e-01
2.148819240510002615e-01,-1.634014544146686898e-01,4.618299678156350119e-01
2.246398370726860882e-01,2.865988247902726549e-01,3.131876137706767205e-01
1.739679531710675020e-01,-2.302023793589771383e-01,4.127265509464276283e-01
2.135718954976928430e-02,-3.199303134460074194e-02,-1.346098038846149647e-01
-2.318318734762023769e-01,-2.442189178649470938e-01,3.222548248267064208e-01
1.147902336066473072e-01,1.343447955885659351e-01,2.395921805465228704e-01
2.229964379020964449e-01,1.747919840366183308e-01,3.192930762235061115e-01
-1.161473766606486713e-01,2.682261476145318957e-01,-4.433538880676045624e-01
-1.249663325730686614e-01,-1.817140970678177148e-02,6.038101298021580909e-02
1.821984389991755382e-01,-3.166689471060923911e-01,4.032059693702021441e-01
8.604982363071467244e-02,1.510196892720661044e-02,9.350675234409810965e-02
-1.728437174253553144e-01,2.080545293948297125e-01,3.656880861442730613e-01
-1.406372869364754807e-01,-1.497887605067137473e-01,3.226258017118521781e-01
-2.485542477619216983e-01,-2.192682887336174780e-01,4.154003600922988593e-01
2.301861178140385267e-01,3.673424264895464031e-01,4.562784554351865252e-01
-1.817907044603361832e-01,3.175267997914543727e-01,4.046193919608552791e-01
-1.273816527205059446e-01,7.122608778712469224e-02,2.496017307339063462e-01
1.056882706007173933e-01,-1.374928565199632358e-01,-6.263506605452262566e-02
-1.260447125673322954e-01,1.090783223799068891e-01,-3.323562748472205230e-01
6.662121122958242214e-02,5.689678480416227035e-02,1.148300022476391735e-01
-6.660044102824780321e-02,-8.433423249623206441e-02,-4.497976409960927624e-01
-2.557754746059807127e-01,-2.196560032182762745e-01,4.334947201325234367e-01
2.298067843997780857e-01,1.871748047564550932e-01,2.400941481955759516e-01
1.954012542234017102e-01,-3.959397328720100084e-01,3.291718816481815635e-01
-1.512366086562242362e-01,2.423381633414234404e-01,2.336721744179018900e-01
-5.208421992100364939e-03,8.172421546883135157e-03,-9.081957748087288174e-03
1.579387823472122587e-01,-1.265607985866655794e-01,3.205401330777851721e-01
1.944150670207295262e-01,2.132389184231777701e-01,2.947707355084721037e-01
1.822681050709503703e-01,3.121012633611224274e-01,3.551739665299787907e-01
-1.568128819476332092e-01,2.394222753243336888e-01,-4.542785067885678485e-01
-5.569587440237222520e-02,-1.980287452239527513e-01,-2.989568312023210828e-01
2.261506646230010409e-01,-1.945291190543019244e-01,3.168275510510547566e-01
-1.358838280901064621e-02,1.817282530191399736e-02,-1.283405228523121222e-01
-2.525888762171140112e-01,-3.776195855478504670e-01,4.454118772503000701e-01
-2.058399012611449308e-01,2.930348725290895517e-01,2.634172432521287854e-01
2.757176106520460301e-01,-2.625863822703592421e-01,3.881463554874567956e-01
-1.821369671460781881e-01,2.163781270005749047e-01,3.617846985578739849e-01
-1.045086536403606603e-01,9.767524062634724835e-02,-4.455425707481491804e-01
-8.635371019091420131e-02,5.289768912045977878e-02,-4.926054332328929641e-01
-1.142866235775734651e-01,1.888163973553783626e-01,-4.103492902685905719e-01
-1.686868161521828391e-01,-2.534281024834781348e-01,-4.631759026590626105e-01
-2.598234853163239322e-02,-1.044415412382522224e-01,-3.015204556977817418e-01
2.350239426331114378e-01,-3.047974825881049066e-01,4.637982875771957669e-01
-2.388465742776126888e-01,-2.270074868379997612e-01,3.781639428171846840e-01
2.834777305775560974e-01,-2.373956356266500034e-01,4.870441094556119399e-01
8.825915995421984572e-02,-7.854543322104923231e-02,-3.223338638564421377e-02
2.547988478411288282e-01,2.435997720669702549e-01,4.682091118567476284e-01
-2.400643144380493199e-01,-2.503702547105913778e-01,4.904459715423518107e-01
1.971318313928688282e-01,4.034884824329855180e-01,4.629731265072392077e-01
-1.250132701124150314e-01,-1.385239488540754849e-01,-3.776724350318217960e-01
-1.204703524133490244e-01,-2.876981297899762202e-01,-4.455366157573896757e-01
-7.334674275322528025e-02,3.446402643036805546e-02,1.468614427518104559e-01
2.225446404961729518e-01,-1.830338214894430271e-01,4.274023027803658392e-01
-5.200934325462547303e-02,2.194308170176008099e-01,-4.083706130841717741e-01
-1.745372243907330478e-01,-1.260413521007969218e-01,3.524741106111770605e-01
2.641570671637292200e-01,-2.120595116818241310e-01,4.333914454775165126e-01
1.244539999222362692e-01,7.574244719807265991e-02,2.279961051549711515e-01
2.343985612738802571e-01,-3.957919970254911712e-01,4.920156507000804647e-01
-2.225411131883420213e-01,-2.611472844141972116e-01,4.503436780979807041e-01
-1.634343406394227483e-01,1.120993491803048414e-01,3.213058528985487383e-01
-1.443770094001779469e-01,1.285724454898592439e-01,-3.997995975096668708e-01
-2.168078114871466733e-01,-3.476397117182798979e-01,4.831570759913602631e-01
-1.581465604339480358e-01,-2.035634295640432745e-01,3.753164628461179708e-01
7.863930477586711376e-03,-1.125704295409198918e-01,-2.145927336343023129e-01
2.375908145134870697e-01,3.325844309177594660e-01,4.713723949903980692e-01
1.129106032134913340e-01,1.713236700148617064e-01,2.472744520938116031e-01
-2.097937574912803749e-01,2.689567001453757600e-01,2.558790903046612719e-01
-1.468372602961312001e-01,-8.915516812973334204e-02,-3.777097515519241000e-01
-2.128262531273050762e-01,-3.825249064746850669e-01,3.250516720168795670e-01
2.239461219333160891e-01,-3.635743616824357316e-01,4.650985605580764126e-01
-2.160946859363588324e-02,5.924048791789948698e-02,-4.583984201559665461e-02
-2.600520519295423938e-01,2.373963482317769103e-01,3.942817078119517094e-01
-9.100221171719680147e-02,-1.601998342614785464e-02,-3.323892028947028621e-02
-1.347515599381209350e-01,2.288633062684602981e-01,-4.981540571555188590e-01
1.986228063515743658e-01,-2.008945164226803026e-01,3.604273050881531271e-01
-1.965524807748878500e-01,3.163121698352368005e-01,3.689777315122587664e-01
-1.496441709788643992e-01,2.824754876240823664e-01,-4.087106661842790922e-01
-3.965402373633775124e-02,1.086682285045386109e-01,8.666414620532336688e-02
-1.865661709690110692e-01,1.129304859082596035e-01,3.880438698628727590e-01
-1.821325143516392409e-01,-1.290308813480004480e-01,-4.842673232545097184e-01
-1.390394528931269136e-01,-1.946903354132470954e-01,-3.528592687256739691e-01
1.551730329562798216e-01,-1.032089432445590926e-01,3.648099091064159749e-01
-1.205149602400564790e-01,1.820694497251513777e-01,-3.371139695406404346e-01
1.230467871012359549e-01,7.426775801063956184e-02,1.029527734701196628e-02
1.564037458101493749e-01,-2.478604917100883931e-01,3.433456497960781784e-01
2.516577800313067881e-01,-3.203867589196135457e-01,4.537877265356311529e-01
-1.906193043562557365e-01,-3.609328779398250919e-01,-4.573095055715485913e-01
-8.590304278376637015e-02,-7.686987940280176623e-02,-2.028233765365210495e-01
5.481294609710474219e-03,-1.202931624330232374e-01,-2.373061908363482964e-02
-1.023795702379604045e-02,-6.059290292508401343e-03,-1.087917660039106060e-01
-1.516551918326963788e-01,-8.827456524519994296e-02,-4.927923408288200635e-01
-1.353576238377099950e-01,9.646593744611997590e-02,-4.526483141746596717e-01
-1.223406401359493634e-01,-1.286624824510331777e-01,-4.978361182815158603e-01
1.500626020882411815e-01,1.177358254003811888e-01,2.093756456392159571e-01
-2.687141204249776649e-01,-2.067896223864313932e-01,4.927708068029675870e-01
-9.600168269061037929e-02,-2.470615901698636208e-02,-5.972163927332629907e-02
1.413526103527651401e-02,-9.129376310261039240e-02,-1.545219586449824156e-01
-4.143877310056454100e-02,-1.081224584715917425e-01,-3.841941511672608556e-02
-6.662407166883310694e-02,-9.487164267599301759e-02,-4.925814190886024235e-02
6.015982728992941286e-02,-5.960803897887079206e-02,-9.983423977976801922e-03
4.968890765695610501e-02,-8.821232501419362659e-02,-3.049002657233512714e-02
-1.721710546229120453e-01,-2.867486503228472428e-01,3.500496927923091306e-01
-7.391607291743174102e-02,-1.614801163902199743e-01,-3.880364155598321485e-01
2.387050711780707157e-01,3.079751497075211564e-01,3.724737874361999657e-01
-1.289887809676616426e-01,2.617446598974974004e-01,-4.034190331005145236e-01
1.636825133511690122e-01,1.859954194691640916e-01,2.311507986655936264e-01
-1.592441085795652800e-01,7.858569940785042895e-02,-4.279980897010446927e-01
5.699360208667580974e-02,7.419031728619174260e-02,8.486085319971159446e-02
-3.060421878992422018e-01,3.921895646067709018e-01,4.353161838314839605e-01
-7.695834491010589140e-02,6.732793045287821521e-02,-5.620747264894887518e-02
-1.080024325111770267e-01,1.969787969082397172e-01,-3.812782188688136342e-01
2.830505239633429593e-02,2.822873225462863012e-02,4.974020607882323475e-03
2.378269433311925862e-01,-2.374992719052143597e-01,3.741305860824634122e-01
-1.099668787663149461e-01,-1.422570882833813499e-01,-4.511990698871345407e-01
1.290921593829541525e-02,9.156164702052349558e-02,6.913967942239196418e-04
2.267989679260141722e-01,3.600519867710378907e-01,4.163296582606738072e-01
2.296469312956805897e-01,-2.270500358801476048e-01,3.963937663618466445e-01
2.539363297745983461e-01,2.893813850972347668e-01,4.404001000386834619e-01
4.467036396818646615e-02,-2.675447762899674231e-02,-1.884151701002133583e-01
4.125278101858276258e-02,-9.066603954683960520e-02,-1.361920208715865499e-01
-1.835214998721534929e-01,-2.860464910858944165e-01,4.418665702597350808e-01
2.328528022264625408e-01,2.129536705167872634e-01,2.592452517751966390e-01
1.248385721885897359e-01,8.830212240537260726e-02,6.056197347557512600e-02
2.047875726173428168e-01,1.554780915139198916e-01,2.265071090176453694e-01
1.824880599048274155e-01,2.286798422704922062e-01,3.959338126366639399e-01
-8.261655506584753006e-02,-1.888144887913645320e-02,-4.469965706099098268e-01
-1.507585922394821809e-01,1.131387673853990750e-01,-4.096899077750904006e-01
-1.243568911711312452e-01,4.702923265457947810e-02,6.863810405841419549e-02
2.046851454759635036e-01,1.470996082448062792e-01,4.863366907575115139e-01
2.792647652574554717e-01,-3.114745140836149284e-01,4.158059848614013010e-01
-2.077346898535745723e-01,2.363421673734250605e-01,3.073959320424839436e-01
2.003552699591791830e-01,-1.765025619112193800e-01,4.231438966208528329e-01
1.111225203320809207e-02,-9.747560902607510513e-02,-2.324582601899952694e-01
-1.345089242492937265e-01,2.525619233152123222e-01,-4.489068197507923852e-01
8.994912305620106352e-02,9.373283946628174768e-02,2.237317906255512634e-01
3.371132784326703602e-01,3.410608959828987929e-01,4.920360840979514094e-01
-4.973726380058995922e-03,-1.003032290483943934e-01,-1.346699678438607606e-01
-1.186164152316224740e-01,1.456114709595304202e-01,-4.073699250122104765e-01
-1.984532854227510912e-01,1.584669925217029318e-01,3.691440251237830816e-01
-7.161298476852007155e-02,4.980963810079486187e-02,1.765399326527461454e-02
-1.231441839382773074e-01,-1.234287220331576895e-01,-3.218374817943906452e-01
1.432484496505882499e-01,2.916274408535775020e-01,3.095711013010034041e-01
1.106158088814496177e-01,2.749673972455024540e-02,1.134605999419707745e-01
-3.489196289624041381e-02,6.362531913122038141e-02,-2.680999246494497612e-02
-1.939830209555112317e-01,-1.842611414938405412e-01,4.513990061806759657e-01
1.070598375314862905e-01,5.172318051029345387e-02,7.927212882052980802e-02
-2.696273349912481354e-02,-6.101131487940603115e-02,-1.695942220830026770e-03
8.735669415041724672e-02,6.421799158283914011e-02,5.938070702198838813e-02
-1.080251949002493106e-01,1.001886795313321477e-01,1.645288379880540663e-01
7.092453597993109149e-02,2.025857000816414510e-01,1.359069660462776108e-01
-3.251929743290122854e-01,-3.264534303440606022e-01,4.709301244084770355e-01
6.393343037460830214e-02,1.477334608753255729e-02,2.570059768431121050e-02
2.459762396274278728e-02,-1.556439884413455266e-01,-7.824780829178012986e-02
-9.765385949094385065e-02,1.163881751183171165e-02,4.877046554709307813e-02
-2.578016688381540300e-01,-2.451171726197335365e-01,4.876423405245129405e-01
-1.897764751166218788e-01,3.979121907967667626e-01,-4.624264842769248984e-01
2.115584539834400868e-01,2.369226070028090936e-01,1.996933720378857302e-01
1.737189798774227967e-01,2.975748597322128708e-01,4.122310289961934604e-01
-1.241557763887261023e-01,1.899314121638147057e-01,1.953346647675940906e-01
-3.719538265536126431e-02,-1.136622604101992229e-01,-2.328316835924741923e-01
-1.772663085831639451e-01,1.118330158776021932e-01,1.266529198507860832e-01
-2.383376104177414856e-02,-3.947533980261375142e-02,-1.153011809288696510e-01
-1.413601878255819067e-01,2.455724174240720981e-01,2.104668492775100264e-01
1.830052366678636133e-01,1.731627161482540700e-01,2.311508391255560069e-01
2.050154749379496932e-01,-3.504249421575390544e-01,3.194158945876284239e-01
1.731023705671873580e-01,1.990033131737656280e-01,3.787515875792694109e-01
-1.098491702854358376e-01,-2.474130776402905241e-01,-4.704995276225616418e-01
-8.631504084090080298e-03,-5.234089459418755919e-02,-1.069491168846113949e-01
-4.386877997166749310e-02,1.180127964726567225e-01,2.761522990399878363e-02
-2.043436684297489370e-01,1.602902483120672850e-01,4.343355701799255231e-01
1.871482125679199138e-01,-3.825337155299342040e-01,4.394176811325241072e-01
2.957731352416672621e-01,3.362322589558216501e-01,4.965542260657684892e-01
2.414100526062916696e-01,2.229503831410267756e-01,3.400468595310778275e-01
-6.399722449813971537e-02,-1.731693641665776884e-01,-1.726848568164314202e-01
-2.417603224400275419e-01,-3.422628887680377874e-01,4.276826359876594319e-01
3.258935502630777581e-02,-1.596426182539671945e-01,-1.310606902749882341e-01
-1.268938884448440607e-01,-2.810644830881950940e-01,-3.045879340095986043e-01
-2.968458213744218366e-02,-8.747069886129832383e-02,-2.605989549600331578e-01
-9.430529633884976448e-02,2.950890769602720898e-02,1.001590586330319832e-01
-1.313354969415284623e-01,1.378511019110243430e-01,-3.514578902034899421e-01
2.418277780728006476e-04,-1.194638817545498055e-01,-3.109703082690518094e-02
1.948278537276187938e-01,1.809893515266942643e-01,2.659164899657981973e-01
-9.089308428129572182e-02,-8.275057262741924990e-02,-4.193434961396049765e-01
-6.316359854092967741e-02,1.572559477440171882e-01,-4.103250184922310195e-01
-5.635042240369581013e-02,8.082483238164517303e-02,8.805537219386361247e-02
-2.303178882796297344e-02,1.286818055297325181e-01,4.007718206599286681e-02
-2.265594490719060605e-01,-3.248749791044105439e-01,3.257336899008901332e-01
-2.774588383665196334e-01,-3.329944229112256071e-01,3.839267957475582804e-01
1.441708412169724340e-01,2.068212049261421992e-01,2.196563156955003704e-01
-2.589107613107345385e-01,-2.173098172723683108e-01,3.629860180633747158e-01
-9.712109299488780323e-02,-1.692377274499410333e-01,-4.026977881971758322e-01
-9.848318861851113049e-02,1.324316412493755646e-01,-3.278237980280014341e-01
-6.707584272653877022e-02,-1.277424740846464513e-01,-6.830814012675689995e-02
-1.146666082984162394e-01,-1.865719875736200351e-01,-4.861996934675308912e-01
1.771406720764633347e-01,2.502519265505674939e-01,2.759118874413295508e-01
2.266252551984230257e-01,-3.473387288797677996e-01,4.243480508037859034e-01
-2.059132198119559831e-01,3.252718794298720129e-01,3.518281343157574348e-01
1.778734059302735648e-01,-2.846532888232153891e-01,4.173794458029542742e-01
1.805090096863340987e-01,-2.842977738887119132e-01,3.212741236814401491e-01
-5.781424597028905765e-03,-1.224604518694986099e-01,-7.558618709424724802e-02
-4.052575415474124476e-02,4.054168119204981657e-02,-3.464631363192482993e-01
-2.246072082412901016e-01,3.426310529115595971e-01,4.925416308845255164e-01
-1.876588526157151327e-01,3.038228914127300007e-01,-4.881123438354210142e-01
-2.140545702853116072e-01,2.620356828693007900e-01,3.438548882723297950e-01
1.907641007325980853e-01,1.987969413434461652e-01,2.570342010615130901e-01
5.151641799036521530e-02,9.919820278530711022e-02,4.755562084959641389e-02
-2.079487663629265848e-01,1.472804774548149842e-01,-4.954673928707995501e-01
1.900309721734745327e-01,-3.475970439231051978e-01,3.243135815155084867e-01
-8.127064122861082929e-02,3.309798619633652628e-03,-3.906953330275878544e-01
-7.322790311487303860e-02,-1.223311779575864122e-02,2.642580592158438879e-02
-1.644134076928609467e-01,-3.493207816820206313e-01,-4.783335178869049242e-01
-2.701065773502711043e-01,-2.990758596963850602e-01,3.518464235572439369e-01
-1.124034942090663680e-01,-1.789512843795685315e-01,-4.276067657912966391e-01
-9.206859441415682355e-02,-2.490438495225529847e-01,-3.358379648564545628e-01
2.666041898272348831e-01,3.511415287156364196e-01,4.599178494876399181e-01
1.678118539777606610e-01,-1.126965698658477510e-01,3.468576016427022957e-01
-2.416657147311511711e-01,3.473292542386320347e-01,4.003334477066856634e-01
-2.141588549220652116e-02,-2.656361920246841368e-02,4.803871201734455365e-02
-3.393453856897177268e-02,-1.040120028603896962e-02,8.804621343422358581e-02
-2.303745935865680883e-01,-3.377382186301803868e-01,4.732214771611922277e-01
-1.350335368354329546e-01,1.806911205264101206e-01,2.574731964386892669e-01
2.270742670478381742e-01,-2.777413254789525832e-01,3.405197113048055169e-01
-1.066985254912149461e-01,1.887896496153783632e-01,-4.523843112760992380e-01
-2.160067241303259555e-01,1.807744468372857183e-01,3.724726322370476295e-01
-4.489876614167365165e-02,-1.525014434994470536e-01,-8.034063246777978229e-02
6.228737296687170133e-02,2.252562554656012406e-02,1.017315571592724011e-01
-9.973806066402324255e-02,8.900130959768703942e-02,-4.570187837636227046e-01
-3.595226765366987820e-02,-7.631820723640736492e-02,-2.562766260256782447e-01
-2.440937139061339911e-01,-3.256876125730522320e-01,4.770857496026077449e-01
-1.309993124445518742e-01,1.296842150158269424e-01,1.080653348562380378e-01
1.468811700566236000e-01,-2.272630871845069400e-01,3.294913442920770486e-01
-1.333009365703676785e-01,2.204758422630496151e-01,-4.699236876679421249e-01
-1.160506265890939304e-01,-2.270979757484815620e-01,-4.096030085223432149e-01
1.630789494019451169e-01,2.207588407249946316e-01,1.632180854383636914e-01
-1.945967114222572070e-01,-1.071281318793652071e-01,4.629435796459281383e-01
9.304815575074676381e-02,1.338443541683898008e-01,1.477928935095358387e-01
1.879161010918126706e-01,3.576675775301908500e-01,4.140513647389364449e-01
2.213175167928760345e-02,6.634680526465097650e-03,4.726395360290358560e-02
-1.248365292092750156e-01,2.582312481284965155e-01,2.770104744701226140e-01
-7.639678991118292739e-02,3.549362834278879664e-02,9.198395299002348757e-02
-2.616894568063499182e-01,2.622889466297507743e-01,4.672128436886312519e-01
1.978666490705270897e-01,3.390514462332161472e-01,4.343644022349447686e-01
1.616076871180843755e-01,2.131958465591780039e-01,3.147277915121740044e-01
3.023857278925401459e-01,4.026962020799462749e-01,4.485614524384610169e-01
-2.319855636986970504e-01,2.409565980953105591e-01,2.426052249510166625e-01
-1.123066456150575432e-01,3.013204249768519638e-02,1.004520770892266546e-01
9.788951722306327152e-02,-1.265958563328906106e-02,3.355994764415737297e-02
-2.253912784319811458e-01,1.993693397234778120e-01,3.155755346393974703e-01
-1.855347825412720919e-01,-2.713118857549412510e-01,-4.573590396991240592e-01
-8.099884409613811176e-02,-9.752667291230643354e-02,-2.823744435795727536e-01
1.533330383843978240e-01,1.956804992011674793e-01,2.618666366891644337e-01
-5.823138798849047948e-02,-1.067146982334121752e-03,2.377309582016562395e-02
2.146710925758357202e-01,3.837842472632386759e-01,4.895913075681724846e-01
-3.754847871253130798e-02,1.531556915589361578e-01,-3.698247804904880587e-01
2.594164942190524403e-02,-1.250150617629701699e-01,-1.665267780323482771e-01
2.563670853362076674e-02,-1.675238426714018569e-01,-1.344273830109795620e-01
-1.150531470135010004e-01,2.452845236044185473e-01,1.956006517409717427e-01
8.753342728071122902e-02,9.083471270185816682e-02,3.446875454459985555e-02
-1.597900868871582336e-02,-1.141115368066047964e-01,-4.840304045573073921e-02
2.998921956279468892e-01,3.661908414587756733e-01,4.676501088110190940e-01
2.447296669062720698e-01,3.425204875718455000e-01,4.213232111432135829e-01
-1.868265231750739774e-01,3.495849452238255495e-01,-4.531052331037290770e-01
2.837524676247171751e-02,2.095473256912583349e-02,7.507631956677451868e-02
-1.809982668204326295e-01,1.981496165119258634e-01,1.709271169272341684e-01
-2.285165572048631910e-01,-3.150137061360991364e-01,4.066890542278077669e-01
-1.675634848280059819e-01,-1.654874845685559981e-01,-4.634926838998120191e-01
-6.112325460456813353e-02,-9.206850437963876033e-04,3.268141274041536093e-02
-1.253447443985322707e-01,2.136855575099416704e-01,-4.400674276318767841e-01
-1.227542658982995194e-01,-3.286471345192187865e-02,-4.064625670089118126e-01
-2.246656127840462869e-01,-1.737126022872125253e-01,4.922204067811311035e-01
1.348347424649197768e-01,7.712882900259221408e-02,2.399196760270430051e-01
-1.475532287970096057e-01,-1.816778052854132186e-01,-4.489807675644004181e-01
-1.532107286743954466e-01,1.081915387751954949e-01,-3.584290747519529585e-01
2.741569797439363798e-01,-2.061347005216830341e-01,3.853909372389274779e-01
-2.172712942231278532e-01,1.587575910675919078e-01,4.940624187610550555e-01
1.894150532382237184e-01,3.201902055887987375e-01,3.605905554839635707e-01
-1.415394303924458752e-01,-1.668509247953476882e-01,-4.730560569507168411e-01
-2.204202508141976935e-01,-3.586570591280904274e-01,3.460950089119043671e-01
-2.800505248661138147e-01,2.495182424235563579e-01,4.465392034915290909e-01
1.001651519294698423e-01,3.738220346644005598e-02,-9.097602591906617242e-03
2.290926751713006082e-01,-2.212376206293765746e-01,4.810297321721634933e-01
2.288297280045353821e-01,2.668456847391565967e-01,2.526695661184741315e-01
2.086518128754655255e-02,-7.015134512495235786e-02,-2.634639655400117242e-03
-1.183024911584336092e-01,-1.595807162090684406e-01,-2.744508122105141501e-01
-2.480058667413951312e-01,3.897559065396010158e-01,4.940862481027925579e-01
2.079160136155814298e-01,2.275042706854485397e-01,4.375315496502156787e-01
-1.095829171304221195e-01,4.988578063044757371e-02,-4.920817558707670791e-01
-2.717356186918806760e-01,-3.162318688426648539e-01,4.484437060870486436e-01
2.829424375796815161e-01,3.383508513714227339e-01,4.871533911693285424e-01
-7.146545226014267005e-02,-1.864125915056681349e-01,-2.558394006940256649e-01
-7.080460742823280196e-02,4.975477814577411451e-03,-5.900767568743292557e-02
1.919023259605515674e-01,-2.440597238278583436e-01,4.059826000875454977e-01
3.302539994191812101e-01,-3.130328425936341752e-01,4.730490738199447653e-01
-6.274662069408232234e-02,-8.768751337424041115e-02,-1.864608728494775436e-01
-1.644341518319129003e-01,1.067552724818685572e-01,2.256173244559406266e-01
-6.247994624574704225e-02,2.002921456585782245e-02,3.262127174676410224e-02
1.759173993506522038e-01,1.278199442435035138e-01,2.297238753488232144e-01
-2.832489267041691239e-01,-3.040102640667907696e-01,4.608321587397145036e-01
1.007170587804550044e-01,5.303055111011900635e-02,3.369953915307111192e-02
-9.719140606973952767e-02,-1.807059260500399889e-01,-3.808430618318043859e-01
1.638938943814324256e-01,1.400295079586558744e-01,3.158151626410657942e-01
-1.108891518510953800e-01,1.560075995626707401e-01,-3.767161134099908937e-01
-8.609042667476840549e-02,-1.003581551193071242e-01,-2.627751326098799467e-01
-1.946798988390774365e-01,-1.502973058685874719e-01,-4.720421565998571545e-01
-2.255235441745205849e-01,2.764675224992569902e-01,3.110940365154380993e-01
-1.361653365467375698e-01,2.602528720668162432e-01,-4.407894408052973612e-01
2.224928013314756425e-01,-1.763403860642178689e-01,3.407588314003207053e-01
-6.110803859802638183e-02,-2.496708289275495485e-02,-3.323606821122194743e-01
-2.051917901408311096e-01,4.049646261631226762e-01,-4.779104959119644391e-01
-6.707512534278115002e-02,-1.137771248067720453e-02,1.233537935256475704e-01
-2.269565320084049320e-01,2.175069774159651415e-01,2.861742491739672767e-01
-1.100712593000829909e-01,1.901868259354025925e-01,-4.261993868746626335e-01
-1.412586412388053825e-01,1.101766255231834135e-01,2.133467689525007094e-01
2.718929604247477538e-01,-3.229617126555234252e-01,3.486441762975110992e-01
1.413309716195737531e-01,1.366561547289145695e-01,2.327829299396018126e-01
3.298621132668155820e-02,2.206084872172553446e-02,3.484613658036517236e-02
3.019449476718896186e-01,3.844518135095685851e-01,4.860704783162849152e-01
-2.156218475288298464e-01,-2.145996201986806184e-01,4.428504529323541439e-01
-1.514431838401782970e-01,7.190708314715676952e-02,-4.257597549872338405e-01
-1.154653313270825876e-01,1.829786642755235615e-01,2.067498333775115160e-01
-1.023136310297567686e-01,4.284617541487356629e-02,-4.832808458911641569e-01
-2.723509082336920128e-01,3.255034484377009596e-01,4.898247672543936115e-01
-9.329287588101808915e-02,-3.155469026920565412e-02,-3.992764717285387510e-01
2.556278659918821416e-01,-1.886838672962833918e-01,3.891875088326970378e-01
2.045414914511904936e-01,3.035881674841423017e-01,3.588528920062409311e-01
2.534927922679549583e-01,-3.251260819518231315e-01,4.056344707643477765e-01
-3.602088003916903425e-02,8.405199509453242790e-02,-3.592412404151201777e-03
-2.472144776257571008e-01,-2.291651447899769600e-01,3.663606063196188645e-01
1.745916541254705079e-01,-2.005668901890398370e-01,3.658016312900895795e-01
2.700332503291903441e-01,3.620450660538070409e-01,3.723373487571474127e-01
-1.205331956326486376e-01,-2.416107529226774187e-01,-3.139558111680531560e-01
-2.295153448402370566e-01,-3.319391344434008406e-01,4.088262678189716892e-01
7.927211478596651872e-02,9.109979004726542762e-03,-9.230391772442148035e-02
-1.092648955941992739e-01,1.666724016818841303e-01,1.821134691507089176e-01
2.526511771596973155e-01,-2.190721626308769210e-01,3.758573055354652581e-01
1.582071882899301896e-01,1.739486375154383202e-01,2.041264766850652279e-01
1.994999773664120069e-01,2.125343015853250472e-01,2.186042735930168179e-01
2.790335748577502661e-01,-3.474073410140297025e-01,3.561070902372628355e-01
-9.360918807972440359e-02,1.302969477365316653e-01,-3.755275707759535564e-01
3.008002680267658491e-01,2.757011289593180869e-01,4.716740763947094850e-01
1.873860629208041750e-01,1.225160559742596300e-01,4.379760204711280469e-01
2.764015823544294648e-01,-3.467572255620634536e-01,3.442821112739881118e-01
-1.046350347199799247e-01,1.472856966822074787e-01,-4.138786063413341099e-01
-2.616325269383957819e-01,3.273789748013683498e-01,4.360121002825120273e-01
1.904847748768402349e-01,-1.743829872218278787e-01,3.649033070163504311e-01
-2.416559640233617579e-01,2.349140011582331322e-01,4.376314465979794788e-01
-6.403972648400790835e-02,-8.586177893396518268e-02,-3.518478548883102741e-01
-2.741882444166310329e-02,4.508363800384129760e-02,-6.498199361963497012e-03
-2.917251650730405821e-01,-3.175196957306579693e-01,3.938893201880723227e-01
-9.839556667631221831e-02,2.398682948450484576e-01,-4.085974265547874795e-01
1.975927288693465345e-01,1.526814080329282897e-01,4.738070189756902195e-01
-4.498144079463928247e-02,-1.747934278804817998e-01,-3.532358694996621251e-01
-2.557484293151891519e-01,-1.899830454125056578e-01,3.255749442876239019e-01
-9.154173981225532941e-03,-1.149788257368076216e-01,-2.488559584820110304e-01
2.519631494202100308e-01,2.808934518714476525e-01,2.975416119113789559e-01
8.294370842353993023e-02,2.132919885097221968e-01,1.932612105914466305e-01
1.868047411353771503e-01,1.457285951903904975e-01,2.895694341751449130e-01
-1.781439924722719725e-01,-1.569913481584557235e-01,3.927893538492012171e-01
-3.086246275873349987e-01,-2.871553371480485284e-01,4.768652421941957931e-01
-3.233364614438127838e-01,2.992129722105458800e-01,4.508694380067493901e-01
-2.231122900986849400e-01,-2.346946865222185874e-01,3.175109624802406882e-01
-1.639874124971797409e-01,2.422656671602072542e-01,-4.193682954937986151e-01
2.352526709082380929e-01,2.591533686611230403e-01,3.901834086487211417e-01
-1.279723116535588234e-01,7.620517117264447027e-02,1.873331793840267157e-01
2.105785890008448069e-01,2.546203856253590470e-01,2.550939220312099520e-01
-1.694432340197761233e-01,1.567946197888763216e-01,-4.531606676492929697e-01
-1.618997608605975413e-01,1.666497196442640050e-01,2.939904425188594184e-01
-2.252947998411781727e-01,-2.841847467766135393e-01,3.877435930024575317e-01
1.545448778543291324e-01,-2.931705888332299947e-01,3.188622140654212567e-01
2.250032983662887398e-01,2.452190590608370746e-01,3.999114501565022017e-01
-1.574018228620854831e-01,-1.533293665008023110e-01,3.206878757494684429e-01
-1.250477429909258031e-01,-2.447821804718662841e-01,-4.192973277368425844e-01
-1.108071986281431442e-01,2.964412354403800354e-02,3.239540156315634523e-02
-2.474384603090301615e-01,-3.460799756284141937e-01,4.202238125377375511e-01
-1.974794222900921881e-02,8.163711487695968216e-02,-4.343104554239174409e-02
2.299908050306405105e-01,3.080692025415581181e-01,3.292741790701729787e-01
-1.609021210318500872e-01,9.683243472462843560e-02,1.603340398269030853e-01
-1.675345763371031138e-01,-2.418413966955988981e-01,3.807765011078130257e-01
2.375757034434382575e-01,1.932953131310367612e-01,3.046708488969328554e-01
1.931565010634439528e-01,1.827223554617463108e-01,4.064496685791029185e-01
-1.140735669236903060e-01,-1.279924463004844526e-03,9.528938264988451312e-02
-2.266085806893493038e-01,-2.582892420214555340e-01,4.819311361395230975e-01
-6.367593136387861286e-02,-5.305891676206009322e-02,7.095504277145570082e-02
-2.192929999783186368e-01,1.742290154648119538e-01,4.983884370082956039e-01
5.647672883049847936e-02,1.454475851277436949e-02,-1.095255600739403201e-01
1.607152660799209265e-01,1.637772331333984255e-01,1.517973139899686519e-01
1.581744146837936738e-01,2.603774807720545814e-01,3.396107887408797987e-01
-1.084856213785763135e-01,1.997579614907862844e-01,-4.649911314452604971e-01
-2.902339739737832547e-01,2.581871092162848491e-01,4.658468661670398525e-01
5.695078729344749124e-02,-8.515532431032957206e-02,-4.509227252718528423e-02
1.504649811847719176e-01,-2.897128646617194159e-01,3.383835879879639741e-01
-2.531046339890330454e-02,-1.000453815488189235e-02,-1.546028325666516379e-01
-8.338415374542929026e-02,3.736509925147668554e-02,1.401048548080008338e-01
-9.425261904382997713e-02,-4.811887147581550561e-02,-7.396339153155961910e-02
2.289655380578778932e-01,-3.395168213258987766e-01,3.735743256000492174e-01
-2.030732785177911115e-01,1.494122798000576680e-01,4.893647501348542539e-01
-9.153465954698891682e-02,1.047336279731526654e-01,1.228541257194664116e-01
-1.797882995126506289e-01,-3.572176017831885098e-01,-4.976962269601099553e-01
1.182918836302836452e-01,-5.023216223636983724e-02,7.531434342520992864e-02
-1.879654175703653340e-01,-3.058977618744094240e-01,4.337532399428983831e-01
5.510998540191502926e-02,-8.318579419146898690e-02,-1.105717643253441018e-01
-2.780043353069321377e-01,-3.323247296097058268e-01,4.209627223462520940e-01
2.151409956469816365e-01,-1.300592800971274166e-01,4.523552494474984975e-01
-2.032506367740893882e-01,-1.710992640185131641e-01,3.441773254064538490e-01
-1.320655774682616412e-01,-1.001592388356326024e-01,-3.635906732940573649e-01
-2.277040219969154178e-01,-1.575338631977435400e-01,4.359826756278665227e-01
-2.736590988580087647e-01,-2.644501695595582458e-01,4.862158961745881580e-01
-1.633512427222444385e-01,2.202292714889193537e-01,3.949570628119470905e-01
1.130499326294573947e-01,8.212763915621823507e-02,2.750730939755879900e-01
-2.315257901004152963e-02,-5.190228931099760690e-02,-3.387814415697413262e-01
2.774801387012049148e-01,2.649042358333922875e-01,4.275535144767260709e-01
-1.153001604000254421e-01,-1.479752665423201829e-01,-2.877106385397060206e-01
-2.644710733305627448e-01,-2.884513512170338023e-01,3.205455109248277479e-01
8.365185754491877290e-02,1.106629620564514305e-01,5.454446287822201089e-02
-2.249386231478713860e-01,-2.467006204905697331e-01,4.230866494854218507e-01
-1.970115821891207375e-01,-2.502576789827744008e-01,4.519624545235680912e-01
-2.073482385342781953e-01,-3.834836904100155097e-01,3.632053430404774685e-01
3.254848559605094671e-02,1.193589909986951803e-01,5.980814327243366701e-02
-4.058342470092846099e-02,-1.448289370249244978e-02,-5.979254019019752953e-02
-2.601774859938934537e-01,-3.572085319499896938e-01,3.732570275247927283e-01
2.678004356232456251e-01,-1.953423076072485776e-01,3.731656429870732206e-01
2.768988634064506460e-02,-2.901082522756126547e-02,-1.142692344465041643e-01
9.450025296887076820e-02,1.647679792141301114e-01,1.633730424714958662e-01
8.490108517277250577e-02,5.849097613397202799e-02,-5.395030512722720495e-02
-2.354256991717936787e-01,-3.436299133298964525e-01,4.115142076844915398e-01
-1.150583089867500686e-01,-2.375561969268411566e-01,-4.137803487429484450e-01
-2.457452910836577242e-01,-2.677154031476250973e-01,3.918516010339517797e-01
-2.503149001162168208e-01,-1.950815549510783731e-01,4.903654187459393077e-01
1.177601053162924405e-02,-1.260851906583897453e-01,-2.768051669481449428e-01
1.690451422055555541e-01,2.399263848586250525e-01,1.845154829565931465e-01
-1.561960788112075615e-01,2.221014304635506864e-01,3.489185017931738519e-01
5.093835858755890733e-03,-4.871286385709527877e-02,-2.200524645743240360e-01
6.713893160919104375e-02,-1.247302174327785673e-01,-9.789179005909520725e-02
-1.940619376327246126e-01,3.168661345466851076e-01,4.166771051967809170e-01
2.867248542070366391e-02,-9.439919855679823613e-03,-1.058231697108896752e-01
2.155949809584665200e-01,1.828360143609496502e-01,3.878268114324970872e-01
-1.685680040882614472e-01,1.451196388215817423e-01,3.993308228476999400e-01
1.735888946535526500e-01,2.347964161311936193e-01,2.213391551514309885e-01
9.794201283775694211e-02,-9.325335565369752278e-02,-5.474756014311321639e-02
3.026084733052059050e-02,1.052395656019722292e-01,3.068320130393364931e-02
-8.069004318462247305e-02,7.433211292660291125e-02,-3.384706237760304326e-01
-5.624857569915486799e-02,-1.386048452544741405e-01,-3.738832457060938808e-01
-1.507424686088152388e-01,-1.765111992151504605e-01,-4.934587013107682996e-01
-4.529203977357709743e-02,-6.600790368727516011e-03,-1.495183142247060726e-01
-2.689397619959307262e-01,-2.665179899529722674e-01,4.599406651551180003e-01
1.689030473992472192e-01,2.120880245427340105e-01,4.135192706873284108e-01
-1.627756650732777866e-01,-1.598918798349797665e-01,-4.082414465806645243e-01
2.851102703463090915e-01,-2.483134412840284355e-01,4.533469892767074683e-01
-1.261694078767012783e-01,-2.990946542012573595e-02,-3.739183597135207204e-01
8.445779890754734343e-02,-3.728916776835100588e-02,9.990600469594002053e-02
1.723928261680494067e-01,1.865496143917080296e-01,2.692039585157030013e-01
1.140243607888661304e-01,1.054539867256094610e-01,2.536477812596587000e-01
-2.180318727604707574e-01,1.735840311226731769e-01,4.612272721440161538e-01
-1.871307821832729479e-01,2.294485050671035697e-01,4.472969494646241717e-01
3.707216875412533419e-03,-7.267865877476664682e-02,-1.832622019423405524e-01
-1.662466130825941413e-01,-7.043272522012122838e-02,-4.922660048904456964e-01
1.784735575991382994e-01,-8.364497652279911932e-02,3.167495871086342119e-01
-2.039802247949595859e-01,2.632694008680750430e-01,2.385326986968797636e-01
-8.563559796173669802e-02,2.405229454412549650e-02,-3.896819643755545792e-01
-2.272363781408637262e-01,3.540939964565950060e-01,3.541429481157092329e-01
-1.126943100979481693e-01,1.137770091400217565e-01,1.466933707361750550e-02
-1.401004369663131355e-01,1.606089628008794401e-01,-4.588179304703651207e-01
-1.206976517782117897e-01,-4.221062437340949991e-02,3.354078043803965237e-02
-2.979134637207214720e-02,1.277625744488826154e-01,2.779465540466108386e-02
2.246025683756069924e-02,-1.690962283987766934e-01,-2.445523591873554059e-01
-1.094817573559569990e-02,-9.105579127152707564e-03,-3.281042002354184195e-01
2.213144658113050944e-01,2.513540948241381745e-01,2.706843204518841750e-01
-8.044946347664794217e-02,-2.311999788049865501e-01,-1.955269847258606086e-01
2.110002647040088997e-01,2.793405489641047623e-01,3.891056867369123706e-01
-2.032510090348116361e-01,2.340691261771300491e-01,2.616804030910964141e-01
-1.123833874792545817e-01,1.807349813774928871e-01,-4.068583730308212854e-01
-1.362665650673913209e-01,2.308757351612227282e-01,2.657423910688058166e-01
-7.528326158588205530e-02,1.397566694216956229e-01,8.492037818095632407e-02
-1.654816362470208357e-01,3.455410717259612685e-01,-4.624709910153946835e-01
1.991208022064815397e-01,3.871314668387024760e-01,3.992684454618899981e-01
1.570452829592658972e-01,1.727337738886011165e-01,2.711697147391687324e-01
-1.817818471839791616e-01,2.023441497087562491e-01,1.723531569585368128e-01
-1.975655575761958715e-02,-7.054989461541694151e-02,-1.124075916271634057e-01
-1.746084756144703487e-01,1.498932071226468654e-01,3.354709953751142670e-01
-4.449538544598374834e-02,-1.960788623405574915e-01,-3.713928587935968473e-01
-1.316665424103515836e-01,2.321187624823689566e-01,-3.847086585025412120e-01
-1.179442146705199645e-01,3.028966976499172237e-01,2.732451808003608651e-01
-6.065437672471418740e-02,8.107339374475708293e-02,-4.342033925707928788e-01
1.881248413205651726e-01,2.213515017329370504e-01,3.929858723899206652e-01
-4.760274446767320811e-02,-7.353476540196246525e-02,-1.343769889207574453e-01
1.511007647614670546e-01,-6.021740561744537423e-02,3.191180907458842642e-01
-1.578029228435029463e-02,-3.390521033785798277e-02,-3.308203261340988410e-01
-1.019495078164913693e-01,2.747291111661476215e-02,-3.409997868792624676e-01
-1.960131707741757934e-01,2.024438563986874495e-01,1.850849258350226734e-01
1.215742898291728435e-01,2.079570419996596975e-01,1.899782288803018027e-01
-1.511241339554603158e-01,1.519256790154660530e-01,2.408534798402475197e-01
2.886719796561562079e-01,-3.749670770664457198e-01,3.783687301492960620e-01
2.323886988413828014e-01,-1.922784250979066023e-01,4.185839726652850201e-01
6.246577849922207992e-02,-6.956104528531981135e-02,-1.293849926261192440e-02
-2.586548586884019896e-01,2.329918645343532768e-01,3.929468601791924476e-01
2.827201730176139849e-01,-3.194989839010423660e-01,3.898827910166373645e-01
-1.621794330126987704e-01,3.221346765217626418e-01,-4.205833933523689394e-01
-1.449082205427136838e-01,-2.478863871194146862e-01,-3.769402652123052810e-01
7.890430791147662326e-02,1.656701266653004545e-01,1.026893628642338019e-01
-1.550651637436830654e-01,2.108295411853715606e-01,2.123105374454282712e-01
-2.194346280445209629e-01,2.950131728406565346e-01,3.398599394819875608e-01
-2.515364117234721864e-01,3.116297042551424701e-01,4.271133963487975249e-01
2.593194378640217845e-01,-2.195780763683535808e-01,4.810213935169106447e-01
7.144360593285636885e-02,1.085844870879001389e-01,1.657230005765353287e-02
-1.883206963945742718e-01,-3.039123432253877377e-01,3.975624682365388463e-01
-2.857432137131635796e-01,-2.770341362661929985e-01,4.432305977426627130e-01
-1.122435315147704005e-01,1.374981532705235043e-01,4.900097796811198059e-02
-1.095672168687447101e-01,1.952864671880751857e-01,-4.349190763844182905e-01
-1.182308889732165413e-01,1.427802171968935996e-01,-3.671400172251956251e-01
7.519039438867447522e-03,-1.022834332889008824e-01,-1.289627507802029172e-01
1.568508488846581672e-01,1.761356262073613399e-01,1.419641123483432743e-01
-6.823967773286554461e-02,-1.813888934967119448e-01,-2.779548063290502302e-01
-1.755663660225323941e-01,1.246022467268285139e-01,1.164523299479537366e-01
2.260827771713718182e-01,-1.523573767274953861e-01,4.060238176219101991e-01
-9.626809136019731650e-02,-2.320631730021878170e-01,-2.760314143970478140e-01
-1.751798737658075700e-01,1.200911935168917921e-01,2.333644696546964825e-01
-1.619723916461723867e-01,-7.159212399503778190e-02,3.164614529274427657e-01
-1.096046286124235936e-01,-2.389494315966563809e-01,-2.495598397248617317e-01
8.311648428233742170e-02,1.093360704041546061e-01,8.909914562247533976e-02
3.199317557341031515e-01,-3.264669806930913243e-01,4.713979182144967250e-01
1.830406850008792219e-03,-1.639230516812617555e-02,-1.635205399775232493e-01
-1.813071910729034952e-01,3.063745662708819983e-01,-4.859931292568705485e-01
-1.280670427550000268e-01,-5.189935460332006922e-02,-4.053126373648764380e-01
2.666669067904102741e-01,-3.914662598701255103e-01,3.364033206835813639e-01
-5.618562800588833284e-02,-2.561809401581627288e-02,9.622766094662416059e-02
-2.331124945177420749e-02,-1.240184755105460113e-01,-2.556567692722987450e-01
1.350910101019315857e-01,1.780477797206369006e-01,2.149333333685869984e-01
-2.195807655929489233e-01,-2.688280668013802721e-01,3.860714051680494974e-01
-1.379602595500011297e-01,4.680522271763420949e-02,3.255665195931836120e-01
2.696560173967162966e-01,-3.729657489577646867e-01,3.218241277529985123e-01
-1.659474053834507634e-01,-1.220699989891382842e-01,-4.355002357327649731e-01
-1.426636082668225614e-01,1.713495590493742116e-01,1.128133152744343892e-01
-1.380380662949575177e-01,-1.907047864363174972e-01,-3.295858768700395958e-01
-1.644773785763187224e-01,-3.152675289223693111e-01,3.789068041944263499e-01
5.869735579626078614e-02,1.063232567575499443e-01,7.332381166228008063e-02
1.277657561691575294e-01,1.142915068205556661e-01,2.362484568845468758e-02
-2.318315773016914605e-01,-2.065064886393143118e-01,4.685943269953494195e-01
-1.352168144905422364e-01,1.044810567321423633e-01,8.112364384113701643e-02
-1.106950455791507748e-01,2.321312710895392373e-01,-3.689793276360409102e-01
2.060592464267196888e-01,-1.210091967358862819e-01,3.879135279199982245e-01
-2.707420315989438331e-01,-3.091609462418086762e-01,3.659375493127262624e-01
-1.510371480723795568e-01,2.017144345889323453e-01,3.052207846971332073e-01
-1.637435217321036030e-01,-2.918878683593810752e-01,3.546902386296769683e-01
-2.106530843179303947e-01,-2.962631170259558688e-01,3.444550802800436795e-01
-1.305000235697625355e-01,-1.918988409540522966e-02,2.696323485933904696e-02
1.831520044540421166e-01,1.658568231848963626e-01,4.325571447548430815e-01
-1.945588311142103510e-01,1.936585512984444479e-01,2.440420066764074081e-01
-1.695303831787335902e-01,1.631484416220236877e-01,1.447684783854279456e-01
9.456748235291267957e-02,4.183854429932409857e-02,1.061361555234019427e-01
2.198522152881945413e-01,-1.793504627365015702e-01,4.097982920399205753e-01
2.507229058027133917e-01,-1.943557276206527851e-01,4.792156062489967283e-01
-1.220044367895688486e-01,7.672198694720777645e-02,1.695762397748726835e-01
-1.090980367808513929e-01,2.391122069352210611e-01,-3.162759210495770246e-01
1.786011259487177982e-01,1.112297562755758529e-01,3.030431246570399750e-01
-1.454797573913744202e-01,-2.552147377878010159e-01,-4.202091560464554787e-01
9.438360027772607630e-02,2.477756462631577339e-01,2.269433361645866176e-01
-7.259557480220868442e-02,9.667852259001252779e-02,4.812434081650962536e-02
1.005960591599691645e-01,5.256675740450345025e-02,1.748371644272324055e-01
1.715521949895818521e-01,2.304916918706848561e-01,2.516431308393811683e-01
-2.419140599227560529e-01,-3.855847141949823031e-01,3.240496083280484108e-01
-1.410346133932783852e-01,-2.669802508303940058e-01,-4.549123774666129494e-01
-2.077782156535799007e-01,2.089458309680159998e-01,3.297836775606112214e-01
2.289404531671856979e-01,1.741749798734022470e-01,4.176628136569823235e-01
-2.189856785075509071e-01,-3.211233946555227536e-01,3.506025682010736055e-01
-9.381875842416287359e-02,-8.078761524585864606e-03,-4.874152678158740759e-01
-9.249805000216249073e-02,6.902929195493334724e-02,-4.385799277534153662e-01
-2.942374632029685078e-01,-2.813540431637411299e-01,3.797031028400500441e-01
2.095822650957046562e-01,-2.321433132311302439e-01,3.775679688770541276e-01
-5.535435506881780654e-02,-1.368066717705351820e-01,-3.405514951315503636e-01
2.588420411498447704e-01,3.704607747721807565e-01,4.095039051441061728e-01
2.789848051639076676e-01,-3.310097477343060257e-01,3.465088124459838603e-01
-2.195574297708633438e-01,1.888509438149302833e-01,2.276966601486858366e-01
-1.552657114982436415e-02,-2.113575949332768822e-02,-7.898661158840669660e-02
-1.765174485252347658e-01,-2.224591842401862918e-01,-4.105327384198779184e-01
-2.188263572004973678e-01,-3.934450088809763324e-01,3.537751274261110579e-01
2.118364831725096931e-01,-1.978230716478829310e-01,4.550486446554488085e-01
-2.756627964306708201e-01,3.433053840532064305e-01,4.345181000714744002e-01
-1.516794916186253728e-01,1.883018372531082285e-01,3.029708807615254518e-01
-1.864162928426906785e-01,1.550457988652385044e-01,-4.723222619934765998e-01
-2.016584713065712187e-01,1.575717061541986874e-01,4.009717599722176784e-01
1.702199544092717343e-01,-3.008437857306830443e-01,3.901376976944165298e-01
3.406160590024254198e-02,3.462632415660749086e-02,-6.973673629716881095e-02
-1.425101485705725368e-01,6.006474674147632697e-02,3.207321976560429944e-01
-1.251606407168125434e-01,2.161007991730723443e-01,-4.617620689294064107e-01
-8.756052068481179340e-02,1.597709126175429484e-01,2.046952636516968793e-01
-7.399562664110059806e-02,1.384046796820510572e-01,9.602255621026267729e-02
1.065539591399167207e-01,1.466966374066325240e-01,2.141826674995829238e-01
3.088002696305891526e-01,3.335589350405167020e-01,4.504568900074561455e-01
-2.836003829096542805e-01,3.567033158745879229e-01,4.777924729919198477e-01
-1.110653408237494144e-01,1.738271862136414603e-01,-4.180499919383007246e-01
-1.785017222224069000e-01,2.529539009027692575e-01,2.153137720220322793e-01
-2.057229697529069368e-01,-2.408600595253387322e-01,-4.876135021780685364e-01
-4.918748385851334781e-02,5.422763406381547746e-02,-4.148375406135713650e-01
-1.794468735062383358e-01,-1.394685341667986078e-01,3.462494154191269047e-01
-1.700231424293184856e-01,9.971364941571991825e-02,-4.530174698159467050e-01
2.851585314197137011e-01,-3.866667494134232719e-01,4.965863093207407708e-01
2.395975782860004788e-02,9.563402841322277137e-02,2.755485612977315313e-02
-1.018823356006732794e-01,-1.559310165750139587e-01,-2.918623730525912174e-01
-1.401003580465642884e-02,-1.194346979191932556e-01,-2.250666322675853870e-01
-2.366162331452625889e-02,-1.127999632698620802e-01,-3.416309036145188660e-01
-4.619893638351713072e-02,-1.683179803569034849e-01,-9.818052238318042413e-02
-7.331083168436491881e-02,2.873612516413448503e-02,-8.296307347876652472e-02
-2.837579882192051706e-01,3.757883103170138739e-01,4.270100472009307202e-01
2.907326334106974386e-01,-2.375556370470537360e-01,4.424900415644018592e-01
1.853920912981386060e-01,-2.175572868246542502e-01,4.300899515233093107e-01
1.314242871330728590e-01,-6.151050146500025573e-02,5.788288857155199363e-02
-2.259881305032148680e-01,2.250271440145956703e-01,2.564998283184430905e-01
-2.095486221025102402e-01,-3.081146185407634963e-01,4.371621708139131757e-01
1.286063640614421022e-01,4.354222146615449596e-02,1.720324512620174939e-02
-5.431872837528428644e-02,8.203526535169092249e-02,1.007808468790172274e-02
2.815887688305296344e-01,3.575637237213360464e-01,3.583651400330037928e-01
5.834465695301027655e-02,-5.014281541325327218e-03,-1.485887002427084269e-01
5.429092909400556888e-02,-4.269184603280218315e-02,-4.791372585166708831e-04
1.485917657678621495e-01,1.552315959251128197e-01,1.351847954498328619e-01
-2.620832298091057000e-01,3.258741492238235171e-01,3.474381053712740641e-01
4.208212020933133068e-02,6.075652400445419321e-02,8.799141600272808450e-02
6.453522311598480776e-02,8.280548127988063278e-03,-9.028162498776359790e-02
-1.315191995301554506e-01,-7.724129625065079274e-02,-4.021144349610386026e-01
-1.406678576457250918e-01,-1.017140152788689189e-01,-4.397204805157644003e-01
2.328177809695635148e-01,2.541709263982250278e-01,3.153840256930711128e-01
-2.126595917929862134e-01,1.600313885080069110e-01,-4.891953502466179771e-01
2.337204897759309619e-01,-3.153528889655939915e-01,4.110842404168745245e-01
-2.446015132682299864e-02,2.668655197639357990e-02,-7.269460192113474939e-02
-2.274195790535602502e-01,-2.410806098430713362e-01,4.833317878382956678e-01
-6.381531491847203252e-02,1.053994915544185229e-01,9.001099824599589905e-02
-1.551562600832910865e-01,-1.864905833113242872e-01,3.585109213185097010e-01
2.257989350297590070e-01,-3.985577865241006768e-01,4.224382946691319640e-01
-1.309587535023817306e-01,9.890462733450200439e-02,1.002536005225006521e-01
-9.575725556931447002e-02,2.121546416301167692e-02,7.951091312124447530e-02
-1.332774027405430051e-01,8.901985032848425128e-02,2.152879341512253797e-01
-5.254330693115771833e-02,-8.438560168715503185e-02,-3.260943332178370957e-01
1.722437773013359985e-01,1.931139762385903902e-01,3.998745085789325859e-01
2.088253828870075823e-01,2.858161677992460126e-01,3.051533079275303706e-01
-9.764064761576329854e-02,5.353856763726994039e-02,-4.762021849390231099e-01
-2.338331332679476349e-01,-3.435478094275264960e-01,4.247688979523510655e-01
-1.958955209651914720e-01,2.072280392040806163e-01,3.334760142819978013e-01
-1.122888094225776845e-01,5.645780249907006443e-02,1.040746778616924439e-01
-2.199762086897336655e-01,-2.594215945732158968e-01,3.177684803633811228e-01
2.698565236739136619e-02,-9.430307574091012501e-02,-5.725768610325221442e-02
1.021670750404658490e-01,4.753546286580756508e-03,1.578521943596308263e-01
-2.551818587261991400e-01,-2.769366113951700070e-01,4.125006072986755479e-01
-8.201719795759099263e-02,-5.702383928286114401e-02,5.195936813212653771e-02
3.383132768825480863e-02,-9.498466651435055752e-03,-4.493977150204930826e-02
-1.266911441843951991e-01,-2.214859893079641484e-01,-4.439492968183099686e-01
8.851295044022489122e-02,1.682078946119510698e-01,1.207637196650348521e-01
-1.052968593266269126e-01,1.061499278402450175e-01,8.532850824507831611e-03
-2.128121388384944801e-01,-1.589777601803444851e-01,3.648721001947997644e-01
2.225098572275485687e-03,-1.288061021557123098e-01,-2.491391967408624897e-01
-1.437921847629031191e-01,-2.344840323463595055e-01,-4.550167526923359906e-01
2.742243247344805512e-01,-3.486162680394605529e-01,3.437496193487633578e-01
-1.136680005282845185e-01,8.047995391131268494e-02,-3.922013993784518870e-01
-3.767556404642513623e-02,1.224813227625557444e-01,-3.911154691342977330e-01
-8.276212793151349612e-02,2.001827818664480008e-01,-3.897739633628189981e-01
1.564743600199052231e-01,1.561368595190771869e-01,1.617717326072438677e-01
2.540580448080645981e-01,-3.443757158681250985e-01,3.967806748317350696e-01
8.866497119801430848e-02,-5.856976808934466483e-02,4.003845964571528526e-02
-1.185638319662042361e-01,-7.061367395462714303e-02,-3.248382285119623125e-01
-1.809313310979885348e-01,-1.415531112930061841e-01,3.734139088086344538e-01
1.298908358577122168e-01,1.067889333451305101e-01,8.170248080238629029e-02
1.166183712032510256e-01,5.161916304785041376e-02,6.713752564438857373e-02
-9.426919835854730145e-02,-1.149526114941636923e-01,-4.226826506423843055e-01
-7.101243804504764334e-02,1.617082866433127153e-01,1.333060972223041318e-01
2.566418995088256549e-01,3.159737864302607502e-01,3.971586820513376415e-01
-1.751147761099579592e-01,2.896041791352066408e-01,3.234450048846433390e-01
-2.660120796501709295e-01,-3.693035872650114460e-01,4.637927156016280472e-01
-4.203956756770843572e-02,-3.971745643656454661e-02,-1.841482680990615961e-01
-1.291716692649932385e-01,1.738325325196530269e-01,-4.600603741517658163e-01
2.196158923370591376e-01,2.814970300226350419e-01,4.190985979759713764e-01
-2.175679004613000345e-01,3.313911529466644357e-01,3.557917271954962324e-01
-4.806703322352723351e-02,-1.103372297383278244e-01,-1.084356523446201592e-01
-9.021877913224951584e-02,1.845424820897445528e-02,-4.896214728517377379e-01
-2.041453952511645964e-01,2.701768417999816929e-01,2.389064101038137489e-01
-1.415470314839903931e-01,-1.991431774811991406e-01,-3.455996530861649152e-01
3.240467647670025597e-01,3.010222344772145453e-01,4.710476006860943032e-01
3.618955727805261979e-02,6.256373423232786113e-02,3.297038346606706583e-02
-2.889467968772777562e-01,-2.770136015894033577e-01,3.846203250549642405e-01
2.802266667403130462e-02,-1.555937724923998067e-01,-1.147383190941073661e-01
-3.230945548659458488e-02,-1.707647667747318465e-01,-3.053745718274846199e-01
2.206675394953592217e-01,4.036744844031963098e-01,4.784777598813301225e-01
1.190865883343916742e-02,-1.149286008928400715e-01,-1.270912958631409406e-01
-1.397740458226590654e-01,2.244618303734854381e-01,-3.563105272008629809e-01
2.350074098204961714e-01,2.414450735286579608e-01,4.470743156808325569e-01
3.445882494183638567e-02,9.072275967961518361e-02,2.428037153744178056e-03
1.988727625801234300e-01,3.073458656702198200e-01,3.125038773683246340e-01
-5.774652572236904646e-02,3.386419668488516166e-02,-3.543867078566922402e-01
-6.965079025074538688e-02,-1.294957230943887261e-01,-2.062156330585124264e-01
-1.300857534940229598e-01,-1.508108093951794348e-01,-3.405935760767854203e-01
9.130423297418499562e-02,3.657922551906123143e-02,1.702353445789527298e-01
-4.667978993662258436e-02,1.305464263537355896e-01,-3.846201172018127723e-01
-2.099289502432877264e-01,-3.244387816369886934e-01,4.748406745564938136e-01
-2.760764845321268535e-01,-2.419010560893943840e-01,4.383033433947570723e-01
2.194965902261798441e-01,2.601721323215798742e-01,3.667950598197370349e-01
1.238922621778826283e-02,-4.363418703790544750e-02,1.844591751024238224e-02
-2.857634305537570807e-02,8.271819297629023904e-02,-3.060423633938558208e-02
-1.198541130908900021e-01,-7.316579875135675870e-02,-4.866380502671983077e-01
-1.311924705390007384e-01,2.019709464676380239e-01,-4.261978860262094493e-01
-2.505676615823211328e-01,-3.226841212559958816e-01,3.917588141506883614e-01
-7.606389141046643321e-02,-2.386852163853928621e-01,-3.055209138549868086e-01
-6.722252487517288433e-02,9.483014923494459403e-03,8.120941245505730599e-02
-2.567769613647217231e-01,-2.274695917808372547e-01,4.686156889226249511e-01
-1.074005010853146258e-01,-1.035202068568507050e-01,-3.994717338881093038e-02
2.383279249226819552e-01,2.212029536877900826e-01,4.742189358393795739e-01
-6.005068102559407706e-02,-1.225494399686738456e-01,-1.371014333245705874e-01
9.590593219627341348e-02,-6.642995232585158227e-02,-3.967678888307268892e-02
8.876327681582496520e-02,-1.433421837682211653e-01,-4.677193364885856575e-02
-1.150805292922290057e-01,-1.937012223388770993e-01,-2.956941385541620448e-01
-1.407240484759257892e-01,-1.524608874318461593e-01,-4.070478132674193450e-01
-1.499614584759063618e-01,-1.029136278338592669e-01,3.330590034284179879e-01
-6.105378031921204762e-02,1.198398561990267064e-01,1.304397189193076123e-01
-1.246341669539090535e-01,-4.640426151397569754e-02,7.093830850728977122e-02
-8.715872521299183884e-02,1.609858870327789404e-01,1.722814122425301298e-01
3.796429221237440643e-02,-6.518578580954925705e-02,-7.384972529998268254e-02
-1.025501069369989526e-01,2.298581485326222085e-01,-3.626442677482982768e-01
-1.433980225329746228e-01,1.920262449665003368e-01,2.625484095852144151e-01
9.894673330570813441e-02,1.955520852800840537e-02,1.837867890316262631e-01
2.602985787006900642e-01,3.357060258467632341e-01,3.202808865354623835e-01
3.396867102927533244e-01,3.089616025556746193e-01,4.893224021963291648e-01
-1.116124030971638037e-01,-2.398756350682917926e-02,-4.163935872820420103e-01
-6.444578837908532254e-02,-8.425794402469144462e-02,-1.357402091343331563e-01
-2.947440340562262895e-01,-3.088545155727263625e-01,4.126848032535594957e-01
-2.031264520910343041e-01,2.170719075236652307e-01,2.758415670712728307e-01
-2.062446851600548969e-01,1.477519045108248719e-01,4.835142816742038496e-01
2.181555104858797778e-01,-1.794475833665267750e-01,4.729903117311843319e-01
-5.021880638839293365e-02,-1.065329602740339165e-02,1.119646173206318984e-01
1.627102429037097231e-01,3.124467085358785257e-01,3.274951185987938773e-01
-1.281686980063844183e-01,-2.329700290543754715e-01,-4.109396557981511711e-01
1.972512330267000014e-01,-2.192943848771270465e-01,4.193036162529469868e-01
1.847088763723973015e-01,-1.627534788013886846e-01,4.249975931463914058e-01
-8.776858388743624673e-02,-7.462470850798808009e-02,-1.901086835038623413e-02
-1.203168103078745554e-01,-4.303276530947919287e-02,3.391257712709161432e-02
-3.631023964821566974e-02,-1.472030893541420582e-01,-3.694906666880075630e-01
-1.561829650188614194e-01,1.899619898935228646e-01,-4.269669392677301056e-01
1.704703646832641528e-01,2.724621395556525716e-01,4.136282063762394268e-01
-1.119057181957479052e-01,1.539940465302702677e-03,1.022445744544299151e-01
2.535864170660020456e-01,2.058778106492498150e-01,4.325578275191923616e-01
-7.037748957681677631e-02,-1.580474466158333646e-01,-1.391122458489200131e-01
2.270266663689367581e-01,3.155155531452624729e-01,3.998481335119347113e-01
-7.293266615896931704e-02,2.122972924217759738e-01,-4.686987395778773324e-01
-2.865279764384398575e-02,-1.097541229424635612e-01,-9.441635418612925879e-02
1.791373452500512053e-01,-1.543255456754971666e-01,3.833558549312533481e-01
1.873953112092238138e-01,-2.330973593994478676e-01,3.669403531551084230e-01
8.751346509309632093e-02,1.923899278337884988e-01,1.739610153795788650e-01
2.181048791322203195e-01,2.216067829255068400e-01,4.160887425857463517e-01
-5.219988930724084319e-02,-1.623112520113501045e-02,-1.485674393169998941e-01
1.138244697661933147e-01,1.098080197367212740e-01,1.137831180714139467e-01
-1.964477079390297698e-01,2.032605924523032126e-01,1.463096835664031703e-01
5.253853007567477196e-02,-8.913228708308795767e-03,1.108890167321843201e-01
-9.636904840530602367e-02,1.812281754982603132e-02,-3.437301793982771025e-01
8.163593749164221869e-02,1.464764052061137134e-01,1.872709830597254488e-01
-1.479427456464900148e-01,7.869328173609480004e-02,-4.277663968277841677e-01
2.065186338629656504e-01,2.093958944259464161e-01,4.380607248443642021e-01
-1.169622861816586035e-01,1.301506879757076129e-01,-3.556461955721373913e-01
-1.120889160746144642e-01,-5.032448648677134706e-03,-3.233921434204061196e-01
-1.759309666677529860e-01,-1.180786386369785390e-01,-4.602941174837429372e-01
-2.112512505155028641e-02,-9.985740606381032780e-02,-3.285678501538680241e-02
-3.134997764602959203e-01,3.963441260275925027e-01,4.953571767065706455e-01
2.110587572146443991e-01,-2.273339356902641661e-01,4.966044586906515068e-01
1.470542646513675056e-01,-2.106728343933570446e-01,3.211596463093731035e-01
-2.621101247458440531e-01,-2.471265379358745795e-01,3.174614085739138059e-01
-5.234690107101880319e-02,-1.425415226527348977e-01,-3.205469663035441785e-01
-2.451887775868475394e-01,3.492094554256172101e-01,4.538094313053248063e-01
-1.757710086965791341e-02,2.718765916673060445e-02,-7.161670213597648438e-02
1.256145680950124799e-01,1.671034082485729488e-01,2.100808790719038699e-01
2.290933635099933197e-01,-3.911187384943010104e-01,4.004511877263143838e-01
2.037440952493465574e-01,3.765268363671019358e-01,4.730768857678014916e-01
-1.117103039251292618e-01,-2.864820330044487440e-01,-4.443263784844023734e-01
-1.625359728977855411e-01,9.370196030940047827e-02,3.310694364473621976e-01
2.054376999792147940e-01,3.381499834286321171e-01,4.103277052751234111e-01
2.270742109394893182e-01,4.067445333795336460e-01,4.604937748013184784e-01
-1.151739709193563277e-01,1.813964665177009161e-01,-3.738803751071886339e-01
-1.414006372811824619e-01,3.391593178866524338e-01,-4.008661961168372700e-01
1.422089751029301796e-01,-3.006850360513835252e-02,3.218871697331894266e-01
-7.799415940874121489e-02,7.328933434768669652e-02,-4.850963183188967687e-01
9.396330440807598716e-02,7.201870172858615415e-02,1.013062395172814600e-01
-1.292111964104215582e-01,-2.084542730838166991e-01,-4.586016252193415577e-01
-1.600964127976827189e-01,-2.755218277302827756e-01,3.308309084419198687e-01
-1.793581920046100064e-01,3.558351130231819370e-01,4.189930441821321239e-01
-2.036396112418222826e-01,3.075555137374199610e-01,2.981545061703162469e-01
2.062781204122665635e-02,-5.106062855806259293e-02,-2.043201933038452101e-02
-2.361235273275126278e-01,-2.448337757371106260e-01,4.343629752940040278e-01
1.363462617552947398e-01,-3.908613179771569524e-02,8.518516970544165456e-02
-1.644521889737188269e-01,1.733933977748658428e-01,3.508394260010332388e-01
-5.789051705453662766e-02,-9.436165259208784128e-02,-1.820963894136515826e-01
-2.581830851257141957e-01,-3.804036952251508286e-01,3.906421422222997597e-01
-7.071225526344693257e-02,-1.200089843682339286e-02,9.799182644799420139e-02
-1.544101443773635562e-01,3.019680578068280052e-01,-4.936267184640529271e-01
2.130108037343405591e-01,-2.988644310887760280e-01,4.494736004537842611e-01
-1.119516659251740265e-01,1.168240779398178608e-01,2.715386915267192780e-02
-4.428801656000191933e-02,-1.925493782976114288e-01,-3.255873771164145003e-01
4.902257139636234662e-02,1.344014209845210139e-01,6.304587574742526179e-02
-1.032977700088117956e-01,2.525310376544512847e-01,-4.685822282829832375e-01
6.058879533200911549e-02,-5.187745161492463009e-02,-3.045079002427886206e-02
1.783085901261409756e-01,1.874776092867426192e-01,3.542378053870419707e-01
1.252660876579620997e-01,1.241726060826592315e-01,1.997523971332197945e-01
-1.693615205891522146e-01,9.611855498846932910e-02,3.859649243980638467e-01
-1.526454247014299437e-01,2.110599651842632873e-01,3.676331238374929145e-01
1.436443467896925119e-01,1.421247536945146051e-01,1.009120251159582038e-01
-1.470620278758847377e-01,2.101072443087075303e-01,3.546720879967076856e-01
-1.391659850670098342e-01,2.082413711771753384e-01,-4.479766929913945317e-01
2.073105362055835954e-01,-3.696037554921849377e-01,3.976837368529310135e-01
-1.193851748357244169e-01,5.064625365319253003e-02,9.590353113379523897e-02
1.480903909378770145e-01,3.130714617647910591e-01,3.543962652815304537e-01
-2.367932666165263322e-01,-2.126909982401188337e-01,4.551429545405060173e-01
1.609268721291068349e-02,-9.864180731663485524e-02,-1.492317632129640526e-01
-2.140545191664716684e-01,2.905276516450959745e-01,2.914125427485705355e-01
-2.155302837409638350e-01,-2.237799567456056904e-01,3.274184132116080281e-01
-5.755468519809781025e-02,-7.811110753809857865e-02,-9.945776689598595510e-02
-1.294573739140596480e-01,4.874004217633209901e-02,-3.600778594321957238e-01
-1.984635280863218387e-01,2.148964682138292392e-01,3.453238179696616061e-01
-1.267945592332273552e-01,8.982129838281149858e-02,5.890927117884192654e-02
-8.484274227484511766e-02,-2.032104064211526229e-02,-4.412150145872556495e-01
-1.392528039978181420e-01,-1.982428952343857631e-01,-4.522528961919705104e-01
-6.493796577532262582e-02,-1.101933960234883214e-01,-1.911659367823524969e-01
3.010849369083768989e-01,3.610173245370525974e-01,4.638070482753139379e-01
1.261329384148085486e-01,2.384659036003878851e-01,2.236313226511422725e-01
-1.530358743136377431e-01,-3.398332446253029548e-01,-4.217159500417353435e-01
1.633985269845679156e-01,1.812819395932945277e-01,1.257624823299314798e-01
9.526344463230917992e-02,5.866615419701304290e-02,1.766692022254268135e-02
-2.576383664216257419e-01,-2.539710191762749592e-01,4.780100555883707303e-01
9.424375498283255048e-02,5.973211106269971093e-02,3.858395395648928083e-02
-1.385244705378668728e-01,2.372761830240004421e-01,-4.679693505606989934e-01
-1.958397394529738378e-01,2.049870011495630306e-01,3.399725818126714261e-01
-9.065595311618146468e-02,-4.418312030218829456e-02,-2.242874023741917577e-01
-1.317922357753037454e-01,2.823156682885268332e-01,-3.978236838611027837e-01
-2.012867136388024614e-01,-1.225529019965773125e-01,4.633387511086601851e-01
-1.342114412281353308e-01,-1.501163654194003216e-01,-3.991524816758417193e-01
-1.893210366439654901e-01,3.711873466391509835e-01,-4.653774351580868274e-01
3.943683967117306288e-03,-2.934606519427329641e-02,-9.144804012820362260e-02
-1.217526792002252556e-01,7.382059583485278687e-02,-3.783098273319605021e-01
-8.911469226492352291e-02,1.206975356145731926e-01,1.301773007035269547e-01
-1.103872646677168667e-01,-1.094552840959449602e-01,-1.178160522892068851e-02
3.134938958063662184e-01,3.919250383838872587e-01,4.450112167456454770e-01
-1.408330388296242797e-01,-1.158085889985738248e-01,-3.537049932374333183e-01
-3.033031664738261579e-02,-2.287474537658873430e-04,-9.551873951456268941e-02
-1.928526550628557601e-01,-2.172042045505636620e-01,-4.940825492425749976e-01
5.906627495582617016e-02,1.810621872316555692e-01,1.085865873778608659e-01
-7.229039382545598968e-02,-7.477677398562410094e-02,-2.250101762483478485e-01
8.529264982228279557e-02,1.128509003056307192e-01,2.009072712088815216e-01
4.527936827275635956e-02,-6.266158666446264291e-02,4.894106840641621048e-04
-2.829511578847214714e-01,-2.455695644322479776e-01,4.912396109321764959e-01
5.728184431190130876e-02,6.542607906816189089e-02,3.502008396448519356e-02
1.875747484435362766e-01,2.163037331218461423e-01,1.996896759080147854e-01
-8.403880091727322643e-02,-3.502488644422330211e-02,-3.420195313163004736e-01
7.247775379868337531e-02,-2.523380204062564136e-02,2.276635908427127042e-02
-1.221390881618661384e-01,1.421258690766861177e-01,2.279915787509867453e-01
-1.867500903942603818e-01,-3.030549905720849591e-01,-4.379719453817004782e-01
4.270536753805154184e-02,-1.079551772529975251e-01,-1.401766094554016684e-01
-1.814433416622276418e-01,-1.286454793777963568e-01,-4.710885948433285453e-01
-8.138349538171352204e-02,2.625667871936913089e-01,-4.050963664936428898e-01
-5.821874667196957898e-02,5.600471213060576048e-02,-4.366504397067995091e-01
-9.447168401875216670e-02,-2.498649229496562318e-01,-2.614761131708791542e-01
-2.696945126338134990e-02,-1.605716354781485666e-01,-2.639888328982737953e-01
-5.881824100904065045e-02,-1.980433025491776799e-01,-2.014204120391207553e-01
9.618490238187127339e-02,9.799879284827706094e-02,1.924011421968107038e-01
-8.179015667068134654e-03,-1.012852929537211288e-01,-2.163718669004518480e-01
-2.552700236645588650e-02,-5.531036487378493405e-02,-2.014078815809428047e-01
-5.617223606878607445e-02,8.579573270732254731e-02,9.563523492391534653e-02
-2.006313615532457906e-01,1.837455739164317592e-01,3.999890221861903683e-01
1.401026958872606532e-01,2.037915019574126907e-01,2.350020261325490578e-01
2.860113563868060815e-01,2.800867741678381151e-01,4.738725972040780388e-01
2.920167140980717280e-01,-2.839824922743472424e-01,4.279640202604981791e-01
-1.644037280429544445e-01,2.581720498711844725e-01,-4.625547366214378675e-01
-1.829269648094299372e-01,-3.780246405654367203e-01,4.163780108153321002e-01
-2.127030351791515672e-01,-3.288820299889712029e-01,3.180143307029295041e-01
-2.390255598971481321e-01,2.718174798860815145e-01,4.548549512090269697e-01
7.022466564437124248e-02,-8.628925968683254233e-03,-1.224807865562010933e-01
1.521526075339890705e-01,-2.424239271088497460e-01,3.679446181359619095e-01
1.794156691172656970e-01,3.641145314830087631e-01,3.865105137190855134e-01
-1.610183274508026896e-01,-3.132820888375604795e-01,3.357031732892695741e-01
-1.856765554263068996e-01,1.425688420790858224e-01,2.236284596002633407e-01
-8.623906403530678944e-02,2.789703792603459576e-02,6.544225323230634661e-02
-9.677241936184421967e-02,9.251883230653734635e-02,-3.008582967829687149e-03
1.555879983170227465e-02,-1.312092784071728913e-01,-1.040014651591530948e-01
-1.017077485124986413e-01,2.718922080133796548e-01,2.427734270800632199e-01
-2.998357758144910568e-01,-2.389854665025719083e-01,4.581304116611595312e-01
2.679478019480959761e-01,-3.297500390869865239e-01,4.285239484543936772e-01
-1.495796803748593584e-01,-1.686844486705296742e-01,-4.126923966340891869e-01
2.061687980100268547e-01,1.964588078851711161e-01,4.572739376684004098e-01
1.913139289878762472e-02,-1.083585638554400710e-01,-4.276643722025519345e-03
2.060586424745902701e-01,-1.482366023594458015e-01,4.687602236966892377e-01
-1.574026616348663810e-01,8.190456144103164249e-02,-4.377445303552588429e-01
-1.880217416474974090e-01,1.752439431650084645e-01,4.125136636134845158e-01
-2.134429326366713564e-01,2.137096984338889838e-01,4.510066433812623954e-01
2.001204826531095549e-01,1.831419957207216509e-01,2.396938415922850174e-01
-2.108255304481445602e-01,-3.720794409238872280e-01,4.471818537550923400e-01
-9.917174502768555389e-02,-9.948890200998328215e-02,-6.783213471332050215e-02
-2.213469821239485436e-01,-2.168817659811201892e-01,3.641236507168730263e-01
-2.447385855747611361e-01,2.021877006083228068e-01,4.871384313603001059e-01
-1.724713249285702021e-01,2.405486117084090214e-01,2.425114022155827609e-01
-1.048194865358924588e-01,-7.925327697798900672e-02,-3.985740049161051735e-01
-1.068176332917436522e-01,-3.061679476257872512e-02,-4.300238802867191179e-01
-2.748348643842883909e-01,2.511063945574146805e-01,3.637496408353743105e-01
1.812275975809994888e-01,3.198972787378762117e-01,3.492838586868922679e-01
-1.187965193104987272e-01,9.420703190203560951e-02,-1.714777595717109637e-02
-3.607089270369789880e-02,-1.249704327031965212e-01,-6.482465102462564577e-02
1.632432853337038026e-01,-3.514921485017354907e-01,3.928170232294975195e-01
-2.648928715218225038e-01,3.513963124221857193e-01,3.848986471583903946e-01
-7.895609118211799338e-02,7.934139963363806558e-02,1.079118083516632520e-01
1.882848354689702353e-01,-3.598911328032146084e-01,3.420365804916815078e-01
-2.345815862739752955e-02,3.985850417850256289e-02,-1.062966693190816603e-01
1.986670397063347027e-01,-2.761751985859451919e-01,4.172406473330676491e-01
2.392933210547500966e-01,3.077293590889295105e-01,4.345769814587324698e-01
-1.458214868934215591e-02,-5.549882228716962462e-02,-2.319312620258779933e-01
2.125121591966372403e-01,2.585434567491493585e-01,2.293036688214683538e-01
3.024232709839792532e-01,-2.773711189626275608e-01,4.386986312779884711e-01
2.908453596737345936e-01,3.807860974333544535e-01,4.183688380546543018e-01
-9.501819757249507781e-02,-1.194442598317194681e-01,-3.443060144914394938e-01
-2.740684384375358107e-01,4.093570170226198401e-01,4.519870391609301929e-01
-2.226931247331503938e-01,2.800650298212695732e-01,2.961986929126273482e-01
-8.841717211140942556e-02,-3.348252165979259676e-02,-4.480571644005051368e-01
-9.702374307519334717e-02,3.417903458967075370e-02,1.915758402287432993e-01
-1.371860905510028372e-01,3.075733033636124381e-01,-3.280091784407555000e-01
-7.374838856213361549e-02,-2.270036675266235981e-01,-2.219369371939373670e-01
-1.851859748749025147e-01,-2.429483066037668726e-01,-4.705804841289076279e-01
-6.600418508756999980e-02,-1.322557357481751739e-01,-2.842949206035888521e-01
-1.288063454255677920e-01,-2.391104659504752483e-01,-4.024075176331027848e-01
-1.371575642358436875e-01,-2.242389550539488630e-01,-4.859092191178778775e-01
-2.663616995231098405e-01,2.685877266340417346e-01,3.423986070360812706e-01
2.959472882519159631e-01,4.049832103758717050e-01,4.870068230287027955e-01
-2.635572934093579622e-01,-3.059625017214527842e-01,4.279242171026361730e-01
-1.711380788881138315e-01,-2.893886588296962215e-01,-4.465816131010511558e-01
9.685188196168426078e-02,-5.246640205163888293e-02,-5.998249909116282197e-02
-1.412171154190496880e-01,-2.646304740038684100e-01,-3.864046411893516941e-01
-3.080529028423203419e-01,3.846173142658599886e-01,4.274620919443083977e-01
2.321851219047119663e-01,-2.873235514286641701e-01,4.550481878848949835e-01
-2.618694536587761190e-01,3.328529435680671611e-01,4.741261696555010285e-01
-1.974607524760959576e-01,1.641097811723198907e-01,-4.622086870662450719e-01
-1.957476890090763533e-01,-1.498518162550041000e-01,3.693134495417900176e-01
-1.852390626344178060e-01,-3.047252498849237767e-01,4.167385317594259897e-01
-1.092652832325639034e-01,3.036555404148355564e-02,3.134425055467138233e-02
-1.223451188868177608e-01,-6.624742421442086915e-02,-4.786583445591610086e-01
-2.302169565653622296e-02,-1.472516600746957005e-01,-1.216896149597204158e-01
-1.938460761711239266e-01,2.320757507406030484e-01,3.957445854369695537e-01
1.778644685117301005e-01,1.156000798249656736e-01,1.129680282246658951e-01
-9.295450288128026539e-02,5.870340400827700478e-02,8.878330018704705395e-02
2.459149159685012354e-01,-1.742214326760699317e-01,3.702449989804807995e-01
-1.680627376302203935e-01,1.665324569046550129e-01,1.629673578167047943e-01
2.119648831057981964e-01,1.747994971252003760e-01,1.860834993508958535e-01
-1.123526072578030499e-01,-2.243820643728114961e-01,-3.627190437791618649e-01
-7.902388348454547629e-02,-1.316100206462466060e-01,-1.900030502068361660e-01
3.754356613857812164e-03,-7.658504907678165274e-02,-1.258306980402728037e-01
-6.533073428254931869e-02,1.666245980255025572e-01,-3.808821614962391022e-01
1.636362677562276380e-01,1.029998737201894832e-01,2.197782622899169258e-01
-5.124331572823936920e-02,-1.719722872060729379e-01,-3.662784095682959373e-01
6.367370972685337804e-02,-2.904028592694340993e-02,7.602167171025575598e-02
-3.104847567031163713e-01,3.107018422712941597e-01,4.429907304285274350e-01
1.123227874095585888e-01,1.555339097137521387e-01,1.059799918095547522e-01
-2.144527041171302439e-01,-1.453936738358583280e-01,4.404666164670187900e-01
2.471569585613929698e-01,2.695838827261468618e-01,3.773293631663803271e-01
-1.088676488382438468e-01,-3.145016792438637410e-02,-3.740273936178655223e-01
-7.384952240477937746e-02,-3.484448135707807204e-03,-3.404468795654060909e-01
-9.078350471021179313e-02,1.093813520627273661e-01,1.458836003525488811e-01
-2.465647576354226267e-01,-3.202367023903955889e-01,4.162118843969844217e-01
-1.321588835754088365e-01,1.765980287002670845e-01,-4.468776706068101623e-01
-9.747775978477468684e-02,4.081003889146284092e-02,-4.181556429407859987e-01
-6.448252391373310299e-02,-2.001141033840323491e-01,-3.231891670329462007e-01
-1.925681581874897352e-01,2.873618678874557686e-01,-4.711795333078205861e-01
-7.024160670677759288e-02,2.294152635901791637e-02,-3.518314482348973149e-01
-2.458919482546284563e-01,3.013936112974086035e-01,3.802795199547672755e-01
1.876267977228018857e-01,2.435461865515674562e-01,2.689380256114631829e-01
1.839748817837973949e-01,1.616183494192627856e-01,2.192312006125388679e-01
-1.286708681809899391e-01,2.238889987423346994e-01,-3.354346330402195875e-01
-2.164855007227979300e-01,2.150138768231837361e-01,4.302500751676747726e-01
1.786611212688818950e-01,-1.859055646666701866e-01,3.545752518334019943e-01
-2.033478427598346405e-01,-2.350457520206880035e-01,3.765096757875320277e-01
-1.289949601069728669e-01,2.151212045250243676e-01,3.056128017482196979e-01
-1.000232666913024593e-01,1.818580682762438450e-02,1.039934357905604179e-01
3.048402223647931342e-01,-2.566172958886109301e-01,4.576246746961687428e-01
1.009829081938261597e-01,1.264160313499480548e-01,1.927477535543364873e-01
2.475766477454262038e-01,-3.227169300044701039e-01,3.760993439915333303e-01
2.196414076492516632e-01,-3.586872624812289523e-01,3.876630242988189368e-01
