0,10.403,14.415,13.984,2.4962,8.0528,13.074,3.2223,13.5,11.206,12.405,17.905,4.3946,14.144,12.283,5.508,12.61,10.663,9.7918,4.7961,4.004,15.239,14.95,12.403,7.2176,7.4676,9.8724,11.667,11.772,6.192,5.774,10.18,15.842,15.454,3.1268,10.003,12.157,10.882,13.286,13.141,8.6656,16.498,8.3517,0.45087,3.2486,13.038,9.0669,2.9469,10.777,6.4381,15.406,10.024,8.9387,5.6131,13.578,16.595,7.1086,10.475,7.5874,13.181,12.523,3.2294,10.695,12.752,7.0133,12.749,10.949,10.422,11.639,9.4769,11.525,11.796,3.335,11.501,5.7922,10.541,2.928,14.133,12.524,11.629,12.663,12.381,11.936,10.959,15.013,4.6901,10.112,12.632,11.354,10.605,9.8114,5.317,12.791,5.2946,10.336,12.039,2.0142,5.0123,3.1496,8.3637,12.682,10.93,12.42,12.256,0.81965,12.513,11.245,9.021,12.339,13.842,12.389,11.7,12.553,7.4025,12.172,3.511,13.796,5.853,11.386,11.361,10.788,6.7935,12.115,11.158,5.1533,7.0489,9.7861,9.837,12.366,11.018,8.1181,11.27,8.2511,10.816,3.3525,9.9116,11.931,3.4798,11.347,4.3689,9.1938,12.849,14.614,11.74,2.3316,11.704,12.734,5.3106,4.0329,5.8805,5.8962,5.5545,11.04,14.866,5.5816,12.802,18.306,11.018,8.376,5.4053,14.826,9.4597,12.669,9.4342,13.223,6.6559,8.4429,11.617,4.2411,15.774,16.582,11.484,7.5456,10.767,13.512,11.045,10.211,4.305,8.3919,10.15,6.071,11.298,1.3983,11.329,5.5835,9.0926,10.972,11.248,11.379,3.4206,8.0082,5.198,11.407,6.6981,4.9026,9.6415,8.5429,11.162,10.864,9.0779
10.403,0,5.5209,4.5478,10.736,9.1604,4.0079,9.9366,4.4873,1.0062,2.7312,10.393,9.3141,4.5935,3.638,8.1903,4.4985,11.362,10.937,13.901,8.4399,5.8645,6.7896,2.0073,8.9864,9.1314,0.74592,2.1164,13.738,8.2635,9.5277,10.825,9.2836,6.397,10.689,11.411,1.8943,11.079,3.3463,4.2828,10.098,8.4133,10.734,10.131,9.6195,4.1151,9.5321,7.6823,11.918,10.719,7.799,11.798,9.9701,9.1599,5.6767,10.143,10.028,0.79258,11.326,3.6907,3.7663,7.5153,11.414,3.6555,8.1319,3.5897,0.75152,1.1952,11.225,1.5995,11.983,11.853,9.9879,2.2658,9.4401,0.39189,10.248,6.1916,3.5027,1.2267,3.4494,3.6109,2.3578,1.7697,6.7067,8.5901,1.3488,4.9476,2.1565,1.4706,0.9895,7.5302,4.4015,10.442,0.54559,3.52,9.3369,9.6598,10.352,9.2855,4.331,1.0792,3.2875,11.342,9.8539,3.4867,13.391,9.2979,2.0333,5.8255,4.0106,1.6753,2.2989,9.5664,1.7778,8.9274,4.4551,9.3758,11.428,13.028,11.171,9.0851,1.715,2.5842,7.349,9.5543,2.9346,10.473,5.6481,12.596,9.934,1.4357,10.297,1.3039,11.907,1.4157,2.1855,9.641,2.4444,9.497,11.184,2.7103,5.512,13.655,12.328,3.485,2.7427,8.506,10.36,10.401,7.9884,9.9096,1.1562,5.3268,10.202,13.8,9.8436,4.1317,2.1106,9.0302,7.4636,11.071,3.5588,11.188,5.0696,9.2227,9.9487,1.3059,9.9112,8.2157,8.3914,11.519,9.8781,1.1455,3.593,0.92967,13.411,9.5573,12.417,0.77032,7.791,1.6755,9.6143,0.95015,8.9194,2.4034,0.57147,1.7442,0.97879,8.5769,8.0323,9.069,3.4826,9.2404,10.05,11.055,9.732,2.0253,7.4437,10.055
14.415,5.5209,0,1.1884,13.894,9.7405,1.5325,12.838,1.0443,4.5528,2.8123,4.9884,11.773,1.324,2.1813,10.288,1.859,10.659,10.659,18.594,11.253,1.0769,1.5094,4.4274,10.046,10.045,5.4907,3.4168,12.996,9.9741,11.313,10.305,4.5068,1.0385,13.605,11.094,3.9708,10.191,2.561,1.3323,10.361,2.9487,11.228,14.265,12.543,1.4759,9.5242,11.469,11.265,12.186,2.6644,11.542,10.067,11.053,1.4845,5.2558,11.131,6.1491,12.282,1.8812,1.9578,11.198,10.702,1.8961,9.3963,1.948,5.6732,6.5402,9.9133,7.1196,10.916,10.596,12.839,3.3568,11.221,5.1482,13.247,1.4475,2.0892,4.8329,2.0831,2.1174,3.164,3.9568,1.3374,11.027,6.7983,2.0622,3.4991,6.7026,6.5099,9.9154,1.6306,12.436,6.0065,8.0247,12.826,11.801,13.261,9.685,1.7392,4.4633,2.2771,9.6812,13.7,2.1045,12.838,9.3064,3.9885,1.3098,2.026,3.8888,3.7161,10.508,4.4939,11.855,1.1574,11.131,10.313,12.317,10.357,10.371,4.5839,7.5184,9.8943,10.686,8.3734,10.102,2.9613,11.965,10.493,4.0878,10.806,4.3385,14.847,6.9079,3.3411,12.464,3.3389,11.947,11.278,3.2525,0.37022,12.906,15.848,2.7197,3.0188,10.644,12.907,12.121,9.9186,11.785,4.3732,1.2089,12.061,12.508,4.3339,9.2307,7.2908,11.041,2.6309,11.001,1.9946,11.15,1.3791,10.574,10.327,4.4403,12.385,3.0223,2.9003,10.367,10.747,6.2842,2.3918,5.7739,13.417,12.03,13.139,6.2658,9.6686,3.8718,13.288,4.8242,10.854,7.9234,5.2443,3.8332,4.9298,11.638,8.707,11.177,8.3625,10.569,12.223,10.88,10.042,6.9108,12.775,10.078
13.984,4.5478,1.1884,0,13.664,9.9886,0.9666,12.652,0.75239,3.5499,1.8234,6.1474,11.668,0.24049,1.7946,10.228,2.0148,11.195,11.109,17.998,11.059,1.3356,2.6948,3.2726,10.201,10.231,4.6292,2.5259,13.578,9.9881,11.344,10.796,5.6697,1.8633,13.427,11.561,2.8639,10.755,1.3908,1.0788,10.693,4.0979,11.531,13.801,12.347,1.0854,9.89,11.057,11.803,12.303,3.8475,12.005,10.426,11.055,2.3162,6.4344,11.304,5.1139,12.509,0.87247,1.5576,10.806,11.241,1.241,9.4882,1.2362,4.6107,5.49,10.556,6.1414,11.529,11.241,12.665,2.5676,11.251,4.1965,13.045,2.497,1.4684,3.7387,1.3237,1.6652,2.2493,3.166,2.5258,10.911,5.7677,2.4605,2.7185,5.6285,5.5331,9.7821,1.6847,12.445,4.9986,6.857,12.505,11.766,13.08,9.9697,1.7611,3.538,1.5649,10.388,13.303,1.4785,13.381,9.6625,2.8568,2.2482,1.8769,2.8763,2.5736,10.701,3.3571,11.647,0.22367,11.165,10.924,12.883,10.909,10.487,3.4491,6.3893,9.7257,10.842,7.3188,10.558,3.5207,12.51,10.765,3.1487,11.096,3.4759,14.679,5.893,2.3757,12.29,2.6559,11.847,11.665,2.0992,1.0245,13.488,15.553,2.4103,1.9004,10.584,12.802,12.183,9.8838,11.807,3.4372,0.88237,12.092,13.189,5.333,8.0995,6.4523,11.017,3.7715,11.415,1.3183,11.561,1.9018,10.681,10.633,3.3765,12.287,4.2101,4.0314,10.987,10.96,5.2111,1.2071,4.6954,13.857,11.926,13.429,5.2629,9.6376,2.9774,12.929,3.7712,10.843,6.9426,4.2085,2.9683,3.8612,11.396,8.9012,11.136,7.2168,10.68,12.189,11.314,10.355,5.7894,11.665,10.453
2.4962,10.736,13.894,13.664,0,6.1133,12.71,1.1512,13.084,11.381,12.286,16.81,2.4616,13.854,11.885,3.9168,12.038,8.4805,7.6121,6.9112,2.6538,14.823,14.185,12.653,5.2972,5.5158,10.095,11.588,9.3769,4.5067,3.6927,8.0471,14.624,14.919,0.66268,7.7644,12.292,8.7613,13.198,12.712,6.5588,15.62,6.1102,2.868,1.3917,12.636,7.0967,3.2068,8.5226,4.0954,14.467,7.732,6.8732,3.6514,12.854,15.311,4.9349,10.987,5.2103,12.937,12.128,3.2828,8.5073,12.427,5.333,12.442,11.384,11.027,9.5576,10.147,9.3191,9.6313,1.2061,11.358,3.7373,10.785,0.71242,13.372,12.201,11.919,12.379,12.005,11.835,10.889,14.284,3.0554,10.758,11.952,11.223,11.262,10.348,4.051,12.271,2.9586,10.795,12.986,1.5264,2.8979,0.83129,6.409,12.164,11.033,12.139,10.21,1.9981,12.192,8.8515,7.097,12.492,13.125,11.911,11.764,12.661,5.3444,12.424,2.0443,13.457,3.8171,9.2517,9.0111,8.6455,4.8416,12.383,12.011,4.0209,4.9817,10.792,7.7389,11.488,8.6947,6.0129,11.32,6.0819,10.851,1.2379,10.568,11.881,1.5365,11.142,2.3552,6.9339,12.877,14.144,9.3513,2.0953,11.276,12.704,3.6155,1.6889,3.5755,4.3365,3.3613,11.135,14.53,3.3123,10.469,17.454,12.207,8.9251,3.4986,13.866,7.2352,12.356,7.1898,12.597,4.6653,6.3524,11.813,2.0597,14.8,15.729,9.3437,5.4238,11.335,13.402,11.512,7.7618,2.2707,5.9386,10.659,4.5659,11.286,1.6494,11.59,3.7064,9.9467,11.302,11.211,11.671,2.2688,6.3471,3.2904,12.426,4.7031,2.6621,7.4323,6.5019,11.889,12.665,7.0049
8.0528,9.1604,9.7405,9.9886,6.1133,0,9.0607,5.008,9.2616,9.2714,9.2873,11.366,3.7051,10.222,8.2901,2.6526,8.0082,2.872,2.104,12.831,4.1143,10.805,9.4846,10.482,0.8355,0.59772,8.4175,8.8156,4.854,1.9708,2.432,2.3037,9.0721,10.635,5.5241,2.5118,9.906,2.9372,10.127,8.9113,0.98986,10.6,1.5977,8.2157,4.8754,8.9103,1.015,6.0375,3.2229,2.6816,9.4033,2.7971,1.0382,2.4759,8.3722,9.6366,1.5151,9.7901,2.5429,9.5361,8.4964,5.7419,2.9167,8.9119,1.3503,8.9682,9.9108,10.051,3.6234,9.5431,3.7333,3.895,4.9269,8.4776,2.3797,8.9798,5.4217,8.7531,8.7277,9.9828,8.9722,8.44,8.9591,8.2912,9.6471,3.38,9.941,7.685,8.3986,10.359,9.3688,3.1673,8.3237,3.4221,9.5167,12.485,6.0475,3.2201,5.2827,0.31292,8.2371,8.8236,8.7758,4.2115,7.2519,8.7261,4.4173,0.9842,10.113,8.6256,8.1195,9.3061,10.144,0.88792,10.298,4.5451,9.7651,2.2972,3.4457,4.1994,2.8904,1.2762,10.304,11.441,3.4527,1.2094,10.848,1.9105,6.8394,3.7622,0.79557,8.9207,1.1527,8.52,6.4781,9.8233,9.1204,4.6638,8.1555,3.7768,2.0593,10.134,10.075,4.783,8.1595,7.7184,9.8477,2.7679,4.496,2.8733,2.3634,2.8316,8.8855,10.717,2.9919,5.3794,12.39,12.449,8.399,2.6613,8.8044,2.0396,8.881,2.1231,8.3641,1.4483,0.80116,9.6651,4.0574,9.6499,10.749,3.5503,1.037,10.199,10.248,10.09,4.253,3.8566,3.4483,9.5334,2.3117,8.7406,6.6621,9.6465,2.473,9.8392,9.5882,8.6219,9.7878,4.6971,1.1466,2.8724,12.2,1.4112,3.5171,2.1026,0.65782,11.029,14.474,1.1753
13.074,4.0079,1.5325,0.9666,12.71,9.0607,0,11.692,0.4883,3.0619,1.362,6.4111,10.702,1.1815,0.82884,9.2612,1.2092,10.366,10.242,17.154,10.099,2.168,2.8143,3.1466,9.2539,9.2893,3.9582,1.8939,12.764,9.0243,10.381,9.9479,5.5749,2.5003,12.466,10.7,2.6008,9.9406,1.4941,0.3428,9.7857,4.4095,10.614,12.901,11.388,0.20337,8.9962,10.139,10.972,11.348,3.8939,11.141,9.5279,10.09,1.9519,6.3955,10.359,4.665,11.572,0.65206,0.59099,9.8816,10.412,0.36402,8.5322,0.41874,4.2147,5.0646,9.7852,5.6029,10.738,10.469,11.704,1.8249,10.288,3.6296,12.087,2.3383,0.57108,3.4213,0.55844,0.70494,1.6529,2.4265,2.7112,9.9451,5.3076,1.7368,1.9683,5.2468,4.9944,8.8169,0.88609,11.48,4.5068,6.7287,11.565,10.8,12.119,9.0512,0.92465,2.9407,0.74507,9.6581,12.382,0.58521,12.549,8.7661,2.6651,2.0008,0.94474,2.4151,2.4309,9.7591,3.1645,10.689,0.7508,10.202,10.135,12.064,10.088,9.5332,3.2474,6.1295,8.7626,9.8944,6.8933,9.6957,2.8105,11.681,9.8419,2.5722,10.177,2.8066,13.718,5.4077,1.8501,11.329,1.8271,10.881,10.773,2.03,1.6045,12.675,14.61,1.4444,1.7271,9.6175,11.836,11.222,8.9177,10.843,2.8542,1.8201,11.128,12.433,5.8655,7.8359,5.7603,10.051,3.6683,10.534,0.46229,10.679,1.3779,9.726,9.7192,3.0001,11.321,4.2968,4.3839,10.202,10.023,4.8306,1.46,4.3303,12.98,10.961,12.506,4.7621,8.6717,2.3458,11.998,3.367,9.8772,6.406,3.7679,2.3027,3.4861,10.442,7.9634,10.169,7.0012,9.7258,11.222,10.44,9.4436,5.5134,11.339,9.5599
3.2223,9.9366,12.838,12.652,1.1512,5.008,11.692,0,12.053,10.522,11.333,15.669,1.32,12.848,10.865,2.7676,10.979,7.4795,6.6079,7.8873,1.5934,13.785,13.085,11.807,4.1827,4.4106,9.2666,10.651,8.5576,3.3566,2.6177,7.0196,13.477,13.856,0.77644,6.797,11.413,7.7296,12.247,11.68,5.5143,14.501,5.1416,3.4981,0.31749,11.61,6.0041,2.7889,7.5674,3.2205,13.343,6.8049,5.8123,2.5336,11.764,14.161,3.9176,10.248,4.3755,11.947,11.106,2.7509,7.5094,11.419,4.1846,11.439,10.613,10.323,8.5106,9.481,8.3333,8.623,0.1226,10.405,2.6515,9.9548,0.43945,12.274,11.196,11.093,11.383,10.988,10.889,9.9612,13.188,1.91,10.073,10.872,10.274,10.574,9.6279,2.9428,11.221,2.0831,10.041,12.396,1.4862,1.8286,0.42866,5.3092,11.115,10.155,11.144,9.1507,2.5159,11.187,8.0315,5.992,11.616,12.035,10.872,10.868,11.77,4.2732,11.58,1.0221,12.442,2.7249,8.2276,8.1387,7.6241,3.7321,11.545,11.392,2.9435,3.9119,10.255,6.6946,10.378,7.7966,4.9653,10.424,5.0671,9.9544,2.03,9.8898,10.949,0.38862,10.174,1.2313,5.9805,11.961,13.097,8.5244,3.2464,10.251,11.773,2.4644,0.87991,2.6588,3.1872,2.3462,10.254,13.51,2.3595,9.5799,16.336,11.733,8.2349,2.3663,12.74,6.2574,11.352,6.2256,11.525,3.5656,5.2998,10.957,1.0219,13.671,14.614,8.3226,4.3811,10.613,12.443,10.751,7.0389,1.1518,5.2362,9.9236,3.4186,10.371,1.9721,10.757,2.5707,9.3589,10.495,10.29,10.848,1.3615,5.1999,2.1558,11.873,3.6051,1.6808,6.4452,5.4301,11.221,12.51,5.9476
13.5,4.4873,1.0443,0.75239,13.084,9.2616,0.4883,12.053,0,3.5313,1.8069,5.9545,11.036,0.99288,1.2177,9.5792,1.2668,10.443,10.359,17.614,10.461,1.7459,2.3724,3.5289,9.4929,9.5161,4.4465,2.3769,12.826,9.3158,10.668,10.045,5.2144,2.0215,12.825,10.81,3.017,10.003,1.7554,0.37345,9.9538,3.9401,10.796,13.335,11.751,0.46379,9.1466,10.56,11.05,11.606,3.4801,11.254,9.6834,10.388,1.6761,6.0181,10.593,5.1329,11.788,0.94805,0.97768,10.298,10.488,0.85216,8.7938,0.90435,4.6719,5.5293,9.8074,6.0842,10.778,10.492,12.061,2.3131,10.576,4.1113,12.452,1.9758,1.0513,3.8581,1.041,1.1242,2.1297,2.9142,2.254,10.282,5.7784,1.7102,2.4561,5.7039,5.4751,9.1584,0.94062,11.777,4.9809,7.1275,11.964,11.111,12.479,9.2368,1.0245,3.424,1.2332,9.6462,12.801,1.0661,12.629,8.92,3.0618,1.6683,1.1912,2.8758,2.8095,9.9847,3.5667,11.056,0.54155,10.488,10.174,12.131,10.157,9.788,3.6529,6.5619,9.1154,10.134,7.3606,9.8078,2.776,11.757,10.035,3.0521,10.363,3.2944,14.074,5.8823,2.3175,11.686,2.307,11.214,10.92,2.3763,1.1327,12.736,15.003,1.8121,2.0997,9.9359,12.172,11.5,9.2262,11.135,3.3358,1.4819,11.417,12.443,5.3778,8.2719,6.2481,10.358,3.301,10.668,0.95052,10.814,1.1858,9.9845,9.8978,3.4477,11.654,3.8741,3.9088,10.237,10.24,5.2865,1.6569,4.7817,13.108,11.295,12.697,5.2379,8.9784,2.8305,12.407,3.8225,10.179,6.8877,4.2319,2.7897,3.9363,10.818,8.1828,10.482,7.4243,9.9825,11.534,10.565,9.6183,5.9483,11.791,9.7086
11.206,1.0062,4.5528,3.5499,11.381,9.2714,3.0619,10.522,3.5313,0,1.7448,9.4706,9.8021,3.5898,2.7948,8.5803,3.6869,11.281,10.926,14.832,8.9832,4.8613,5.8687,1.2919,9.1871,9.307,1.3348,1.2121,13.687,8.5757,9.8851,10.767,8.4713,5.4054,11.287,11.402,0.95499,10.959,2.3432,3.356,10.172,7.4701,10.865,10.954,10.205,3.1862,9.5399,8.4131,11.856,11.036,6.9124,11.807,10.009,9.5311,4.8263,9.3218,10.262,1.6032,11.556,2.7007,2.8885,8.2219,11.332,2.7214,8.349,2.6483,1.1865,2.0054,11.031,2.5916,11.846,11.68,10.565,1.4517,9.7948,0.70381,10.857,5.3141,2.5918,0.72287,2.5062,2.7432,1.4141,1.1497,5.7726,9.0593,2.2472,4.1779,1.385,2.2056,1.9841,7.9625,3.5462,10.858,1.455,3.9678,10.03,10.091,10.945,9.3649,3.4878,0.45057,2.3697,11.087,10.622,2.5761,13.369,9.3025,1.1329,4.9523,3.1887,0.6736,1.3585,9.7583,1.0739,9.503,3.4652,9.7241,11.273,12.973,11.066,9.3333,1.0568,3.1882,7.8103,9.7831,3.8314,10.435,4.9885,12.549,10.06,0.5612,10.422,0.7723,12.523,2.3556,1.2138,10.207,1.7153,9.9864,11.248,1.7287,4.5263,13.601,13.055,2.7633,1.7388,8.9122,10.882,10.762,8.3381,10.292,0.41227,4.3211,10.587,13.649,8.8615,4.8549,3.0562,9.4222,6.6136,11.102,2.6276,11.227,4.2126,9.4871,10.04,0.43494,10.412,7.3246,7.4399,11.359,10.063,1.7976,2.5901,1.332,13.493,10.052,12.619,1.7168,8.1241,0.84428,10.347,0.42757,9.2936,3.3927,0.71628,0.95529,0.58666,9.1734,8.1272,9.4815,4.092,9.5006,10.494,11.066,9.8055,2.574,8.2953,10.082
12.405,2.7312,2.8123,1.8234,12.286,9.2873,1.362,11.333,1.8069,1.7448,0,7.7613,10.455,1.8932,1.3954,9.0942,2.2598,10.918,10.692,16.28,9.7486,3.153,4.1724,1.8444,9.3599,9.4333,2.8194,0.74676,13.337,8.9572,10.31,10.454,6.9111,3.6659,12.109,11.162,1.2543,10.534,0.91456,1.6857,10.099,5.7441,10.877,12.194,11.02,1.5176,9.3698,9.5146,11.516,11.369,5.2554,11.591,9.8804,9.9881,3.2592,7.7413,10.465,3.3369,11.726,0.95962,1.3736,9.2848,10.967,1.0646,8.5755,0.97699,2.866,3.7284,10.476,4.3292,11.377,11.151,11.358,0.92797,10.218,2.3743,11.703,3.6882,1.0169,2.0594,0.84034,1.2792,0.46967,1.4475,4.0605,9.6957,3.9868,2.8071,1.0645,3.8976,3.7195,8.5662,2.0271,11.364,3.1998,5.384,11.04,10.639,11.761,9.3234,2.0021,1.7161,0.80806,10.427,11.759,1.0042,13.077,9.1333,1.3477,3.3404,1.7881,1.0767,1.1624,9.901,1.8299,10.313,1.7239,10.137,10.782,12.627,10.665,9.5838,1.9078,4.7676,8.4675,9.9889,5.5615,10.164,3.7939,12.223,10.082,1.3261,10.432,1.6801,13.361,4.1,0.55255,10.988,1.18,10.638,11.136,0.9067,2.7825,13.249,14.093,1.718,0.5819,9.4444,11.575,11.176,8.7907,10.753,1.6143,2.6416,11.045,13.13,7.117,6.474,4.642,9.9177,5.014,10.936,0.98666,11.073,2.6535,9.7618,10.003,1.6413,11.076,5.6587,5.7071,10.858,10.186,3.4799,1.1173,2.9748,13.377,10.712,12.724,3.4614,8.555,1.1738,11.422,2.0163,9.7616,5.1323,2.4321,1.1872,2.1295,10.027,8.1516,10.011,5.6411,9.7677,11.057,10.866,9.7424,4.1514,9.9844,9.9307
17.905,10.393,4.9884,6.1474,16.81,11.366,6.4111,15.669,5.9545,9.4706,7.7613,0,14.417,6.2265,6.7853,12.908,6.0091,10.974,11.36,22.448,14.206,5.1711,3.6038,9.4136,11.972,11.861,10.234,8.2807,12.843,12.385,13.543,10.868,2.3095,4.4312,16.371,11.669,8.9544,10.441,7.5373,6.1159,11.591,2.0512,12.473,17.851,15.419,6.2853,10.725,15.027,11.499,14.047,2.6678,12.084,11.224,13.402,4.8094,2.0059,12.881,11.074,13.726,6.8616,6.6336,14.717,11,6.7495,11.614,6.8225,10.625,11.475,9.8213,11.97,10.829,10.394,15.635,8.1389,13.463,10.006,16.106,4.2477,6.891,9.8087,6.9647,6.793,8.0573,8.6966,3.7011,13.759,11.712,5.7088,8.2621,11.657,11.368,12.789,6.0289,14.659,10.906,13.004,16.065,14.217,16.054,11.18,6.1137,9.3145,7.1087,9.295,17.118,6.9069,12.888,10.578,8.9767,4.6132,6.4516,8.8258,8.7041,12.25,9.4823,14.812,6.1442,13.368,10.316,12.302,10.637,12.4,9.5722,12.504,12.874,12.539,13.301,10.846,5.6155,12.087,11.936,8.9638,12.144,9.1317,17.524,11.804,8.261,15.28,8.0206,14.563,12.177,8.2381,5.1292,12.76,18.89,7.0985,8.0067,13.231,15.478,14.184,12.491,14.01,9.2373,5.7309,14.235,11.9,1.9368,14.216,11.94,13.475,3.163,11.813,6.844,11.96,5.3777,12.613,11.659,9.4022,14.963,2.2508,2.1386,10.321,12.385,11.24,7.3503,10.736,13.886,14.651,14.265,11.157,12.253,8.7173,16.616,9.7759,13.265,12.767,10.179,8.6537,9.8907,14.708,10.666,13.659,13.351,12.591,14.606,11.626,11.381,11.894,17.746,11.171
4.3946,9.3141,11.773,11.668,2.4616,3.7051,10.702,1.32,11.036,9.8021,10.455,14.417,0,11.873,9.8731,1.5216,9.9162,6.2715,5.402,9.1411,1.0297,12.75,11.934,11.094,2.8743,3.1096,8.6086,9.8045,7.5487,2.0536,1.3855,5.7855,12.206,12.777,1.9565,5.6319,10.652,6.4879,11.367,10.663,4.2712,13.308,3.9969,4.6057,1.1709,10.606,4.7095,3.0746,6.4098,2.3022,12.138,5.6875,4.5493,1.2316,10.637,12.877,2.7332,9.7116,3.4405,11.003,10.111,2.8973,6.3046,10.449,2.8736,10.477,10.024,9.8352,7.2514,9.0586,7.137,7.4019,1.2555,9.5347,1.3986,9.2854,1.7514,11.13,10.23,10.417,10.431,10.004,10.028,9.1354,12.048,0.7596,9.6149,9.7703,9.4118,10.106,9.1259,1.8914,10.175,1.3634,9.4824,12.042,2.4398,0.69595,1.6549,4.0101,10.07,9.4081,10.197,7.8786,3.6202,10.223,7.0277,4.6872,10.86,10.908,9.8472,10.085,10.989,3.0102,10.873,1.0226,11.452,1.4584,6.9918,7.0718,6.3934,2.4299,10.847,11.01,1.9975,2.6548,9.9965,5.4443,9.2125,6.7029,3.7235,9.6446,3.8643,9.1799,3.1257,9.4444,10.11,0.95999,9.28,0.18449,4.8417,11.139,12.048,7.5068,4.5524,9.2574,10.927,1.1865,1.1356,1.7322,1.9314,1.2622,9.5013,12.509,1.4091,8.4829,15.143,11.538,7.8,1.0493,11.534,5.0855,10.388,5.0702,10.436,2.2753,4.0491,10.236,0.62182,12.456,13.427,7.0896,3.1525,10.096,11.55,10.175,6.169,0.25883,4.4456,9.396,2.1754,9.563,3.0344,10.074,1.2513,9.0465,9.8544,9.4719,10.179,1.3646,3.8861,0.83788,11.574,2.3164,0.86436,5.2604,4.1578,10.773,12.693,4.6876
14.144,4.5935,1.324,0.24049,13.854,10.222,1.1815,12.848,0.99288,3.5898,1.8932,6.2265,11.873,0,2.0039,10.438,2.2546,11.435,11.348,18.126,11.254,1.2718,2.8321,3.2241,10.429,10.461,4.712,2.6182,13.818,10.206,11.562,11.037,5.8279,1.8742,13.623,11.801,2.8558,10.995,1.3444,1.3153,10.929,4.1753,11.766,13.956,12.542,1.3134,10.128,11.222,12.043,12.528,3.9874,12.244,10.663,11.271,2.5337,6.5797,11.533,5.1316,12.74,0.97815,1.7707,10.974,11.481,1.4282,9.7122,1.4125,4.6173,5.4996,10.795,6.1794,11.769,11.48,12.862,2.6889,11.47,4.252,13.238,2.6866,1.6528,3.7323,1.4851,1.8694,2.3383,3.2794,2.6517,11.115,5.7854,2.7005,2.8399,5.6259,5.5734,9.9854,1.924,12.66,5.0285,6.7863,12.682,11.978,13.275,10.205,1.9991,3.6074,1.7278,10.625,13.469,1.6617,13.622,9.9002,2.831,2.4532,2.1058,2.9182,2.5414,10.93,3.3238,11.841,0.45947,11.383,11.164,13.124,11.149,10.712,3.4169,6.3524,9.9251,11.07,7.3222,10.798,3.7594,12.75,11,3.2168,11.331,3.5661,14.875,5.9171,2.4438,12.487,2.8014,12.052,11.903,2.0618,1.1013,13.728,15.733,2.6186,1.8966,10.794,13.006,12.403,10.097,12.024,3.5037,0.75078,12.309,13.428,5.3405,8.0589,6.535,11.231,3.94,11.654,1.4981,11.8,2.1358,10.906,10.869,3.3894,12.493,4.3392,4.0986,11.227,11.191,5.2102,1.1336,4.6935,14.096,12.131,13.663,5.294,9.8513,3.0625,13.101,3.7868,11.057,6.9777,4.2298,3.0629,3.8684,11.585,9.1321,11.348,7.1663,10.905,12.401,11.553,10.591,5.7589,11.635,10.691
12.283,3.638,2.1813,1.7946,11.885,8.2901,0.82884,10.865,1.2177,2.7948,1.3954,6.7853,9.8731,2.0039,0,8.4346,0.90145,9.7055,9.541,16.416,9.2715,2.9615,3.2009,3.2208,8.4583,8.501,3.4508,1.5862,12.117,8.2046,9.562,9.2679,5.6765,3.2063,11.639,10.004,2.5991,9.2978,1.9585,0.86214,9.0395,4.8588,9.8551,12.119,10.561,0.75688,8.2667,9.3426,10.309,10.541,4.1652,10.442,8.7929,9.2683,2.0403,6.5281,9.5645,4.3648,10.789,1.2512,0.24256,9.0809,9.7533,0.62201,7.7252,0.68363,3.9812,4.7761,9.1898,5.1932,10.118,9.8699,10.876,1.3728,9.4692,3.2469,11.26,2.5567,0.46079,3.3022,0.71788,0.15202,1.4403,1.9114,3.1506,9.1163,4.9801,1.429,1.4845,4.9954,4.597,7.9881,0.76372,10.658,4.169,6.6771,10.751,9.9739,11.292,8.2921,0.69507,2.5623,0.6035,9.1061,11.583,0.4643,11.882,8.034,2.7223,2.1896,0.4051,2.2353,2.5567,8.9711,3.1784,9.8626,1.5796,9.3834,9.5177,11.411,9.4384,8.7287,3.2474,5.9715,7.9342,9.0977,6.5709,9.0007,2.3989,11.019,9.076,2.2468,9.4155,2.3528,12.89,5.0535,1.6829,10.501,1.2368,10.052,10.044,2.2712,2.338,12.027,13.793,0.61572,1.938,8.7908,11.008,10.406,8.0931,10.023,2.4981,2.6456,10.308,11.844,6.4398,7.6491,5.196,9.2272,3.829,9.8171,0.60021,9.959,1.4316,8.9195,8.9647,2.8523,10.493,4.5837,4.8623,9.5892,9.2396,4.5914,2.0181,4.1221,12.264,10.132,11.738,4.4081,7.8476,1.9773,11.191,3.1663,9.0541,5.9856,3.5093,1.8959,3.3073,9.6178,7.1816,9.3437,6.8683,8.9202,10.397,9.7309,8.6926,5.3537,11.069,8.8307
5.508,8.1903,10.288,10.228,3.9168,2.6526,9.2612,2.7676,9.5792,8.5803,9.0942,12.908,1.5216,10.438,8.4346,0,8.4359,5.4763,4.6471,10.304,1.506,11.28,10.418,9.8675,1.8572,2.1246,7.4607,8.4736,7.16,0.69433,1.36,4.929,10.71,11.285,3.4641,4.9774,9.3871,5.585,10.001,9.2066,3.4611,11.787,3.5082,5.6285,2.5392,9.1566,3.6544,3.398,5.7426,2.6014,10.617,5.1464,3.6462,0.9782,9.1286,11.395,2.3198,8.6665,3.4727,9.5926,8.6702,3.113,5.5173,9.0228,1.5054,9.0548,8.9237,8.8371,6.273,8.1415,6.3487,6.5388,2.7283,8.1861,1.2795,8.1169,3.207,9.6161,8.8072,9.2296,9.0173,8.5693,8.6826,7.8272,10.534,0.86751,8.6511,8.2719,8.0707,9.125,8.1251,0.73946,8.7023,2.282,8.4194,11.151,3.4954,1.5455,3.1461,2.9635,8.5996,8.1666,8.7875,6.8443,4.6923,8.8008,6.6658,3.572,9.5969,9.3987,8.3881,8.8051,9.7042,2.2512,9.6539,2.0278,10.01,1.2328,6.0945,6.5845,5.5278,1.5457,9.6354,10.103,1.0193,1.9881,9.2355,4.5469,7.6946,6.1721,2.9643,8.372,3.2236,7.9159,4.6472,8.4963,8.7827,2.3805,7.9145,1.6817,4.2981,9.8193,10.571,7.103,6.0101,7.8197,9.5892,0.35665,2.6353,2.2177,0.41976,1.7194,8.2533,11.057,2.012,7.8954,13.621,10.82,6.8986,0.84229,10.012,4.4414,8.9658,4.4704,8.9415,1.5197,3.2277,9.01,2.1099,10.935,11.906,6.1985,2.5124,9.0648,10.174,9.0857,6.0786,1.7686,4.5975,8.3648,0.6554,8.266,4.11,8.8836,0.73735,8.2464,8.7062,8.1673,9,2.0932,2.5084,0.91669,10.745,1.56,1.9663,4.5719,3.2394,9.8021,12.377,3.7887
12.61,4.4985,1.859,2.0148,12.038,8.0082,1.2092,10.979,1.2668,3.6869,2.2598,6.0091,9.9162,2.2546,0.90145,8.4359,0,9.1883,9.0937,16.874,9.3952,2.8522,2.4954,4.1014,8.2615,8.2764,4.2486,2.4834,11.579,8.1362,9.4812,8.7837,4.7906,2.8808,11.746,9.5462,3.4893,8.7548,2.6622,0.95176,8.6898,4.159,9.5353,12.475,10.684,1.0134,7.8803,9.6632,9.7955,10.387,3.3552,9.9899,8.4175,9.2131,1.2033,5.6471,9.3573,5.2414,10.54,1.8426,0.88785,9.3849,9.2344,1.2772,7.5826,1.3689,4.873,5.6539,8.5832,6.0263,9.5425,9.2676,10.98,2.2474,9.3893,4.1066,11.389,1.7628,1.2483,4.2037,1.4704,0.98797,2.3413,2.7413,2.4932,9.169,5.8459,0.55319,2.3442,5.8809,5.4393,8.0565,0.3335,10.6,5.036,7.5783,10.986,9.9542,11.402,7.9776,0.28662,3.4319,1.4519,8.4497,11.882,1.2597,11.374,7.654,3.603,1.4009,0.49911,3.1367,3.4197,8.7436,4.0694,9.9982,1.7963,9.3,8.9385,10.881,8.9058,8.569,4.1406,6.8691,8.0357,8.9029,7.4327,8.5434,1.6076,10.504,8.7779,3.1336,9.1038,3.199,12.988,5.9101,2.5833,10.605,2.0589,10.091,9.6534,3.0924,2.1363,11.489,14.001,1.0898,2.764,8.792,11.051,10.301,8.0698,9.9515,3.3748,2.7095,10.23,11.228,5.8391,8.5416,5.9307,9.1952,2.9723,9.4016,1.3194,9.5476,0.65203,8.7685,8.6362,3.7537,10.529,3.7761,4.1879,9.0039,8.9946,5.4803,2.6579,5.0171,11.842,10.173,11.439,5.2683,7.8202,2.8586,11.458,4.0646,9.0108,6.8092,4.3989,2.7688,4.2069,9.7843,6.9401,9.3283,7.7674,8.7649,10.377,9.2989,8.3558,6.2518,11.941,8.4421
10.663,11.362,10.659,11.195,8.4805,2.872,10.366,7.4795,10.443,11.281,10.918,10.974,6.2715,11.435,9.7055,5.4763,9.1883,0,0.87173,15.365,6.8681,11.73,10.002,12.381,3.6197,3.3523,10.645,10.594,2.4204,4.8177,4.8887,0.58518,8.6973,11.387,7.8357,0.82013,11.759,0.53241,11.654,10.14,2.0273,10.73,2.3843,10.875,7.4166,10.184,2.01,8.8742,0.60768,4.4498,9.5862,1.1446,1.8392,5.0758,9.1829,9.0319,3.562,12.065,3.5243,10.938,9.8689,8.5874,0.051685,10.309,4.2137,10.382,12.094,12.372,1.2909,11.989,0.87428,1.1531,7.3786,10.239,4.873,11.12,7.8466,9.4113,10.166,12.004,10.423,9.8566,10.677,10.194,10.204,6.1137,12.311,8.7413,10.193,12.683,11.73,6.0343,9.5216,5.5389,11.785,14.822,8.7032,5.657,7.6656,2.5843,9.458,10.833,10.269,1.976,9.8915,10.168,2.1863,2.2047,11.954,9.3947,9.4382,11.176,11.926,3.2916,12.227,7.2197,10.98,4.8167,0.8377,1.7087,0.33719,3.9642,12.251,13.803,6.3222,3.6302,13.38,0.98632,7.7175,1.3155,2.5612,10.847,2.4133,10.509,8.5425,12.219,10.877,7.1877,9.9008,6.2942,1.6244,11.815,11.023,2.3322,10.386,9.2213,11.499,5.5333,6.7922,4.9171,5.2221,5.1365,10.874,11.782,5.1683,2.5575,12.365,14.963,10.93,5.3,9.0463,1.2679,10.303,1.3497,9.363,4.0591,2.2597,11.631,6.4632,9.7208,10.908,0.90659,3.1193,12.467,11.724,12.278,2.9211,6.3598,3.5612,11.844,5.1828,10.624,9.3045,11.689,5.1489,12.38,11.715,10.497,11.842,7.4326,3.6519,5.4973,14.617,4.0157,5.8249,1.0571,2.2421,13.332,17.212,1.6987
9.7918,10.937,10.659,11.109,7.6121,2.104,10.242,6.6079,10.359,10.926,10.692,11.36,5.402,11.348,9.541,4.6471,9.0937,0.87173,0,14.493,6.0151,11.735,10.118,12.07,2.7987,2.5329,10.206,10.316,2.8276,4.0033,4.0184,0.52768,9.0597,11.443,6.969,0.47646,11.462,1.2017,11.466,10.038,1.186,10.966,1.5333,10.007,6.5453,10.069,1.4096,8.0417,1.119,3.5998,9.7975,0.9008,1.0734,4.2115,9.2025,9.4617,2.6903,11.614,2.7331,10.787,9.7195,7.7601,0.90297,10.155,3.4539,10.224,11.678,11.903,2.034,11.468,1.7356,2.0192,6.5071,9.9645,4.0039,10.717,6.9758,9.4796,9.9977,11.648,10.252,9.6929,10.42,9.871,10.31,5.2596,11.823,8.6805,9.9072,12.214,11.243,5.2321,9.4247,4.6758,11.335,14.353,7.8357,4.7853,6.7958,1.8446,9.3533,10.475,10.084,2.725,9.0222,9.9989,2.4543,1.6403,11.662,9.4292,9.3022,10.87,11.654,2.435,11.905,6.3555,10.89,3.9488,1.6558,2.1381,1.053,3.1192,11.922,13.321,5.524,2.7671,12.824,0.55823,7.698,1.6966,1.7032,10.519,1.5416,10.157,7.6959,11.719,10.608,6.3163,9.6293,5.4231,0.86646,11.577,11.016,2.7491,9.5289,9.0242,11.269,4.6874,5.9244,4.0541,4.4136,4.2653,10.524,11.744,4.3006,3.2782,12.657,14.417,10.37,4.4378,9.2348,0.47936,10.141,0.61269,9.3267,3.2037,1.4194,11.293,5.5918,9.9658,11.137,1.7412,2.2512,12.02,11.554,11.861,2.758,5.4885,2.9469,11.378,4.3923,10.31,8.4358,11.324,4.2912,11.818,11.319,10.185,11.473,6.5754,3.0213,4.6332,14.113,3.1602,4.9548,0.26921,1.45,12.873,16.552,0.94831
4.7961,13.901,18.594,17.998,6.9112,12.831,17.154,7.8873,17.614,14.832,16.28,22.448,9.1411,18.126,16.416,10.304,16.874,15.365,14.493,0,8.7997,19.309,19.308,15.88,11.996,12.241,13.53,15.534,16.253,10.988,10.498,14.906,20.467,19.622,7.5706,14.667,15.777,15.615,17.096,17.276,13.399,20.914,13.01,4.7119,7.9733,17.152,13.842,7.4542,15.429,11.007,19.877,14.643,13.688,10.371,17.932,21.247,11.803,13.749,12.112,17.148,16.647,7.7747,15.394,16.808,11.809,16.789,14.285,13.578,16.39,12.628,16.214,16.51,7.9864,15.437,10.526,14.131,7.5195,18.503,16.586,15.098,16.684,16.493,15.814,14.85,19.344,9.4828,13.24,16.975,15.286,13.676,13.107,10.09,17.01,9.8687,13.686,14.559,6.8097,9.7149,7.7074,13.14,16.903,14.65,16.448,17.02,5.6127,16.573,15.73,13.805,15.93,18.187,16.586,15.419,16.184,12.147,15.657,8.3011,17.832,10.593,16.115,15.914,15.511,11.563,15.584,13.898,9.908,11.789,12.411,14.577,16.846,15.604,12.849,15.025,12.954,14.611,7.1919,13.042,15.758,8.1956,15.347,9.0938,13.84,16.554,18.746,16.232,5.3109,15.883,16.506,10.103,8.5938,10.483,10.691,10.228,14.761,18.872,10.21,17.374,22.683,13.201,11.791,10.173,19.317,14.132,16.717,14.093,17.513,11.416,13.181,15.197,8.9014,20.263,20.98,16.21,12.267,13.945,17.337,14.335,14.575,9.0223,12.763,13.452,10.862,15.116,6.1943,14.851,10.358,12.026,14.436,15.093,14.862,8.2152,12.803,9.9629,13.856,11.457,9.543,14.325,13.299,14.091,11.684,13.825
4.004,8.4399,11.253,11.059,2.6538,4.1143,10.099,1.5934,10.461,8.9832,9.7486,14.206,1.0297,11.254,9.2715,1.506,9.3952,6.8681,6.0151,8.7997,0,12.195,11.532,10.272,3.2904,3.5525,7.7517,9.0726,8.3514,2.1957,2.1472,6.3425,12.053,12.274,2.3688,6.3004,9.8599,7.0198,10.663,10.088,4.8408,12.975,4.7232,4.1237,1.2906,10.018,5.1267,2.1305,7.0775,3.2497,11.829,6.4116,5.0671,1.8471,10.201,12.767,3.456,8.7981,4.3464,10.354,9.5128,1.9149,6.9059,9.8261,3.0103,9.846,9.1344,8.9023,7.7355,8.1008,7.7421,7.963,1.6109,8.822,2.1219,8.436,1.9939,10.718,9.6024,9.5731,9.7901,9.395,9.308,8.3872,11.63,0.7561,8.6703,9.3,8.6923,9.1663,8.197,1.4172,9.6334,2.3896,8.5778,11.068,1.9944,1.6618,2.0212,4.4273,9.5268,8.6053,9.5517,8.3236,3.1872,9.5941,7.8385,5.0589,10.065,10.471,9.2814,9.3069,10.211,3.5801,10.048,0.61137,10.849,2.1454,7.5296,7.83,6.9485,2.9068,10.016,10.043,1.3671,3.2577,8.9969,5.9736,8.8382,7.4392,4.312,8.8636,4.5168,8.3952,3.6221,8.4951,9.373,1.2395,8.5867,1.1808,5.556,10.39,11.509,8.3031,4.6933,8.6586,10.195,1.3474,1.9263,2.7006,1.8931,2.1867,8.7026,11.917,2.3865,9.2008,14.808,10.529,6.8435,1.6082,11.23,5.754,9.7587,5.7605,9.9481,2.8115,4.6089,9.4181,1.5237,12.167,13.082,7.6317,3.7877,9.1749,10.857,9.2798,7.0699,1.2109,5.3983,8.4781,2.0772,8.8022,2.6069,9.2333,1.7288,8.0575,8.9904,8.7183,9.3308,0.58782,4.005,1.443,10.585,2.8549,1.8935,5.9079,4.6614,9.8266,11.668,5.2095
15.239,5.8645,1.0769,1.3356,14.823,10.805,2.168,13.785,1.7459,4.8613,3.153,5.1711,12.75,1.2718,2.9615,11.28,2.8522,11.73,11.735,19.309,12.195,0,2.1752,4.4417,11.095,11.1,5.9644,3.8615,14.06,10.988,12.333,11.38,5.1487,0.74781,14.556,12.17,4.1148,11.26,2.5897,2.1142,11.435,3.1477,12.299,15.069,13.485,2.2047,10.599,12.302,12.336,13.229,3.2604,12.618,11.142,12.065,2.5482,5.8107,12.185,6.3999,13.345,2.208,2.7199,12.042,11.773,2.5039,10.43,2.5203,5.8813,6.7643,10.969,7.4512,11.976,11.65,13.791,3.8955,12.241,5.5205,14.187,2.4132,2.7283,4.9899,2.6266,2.8591,3.5847,4.4968,1.9496,11.999,7.0534,3.1198,4.046,6.883,6.8451,10.88,2.5773,13.452,6.2998,7.946,13.71,12.803,14.21,10.754,2.6804,4.8691,2.8607,10.722,14.544,2.7409,13.908,10.381,4.0768,2.3497,2.9132,4.1893,3.7832,11.564,4.5593,12.792,1.4803,12.152,11.374,13.384,11.426,11.412,4.653,7.5722,10.844,11.736,8.5821,11.178,4.0382,13.034,11.561,4.4791,11.876,4.8116,15.803,7.1871,3.7054,13.416,3.9621,12.926,12.354,3.3034,0.73,13.97,16.748,3.5576,3.1619,11.636,13.886,13.151,10.918,12.804,4.767,0.58423,13.082,13.552,4.1134,9.2699,7.7877,12.045,3.3964,12.078,2.5931,12.227,2.4413,11.613,11.398,4.6574,13.366,3.5374,3.036,11.427,11.807,6.469,2.3601,5.9523,14.493,13.008,14.21,6.5654,10.668,4.3125,14.152,5.0553,11.862,8.2493,5.4997,4.3039,5.1335,12.559,9.7616,12.176,8.3633,11.609,13.225,11.957,11.113,6.9885,12.857,11.154
14.95,6.7896,1.5094,2.6948,14.185,9.4846,2.8143,13.085,2.3724,5.8687,4.1724,3.6038,11.934,2.8321,3.2009,10.418,2.4954,10.002,10.118,19.308,11.532,2.1752,0,5.8861,9.9054,9.864,6.6506,4.6769,12.249,10.015,11.307,9.7139,3.0184,1.5469,13.833,10.524,5.3889,9.5046,4.0465,2.5129,9.984,1.6664,10.873,14.841,12.805,2.6825,9.1172,12.012,10.597,12.059,1.1554,10.97,9.659,11.088,1.3774,3.7487,10.948,7.4712,12.012,3.3052,3.037,11.721,10.041,3.1474,9.3507,3.222,7.0286,7.8739,9.1225,8.3704,10.15,9.7915,13.072,4.5403,11.219,6.4037,13.509,0.81825,3.2873,6.2289,3.3643,3.1983,4.4548,5.1071,0.2311,11.212,8.1086,2.333,4.6666,8.0605,7.7669,10.142,2.4592,12.444,7.3025,9.4883,13.241,11.874,13.497,9.3823,2.5524,5.7118,3.5049,8.805,14.198,3.3033,12.146,8.9173,5.4284,1.1225,2.8931,5.2287,5.1682,10.31,5.9343,12.143,2.6402,11.126,9.5587,11.598,9.6824,10.275,6.0216,8.9341,10.165,10.531,9.6982,9.5616,2.7265,11.278,10.19,5.3601,10.474,5.5351,15.052,8.2003,4.6616,12.701,4.4374,12.099,10.812,4.7184,1.7708,12.16,16.204,3.5733,4.4608,10.766,13.053,12.066,10.022,11.785,5.6339,2.5746,12.046,11.633,3.3749,10.644,8.3892,11.109,1.2237,10.502,3.2413,10.654,1.8438,10.485,9.9831,5.8131,12.527,1.5185,1.6934,9.6002,10.517,7.6446,3.8906,7.1444,12.854,12.185,12.777,7.553,9.7729,5.1143,13.744,6.1812,10.91,9.1687,6.5787,5.0525,6.3,11.97,8.5463,11.266,9.7961,10.473,12.289,10.358,9.6938,8.32,14.153,9.6493
12.403,2.0073,4.4274,3.2726,12.653,10.482,3.1466,11.807,3.5289,1.2919,1.8444,9.4136,11.094,3.2241,3.2208,9.8675,4.1014,12.381,12.07,15.88,10.272,4.4417,5.8861,0,10.432,10.543,2.5635,1.8295,14.797,9.8508,11.167,11.884,8.7214,5.0964,12.57,12.546,0.64614,12.034,1.8838,3.486,11.362,7.3672,12.079,12.135,11.489,3.3246,10.7,9.6515,12.966,12.309,7.0081,12.96,11.183,10.815,5.086,9.5388,11.514,2.187,12.805,2.5836,3.2172,9.4709,12.432,2.8932,9.6009,2.8018,1.6314,2.4698,12.051,3.3283,12.906,12.714,11.85,2.1818,11.076,1.8765,12.137,5.4827,2.8613,0.78409,2.6727,3.1156,1.8351,2.2011,5.7459,10.351,2.7973,4.6452,2.2026,2.5174,2.7893,9.2534,3.8709,12.146,2.203,3.6023,11.286,11.381,12.228,10.561,3.8464,1.703,2.6503,12.059,11.842,2.8486,14.5,10.462,0.4987,5.1474,3.6215,1.2051,0.71939,10.998,0.23173,10.788,3.2701,11.004,12.322,14.083,12.151,10.592,0.29545,3.1315,9.1022,11.035,4.2084,11.566,5.6029,13.666,11.275,1.5615,11.634,1.977,13.802,2.9693,1.5966,11.494,2.5179,11.278,12.43,1.1754,4.2969,14.71,14.298,3.4242,1.4292,10.201,12.173,12.043,9.6202,11.577,1.6222,3.8611,11.872,14.692,8.5518,4.8351,4.1048,10.709,6.8133,12.268,2.8231,12.397,4.4876,10.75,11.24,0.85853,11.704,7.3982,7.3038,12.404,11.3,2.1271,2.0922,1.6346,14.679,11.344,13.857,2.4502,9.4037,1.7607,11.586,1.0762,10.578,4.0643,1.4497,1.8857,1.0288,10.455,9.3356,10.77,3.9445,10.762,11.784,12.221,10.997,2.548,8.4164,11.249
7.2176,8.9864,10.046,10.201,5.2972,0.8355,9.2539,4.1827,9.4929,9.1871,9.3599,11.972,2.8743,10.429,8.4583,1.8572,8.2615,3.6197,2.7987,11.996,3.2904,11.095,9.9054,10.432,0,0.26744,8.2405,8.837,5.4143,1.2051,1.6439,3.0722,9.6965,10.977,4.7198,3.152,9.8814,3.7349,10.228,9.1326,1.6146,11.102,1.8524,7.3828,4.0434,9.1164,1.8494,5.255,3.905,2.1543,9.9071,3.3642,1.7896,1.6492,8.7307,10.297,1.1074,9.5721,2.3757,9.6887,8.6759,4.9677,3.6611,9.0759,0.86,9.1252,9.7375,9.8054,4.4457,9.2333,4.4917,4.6851,4.1044,8.5113,1.5819,8.8383,4.6006,9.1474,8.8802,9.8847,9.1163,8.6051,9.0025,8.2686,10.055,2.5501,9.6703,7.9842,8.42,10.109,9.1088,2.4385,8.5651,2.704,9.3051,12.214,5.2133,2.4163,4.4682,1.1462,8.4726,8.7458,8.9076,5.0433,6.4174,8.877,4.9432,1.8134,10.091,8.9915,8.3245,9.2821,10.146,0.5824,10.237,3.7108,9.9779,1.4942,4.2449,4.8004,3.6727,0.45945,10.235,11.164,2.7331,0.64149,10.477,2.6926,7.2118,4.3754,1.159,8.8781,1.4761,8.4558,5.7138,9.5397,9.1461,3.834,8.2014,2.9517,2.5432,10.175,10.367,5.3506,7.3563,7.8664,9.9045,1.9431,3.7041,2.2124,1.6177,2.0771,8.8162,10.966,2.274,6.0649,12.912,12.079,8.0478,1.8279,9.3027,2.6303,9.0366,2.6786,8.6675,0.65818,1.3829,9.5956,3.2485,10.176,11.243,4.3481,0.89811,9.9808,10.366,9.9126,4.5648,3.0329,3.4348,9.2989,1.6203,8.7196,5.8275,9.5427,1.6378,9.4685,9.446,8.6059,9.6772,3.8704,1.3591,2.0394,11.887,0.62927,2.7393,2.7417,1.3826,10.786,13.943,1.9322
7.4676,9.1314,10.045,10.231,5.5158,0.59772,9.2893,4.4106,9.5161,9.307,9.4333,11.861,3.1096,10.461,8.501,2.1246,8.2764,3.3523,2.5329,12.241,3.5525,11.1,9.864,10.543,0.26744,0,8.3856,8.9255,5.167,1.4705,1.8384,2.8051,9.5766,10.964,4.9285,2.8911,9.9845,3.4699,10.293,9.1588,1.3501,11.031,1.6457,7.6378,4.2803,9.1476,1.6017,5.5225,3.641,2.2087,9.8352,3.1127,1.5227,1.8793,8.7104,10.162,1.088,9.7295,2.294,9.7375,8.7152,5.2351,3.3938,9.1205,1.0469,9.172,9.8829,9.9702,4.1862,9.4145,4.2242,4.419,4.3293,8.5958,1.784,8.9741,4.824,9.1149,8.9283,10.009,9.1673,8.6489,9.0845,8.3696,10.018,2.8093,9.8417,7.9834,8.5081,10.275,9.2771,2.7015,8.5842,2.8559,9.4606,12.387,5.4664,2.624,4.6853,0.9005,8.4935,8.8634,8.9622,4.7893,6.6699,8.9256,4.701,1.5819,10.193,8.9688,8.3552,9.3845,10.242,0.47018,10.351,3.9643,10.008,1.7005,3.9799,4.5464,3.4061,0.67977,10.351,11.338,2.9951,0.67998,10.674,2.4266,7.1851,4.1193,0.91364,8.9856,1.2474,8.5692,5.8956,9.7144,9.2336,4.0677,8.2818,3.1796,2.3011,10.259,10.371,5.102,7.5644,7.9148,9.9832,2.2056,3.9032,2.3315,1.8815,2.2493,8.9314,10.984,2.4246,5.8016,12.835,12.276,8.2387,2.0685,9.2324,2.3736,9.0838,2.4266,8.666,0.85167,1.1194,9.7116,3.4606,10.096,11.175,4.0828,0.75752,10.139,10.426,10.059,4.3647,3.259,3.3145,9.4605,1.8751,8.8206,6.0798,9.6684,1.8843,9.6651,9.5825,8.7054,9.805,4.1309,1.3382,2.2791,12.071,0.81543,2.9279,2.4801,1.1156,10.951,14.177,1.6654
9.8724,0.74592,5.4907,4.6292,10.095,8.4175,3.9582,9.2666,4.4465,1.3348,2.8194,10.234,8.6086,4.712,3.4508,7.4607,4.2486,10.645,10.206,13.53,7.7517,5.9644,6.6506,2.5635,8.2405,8.3856,0,2.1048,13.013,7.5231,8.7937,10.103,8.98,6.4298,10.025,10.681,2.2887,10.371,3.5756,4.1918,9.3582,8.3032,9.9898,9.6195,8.9492,4.0319,8.8003,7.0916,11.196,9.9801,7.5981,11.064,9.2337,8.4279,5.4497,9.8463,9.2831,1.4276,10.581,3.7568,3.6176,6.9079,10.696,3.5948,7.3861,3.544,1.4973,1.7746,10.536,1.8125,11.277,11.157,9.3142,2.1357,8.7056,0.68991,9.5883,5.9931,3.4101,1.8271,3.4121,3.4548,2.3799,1.5463,6.5919,7.8786,1.8141,4.6438,1.9977,2.0797,1.2822,6.8084,4.2051,9.7193,1.1471,4.1962,8.7224,8.9397,9.6858,8.5452,4.1217,1.1243,3.2141,10.673,9.2924,3.3944,12.661,8.5669,2.467,5.6259,3.7859,1.8891,2.6893,8.8205,2.3328,8.2523,4.5045,8.6404,10.727,12.304,10.459,8.3404,2.2887,3.2142,6.634,8.8089,3.298,9.7481,5.2342,11.871,9.1899,1.5091,9.5532,1.1577,11.252,1.8036,2.2724,8.9627,2.2141,8.7921,10.444,3.0279,5.5319,12.93,11.737,3.1794,2.9796,7.7797,9.6663,9.6677,7.2522,9.18,1.2344,5.461,9.4726,13.096,9.8228,4.6514,1.8234,8.3017,7.2165,10.335,3.4963,10.451,4.8609,8.4788,9.2069,1.7472,9.2101,8.0186,8.2986,10.82,9.1322,1.8245,3.8196,1.674,12.669,8.8541,11.671,1.2566,7.0526,1.6519,9.026,1.495,8.1877,2.5702,1.2478,1.6675,1.5814,7.9104,7.2913,8.3445,4.0887,8.4963,9.3328,10.321,8.9919,2.6976,7.7999,9.3199
11.667,2.1164,3.4168,2.5259,11.588,8.8156,1.8939,10.651,2.3769,1.2121,0.74676,8.2807,9.8045,2.6182,1.5862,8.4736,2.4834,10.594,10.316,15.534,9.0726,3.8615,4.6769,1.8295,8.837,8.9255,2.1048,0,13.013,8.3711,9.7166,10.108,7.2612,4.3307,11.426,10.79,1.1856,10.234,1.6235,2.167,9.6614,6.297,10.412,11.453,10.337,1.9989,8.9649,8.7843,11.184,10.804,5.7057,11.211,9.462,9.385,3.6142,8.1105,9.9363,2.8018,11.211,1.6536,1.6768,8.5588,10.644,1.5393,8.0328,1.4752,2.3972,3.2095,10.232,3.7092,11.098,10.897,10.68,0.35587,9.6243,1.7359,11.015,4.1044,1.3902,1.74,1.3363,1.5311,0.28079,0.7087,4.5908,9.0475,3.4331,2.9882,0.41745,3.4173,3.1011,7.922,2.3343,10.751,2.6257,5.113,10.323,10.014,11.079,8.8717,2.2772,1.0471,1.1722,10.231,11.027,1.3743,12.73,8.7272,1.3681,3.7416,1.9843,0.67921,1.3384,9.3896,1.7229,9.6298,2.4001,9.5463,10.511,12.3,10.356,9.0378,1.7734,4.3858,7.8109,9.4579,5.0244,9.801,3.8559,11.887,9.6111,0.68316,9.9666,0.95004,12.676,3.5236,0.31078,10.311,0.69495,9.9884,10.716,1.349,3.435,12.926,13.375,1.6327,1.1233,8.8204,10.918,10.587,8.1848,10.151,0.96086,3.3689,10.444,12.877,7.7489,6.0637,3.927,9.3044,5.4015,10.535,1.4424,10.668,3.0005,9.2092,9.5527,1.2871,10.425,6.1194,6.2759,10.591,9.6818,3.0097,1.8452,2.5361,12.963,10.061,12.232,2.8765,7.9539,0.45698,10.697,1.5812,9.155,4.5121,1.9283,0.44482,1.7249,9.3344,7.6718,9.3892,5.2842,9.2174,10.429,10.477,9.2999,3.7684,9.5038,9.5208
