0,3.0625,48.32,1.0762,6.817,50.303,58.646,48.582,53.062,3.6448,44.053,3.6621,47.968,6.7986,49.705,59.28,57.387,51.518,57.893,41.826,52.706,5.5655,38.637,47.93,3.6311,50.456,4.8619,43.402,60.169,5.0035,9.8397,3.5697,2.286,47.355,42.768,6.2698,9.0475,8.9301,2.7515,47.387,47.98,9.8168,2.7042,4.2882,8.6937,48.343,46.494,3.629,41.275,11.359,46.914,61.873,9.5832,3.7695,9.1789,6.3653,2.8799,14.223,4.7959,9.8802,10.427,5.6253,49.067,7.2331,12.603,6.8009,47.494,52.951,3.8958,2.5114,6.3581,3.6974,50.36,48.744,46.733,44.486,46.583,1.5026,47.509,44.592,50.863,6.9069,6.7432,38.639,4.6821,52.582,2.4133,44.194,46.743,6.3449,56.273,45.204,2.6224,52.547,55.98,1.4436,48.762,0.68157,57.184,2.4254,48.306,45.35,4.4206,44.857,51.468,8.5312,1.0894,5.3395,44.705,51.383,4.7575,38.571,7.5436,5.4198,1.9839,49.169,50.292,49.657,7.0877,4.9256,5.6669,47.767,42.146,43.749,35.966,43.486,7.4777,8.9853,47.713,40.181,44.168,9.6093,47.351,48.305,7.3016,52.058,7.261,46.064,5.5781,4.3491,50.761,46.761,48.909,5.9955,4.3581,13.03,41.405,9.2024,43.024,45.642,6.0042,3.91,3.4467,3.5569,8.2428,50.003,8.7707,2.2679,48.573,48.413,47.642,54.34,3.6873,52.578,4.694,40.328,37.32,45.062,4.1708,6.8941,6.6796,3.6067,53.226,48.546,49.469,5.9067,11.876,2.5191,5.8682,49.961,4.4261,53.636,4.774,45.965,4.8272,2.3512,47.157,57.506,51.957,56.294,2.5415,2.2281,44.577,4.6289,45.145,49.695,56.978,7.7338,6.2433,7.2576
3.0625,0,48.111,3.0216,7.5568,50.137,58.264,48.284,52.999,3.616,43.886,2.2057,47.538,7.5512,49.26,59.023,57.07,51.185,57.596,41.721,52.458,2.9679,38.301,47.693,1.9422,49.925,1.8211,43.018,59.893,1.9719,10.6,2.3518,1.9276,47.314,42.365,4.8451,8.7243,6.1714,1.3062,47.007,47.597,7.916,1.1485,4.0389,7.2494,48.284,45.896,0.66875,41.072,11.161,46.834,61.723,9.6681,1.4837,9.1031,6.2698,4.5516,15.242,3.6334,8.9293,9.7268,4.2577,48.783,6.6493,11.385,7.7954,47.013,52.517,2.8811,3.2532,8.3272,6.7581,50.407,48.482,46.17,44.331,46.623,2.9306,46.967,44.263,50.871,5.0667,4.7637,38.12,4.4594,52.155,2.2601,44.222,46.731,4.963,55.887,44.94,2.7332,52.193,55.712,1.6199,48.273,2.8327,57.043,2.3848,47.978,45.333,5.398,44.285,51.316,7.6494,3.4145,5.2225,44.352,51.071,2.0733,38.011,6.7142,5.5839,4.5506,48.622,50.092,49.26,5.1595,3.3879,4.5045,47.604,41.544,43.508,35.785,43.23,5.5184,7.4777,47.498,39.936,43.678,10.322,47.4,47.966,4.3818,51.824,7.8201,45.764,5.9072,1.4216,50.63,46.315,48.737,2.9839,1.8037,12.063,41.232,6.311,42.777,45.354,4.4266,5.1276,4.3523,3.7968,7.9733,49.867,8.8381,4.7027,48.482,48.003,47.127,53.992,2.6879,52.068,3.9279,40.024,37.207,45.016,3.0618,6.9219,3.7581,3.9435,52.968,48.108,49.256,4.4888,12.303,5.2748,4.7409,49.379,5.1066,53.54,5.2245,45.422,7.1958,0.96586,47.044,56.909,51.598,56.103,0.90715,0.86538,44.329,3.9122,45.095,49.242,56.749,6.9627,7.2304,7.8162
48.32,48.111,0,49.344,55.122,2.1202,10.677,1.4357,5.3895,44.905,4.2948,45.917,3.513,55.106,3.9877,10.973,9.2062,3.7433,9.6563,6.6226,4.4165,50.19,9.9157,0.59811,46.17,5.5803,47.727,5.6543,11.879,47.636,38.731,45.803,46.741,2.7591,6.3486,52.813,39.445,45.006,49.308,2.862,2.7744,54.971,49.14,52.022,41.183,2.3694,6.373,47.708,7.0467,59.266,2.4078,13.627,57.688,49.517,57.17,54.293,51.192,62.436,44.478,39.26,57.783,52.294,1.3953,54.76,59.012,55.119,4.3667,5.8599,50.977,45.883,54.174,48.993,4.6536,0.93794,5.782,3.8962,4.1779,49.685,5.3223,4.2095,4.4009,43.454,52.313,10.778,52.458,5.4995,46.425,5.3598,3.3992,43.228,8.428,3.2582,50.388,4.7939,7.7003,48.159,4.466,47.68,8.9762,50.04,1.8756,4.11,43.928,6.638,3.3094,55.695,49.407,53.219,4.287,3.4484,49.55,11.104,41.399,53.476,50.018,5.4561,1.9823,3.2594,43.477,51.435,43.613,0.89942,8.6345,4.6158,12.354,4.9106,52.94,41.046,0.61834,8.1789,6.0462,57.928,4.1095,2.0607,46.435,3.7509,55.535,2.7009,53.724,48.8,2.7759,4.0572,0.83509,48.858,46.61,36.269,6.9201,45.752,5.3487,2.9783,43.81,44.47,51.696,51.536,40.23,2.0799,56.854,50.344,1.8835,3.192,4.894,6.3936,50.771,6.4522,52.028,8.1599,11.038,4.0337,51.171,54.917,46.614,44.803,4.9526,3.6432,1.149,52.489,60.16,50.105,52.818,6.1845,52.659,5.6942,52.939,5.7468,52.369,48.713,1.8564,11.223,4.3328,7.9922,48.807,48.345,3.8097,52.005,3.9299,4.1188,8.6583,55.053,42.223,41.088
1.0762,3.0216,49.344,0,5.7789,51.332,59.652,49.597,54.102,4.5437,45.081,4.2255,48.966,5.7618,50.701,60.301,58.401,52.529,58.91,42.859,53.727,5.0331,39.644,48.951,4.1253,51.441,4.828,44.405,61.188,4.9836,10.91,4.1888,2.9307,48.396,43.769,5.351,10.009,9.1558,2.2624,48.391,48.984,8.9385,2.2805,3.2517,9.4242,49.382,47.468,3.6719,42.298,10.282,47.952,62.906,8.5111,3.2828,8.103,5.2914,1.9275,13.265,5.51,10.737,9.3664,4.7165,50.084,6.1797,11.582,5.7969,48.485,53.949,3.0197,3.4734,5.611,4.0211,51.408,49.763,47.712,45.515,47.63,0.45391,48.491,45.602,51.908,7.4991,5.9429,39.622,3.6321,53.582,3.1516,45.24,47.786,7.0537,57.278,46.222,1.6613,53.555,56.999,1.6308,49.753,1.6663,58.217,1.5566,49.317,46.392,5.4783,45.835,52.499,7.4945,0.40884,4.2722,45.712,52.396,4.3154,39.548,8.4005,4.3437,1.529,50.152,51.317,50.659,7.6555,4.0902,6.4122,48.796,43.119,44.769,36.99,44.504,6.6525,9.7022,48.737,41.2,45.157,8.586,48.399,49.315,7.4018,53.08,6.2084,47.078,4.5036,4.0735,51.794,47.757,49.938,5.7239,4.6227,13.902,42.432,9.3298,44.043,46.657,6.6526,4.9771,2.3791,2.4961,9.2059,51.035,7.6968,1.6964,49.609,49.414,48.629,55.349,2.8313,53.566,3.7133,41.339,38.352,46.101,3.2904,5.8178,6.7773,4.568,54.246,49.544,50.493,4.998,10.83,2.2637,4.9055,50.939,3.3581,54.672,3.6993,46.947,4.2595,2.1079,48.191,58.483,52.965,57.322,2.2542,2.166,45.596,3.6431,46.184,50.691,58.001,6.6925,7.3138,8.3077
6.817,7.5568,55.122,5.7789,0,57.111,65.418,55.37,59.878,10.259,50.86,9.5438,54.724,0.03328,56.458,66.077,64.173,58.3,64.684,48.638,59.504,7.1282,45.413,54.728,9.3477,57.182,8.769,50.169,66.963,8.9213,16.622,9.5922,8.4858,54.172,49.53,4.7981,15.747,13.167,6.2506,54.157,54.749,7.2392,6.4103,3.6108,14.773,55.159,53.194,8.1475,48.076,4.9709,53.729,68.684,3.0611,6.5387,2.9444,2.0518,3.9879,7.6865,10.966,16.313,4.9627,4.7284,55.858,3.0638,7.6905,0.6374,54.235,59.708,4.8855,9.2416,3.2615,7.5047,57.176,55.538,53.446,51.294,53.4,5.4417,54.23,51.372,57.68,12.622,6.0352,45.363,3.2592,59.341,8.7747,51.011,53.56,12.434,63.044,51.997,4.9008,59.324,62.775,7.0474,55.501,7.4443,63.995,5.2651,55.088,52.166,11.236,51.566,58.278,4.1422,5.7393,2.6201,51.479,58.169,7.1364,45.28,14.005,2.107,5.3346,55.889,57.096,56.423,12.716,5.1643,11.881,54.575,48.842,50.545,42.769,50.28,6.211,15.014,54.514,46.976,50.905,2.8238,54.167,55.085,11.219,58.858,0.57233,52.851,1.7238,7.5736,57.573,53.513,55.716,8.6264,9.3403,19.482,48.211,12.997,49.819,52.43,11.937,10.715,3.4378,3.7705,14.947,56.814,2.4117,5.0227,55.387,55.175,54.372,61.119,5.0107,59.312,4.0499,47.111,44.131,51.877,4.8387,1.675,10.684,10.328,60.022,55.301,56.271,4.7931,5.0609,5.5413,4.2405,56.669,2.5063,60.45,2.3323,52.685,4.2756,6.7223,53.969,64.211,58.733,63.1,6.6931,7.0482,51.372,4.0143,51.961,56.446,63.779,3.5889,13.032,14.075
50.303,50.137,2.1202,51.332,57.111,0,9.0849,2.7869,3.3092,46.908,6.2536,47.94,4.9048,57.094,4.6146,9.0816,7.494,3.0144,7.8779,8.5002,2.7364,52.24,12.009,2.6635,48.195,6.0272,49.774,7.7639,10.011,49.685,40.676,47.823,48.749,3.5041,8.4601,54.852,41.457,47.09,51.326,4.5579,4.2481,57.038,51.159,54.034,43.237,2.5731,7.9377,49.741,9.0682,61.287,3.6135,11.586,59.697,51.549,59.184,56.306,53.172,64.394,46.504,41.303,59.82,54.329,2.3151,56.786,61.071,57.099,5.8382,5.1768,52.999,47.876,56.118,50.916,3.5027,2.2387,7.3365,5.817,4.8685,51.677,6.7182,6.3236,2.9491,45.505,54.364,12.898,54.47,4.8912,48.43,6.7088,4.2574,45.266,7.0003,5.3741,52.394,3.8185,5.9003,50.163,5.5069,49.667,6.9096,52.047,3.329,5.4084,45.903,8.4794,1.1954,57.732,51.389,55.231,6.3857,2.6222,51.593,13.219,43.428,55.482,51.985,6.3564,0.55798,3.8477,45.531,53.469,45.643,2.5362,10.657,6.6955,14.355,7.0007,54.995,43.103,2.731,10.234,8.0427,59.912,4.4521,3.4823,48.506,2.0674,57.528,4.7979,55.726,50.841,0.73831,5.7733,1.4018,50.917,48.648,38.326,8.9066,47.839,7.4264,5.0955,45.85,46.442,53.689,53.54,42.239,0.56943,58.863,52.311,2.0787,4.4293,6.2805,5.0254,52.792,6.163,54.049,10.252,12.985,5.5107,53.195,56.927,48.679,46.798,3.2752,4.7946,1.1434,54.526,62.154,52.06,54.85,6.8537,54.654,3.5745,54.939,7.4681,54.31,50.729,3.2306,10.323,3.5843,5.9971,50.825,50.36,5.9053,54.026,5.4118,4.7602,6.7357,57.085,44.184,43.062
58.646,58.264,10.677,59.652,65.418,9.0849,0,10.131,7.9536,55.167,14.925,56.088,10.74,65.403,9.0453,2.5016,1.7401,7.158,1.7512,17.279,6.358,60.201,20.009,10.94,56.332,8.6906,57.764,15.252,2.5948,57.664,49.182,55.989,56.979,12.573,15.9,62.885,49.683,54.772,59.49,11.263,10.671,64.852,59.323,62.227,51.203,11.597,12.815,57.828,17.527,69.422,12.686,5.6438,67.9,59.638,67.36,64.496,61.525,72.824,54.643,49.352,67.859,62.391,9.6857,64.9,68.94,65.445,11.336,5.8034,61.143,56.18,64.605,59.479,11.093,10.065,12.405,14.555,13.871,59.977,11.562,14.061,10.295,53.481,62.314,20.201,62.662,6.145,56.672,15.79,13.323,53.333,2.3776,13.534,60.626,6.1086,3.3683,58.409,10.119,57.995,4.7397,60.272,10.36,14.489,54.286,14.258,8.1801,65.774,59.735,63.427,13.942,7.3391,59.604,20.367,51.556,63.709,60.391,10.003,8.8742,9.0044,53.483,61.542,53.76,11.422,17.006,15.014,22.791,15.247,62.911,51.042,11.23,18.532,14.651,68.236,13.332,10.35,56.305,7.0387,65.811,12.623,63.972,58.872,8.9506,11.974,10.307,58.816,56.701,46.283,17.47,55.474,15.718,13.06,53.903,54.836,61.982,61.778,50.478,9.5694,67.066,60.717,11.148,10.264,11.317,4.3359,60.943,6.5671,62.192,18.331,21.595,14.56,61.325,65.131,56.531,55.091,5.814,10.181,9.5724,62.573,70.428,60.513,62.928,9.4847,62.936,7.1538,63.198,13.062,62.808,58.911,12.258,4.2989,6.6922,4.2323,58.994,58.548,14.187,62.174,14.458,9.0796,3.304,65.162,52.625,51.457
48.582,48.284,1.4357,49.597,55.37,2.7869,10.131,0,6.0367,45.131,4.8882,46.097,2.1871,55.354,2.576,10.747,8.8048,2.9773,9.3154,7.2449,4.2341,50.3,9.9842,1.153,46.346,4.1726,47.847,5.3821,11.61,47.752,39.07,45.99,46.955,4.173,6.0745,52.951,39.655,45.017,49.495,1.7773,1.4826,55.032,49.327,52.221,41.291,3.7945,5.1797,47.865,7.3967,59.445,3.7429,13.629,57.893,49.676,57.364,54.493,51.459,62.739,44.655,39.399,57.925,52.443,0.54187,54.93,59.093,55.383,3.0985,4.8572,51.157,46.128,54.502,49.36,5.9071,0.60121,4.5788,4.5804,5.5659,49.929,4.0222,4.0357,5.5397,43.567,52.42,10.538,52.657,4.4778,46.643,6.4883,4.7751,43.376,7.7954,3.4026,50.604,4.0437,7.4344,48.38,3.0444,47.936,9.0944,50.252,0.54467,5.3119,44.207,5.7046,3.8045,55.837,49.671,53.42,3.9929,2.8039,49.678,10.807,41.57,53.69,50.309,4.0249,2.3717,1.8861,43.581,51.588,43.781,2.2663,7.9913,4.8832,12.667,5.1182,53.035,41.144,1.5499,8.414,5.3703,58.183,5.5387,0.71112,46.486,3.6633,55.772,2.5206,53.946,48.936,3.5251,2.9873,2.0397,48.946,46.753,36.37,7.3506,45.747,5.5888,2.9412,43.952,44.754,51.937,51.754,40.446,3.0166,57.059,50.635,3.2863,1.7948,3.585,5.7955,50.954,5.2397,52.207,8.2625,11.468,5.1413,51.346,55.122,46.684,45.042,4.713,2.232,1.6619,52.632,60.394,50.417,52.973,4.7502,52.896,6.166,53.166,4.6813,52.703,48.908,3.1822,10.193,3.4923,7.9823,48.997,48.542,4.0573,52.187,5.0401,2.702,8.5191,55.209,42.53,41.374
53.062,52.999,5.3895,54.102,59.878,3.3092,7.9536,6.0367,0,49.717,9.2139,50.797,8.0334,59.86,7.3275,7.084,6.2136,4.9288,6.3526,11.283,3.2329,55.165,15.119,5.9575,51.057,8.4269,52.693,11.042,8.0308,52.608,43.36,50.673,51.567,5.7093,11.735,57.746,44.294,50.115,54.171,7.8127,7.4414,60.008,54.005,56.861,46.177,4.7198,11.064,52.621,12.056,64.13,6.1658,8.9243,62.512,54.425,62.013,59.13,55.921,67.083,49.368,44.215,62.706,57.212,5.5234,59.644,64.018,59.846,8.9669,6.4418,55.85,50.66,58.785,53.54,3.2299,5.5259,10.469,8.7492,6.6433,54.456,9.7764,9.595,2.4757,48.437,57.29,16.143,57.298,6.3284,51.244,8.9401,6.3513,48.163,6.5293,8.5922,55.206,5.0655,4.6162,52.972,8.408,52.435,4.3239,54.862,6.5648,7.7282,48.649,11.739,2.2407,60.618,54.144,58.055,9.6759,4.6159,54.501,16.481,46.303,58.291,54.705,9.1001,3.6651,6.6475,48.471,56.349,48.518,5.5939,13.965,9.8187,17.249,10.14,57.933,46.054,5.9781,13.269,11.349,62.667,5.9451,6.7002,51.493,3.1449,60.307,8.0885,58.525,53.742,2.614,9.0108,4.5907,53.867,51.544,41.282,11.84,50.876,10.536,8.3614,48.751,49.181,56.468,56.347,45.068,3.3338,61.679,55.032,4.5307,7.5152,9.3485,5.1333,55.64,7.7619,56.899,13.367,15.794,8.0005,56.052,59.744,51.649,49.59,3.3999,7.8117,4.444,57.416,64.931,54.753,57.726,9.3736,57.438,0.80175,57.733,10.684,56.971,53.567,5.9913,10.527,5.2387,3.912,53.668,53.195,9.0694,56.874,7.9172,7.4645,4.8559,59.958,46.9,45.808
3.6448,3.616,44.905,4.5437,10.259,46.908,55.167,45.131,49.717,0,40.655,1.7437,44.467,10.245,46.2,55.849,53.932,48.054,54.446,38.454,49.277,6.4824,35.165,44.504,2.0196,46.924,4.4071,39.915,56.731,4.4495,6.9867,1.4971,1.8666,44.018,39.274,8.4165,5.4875,6.7682,4.5594,43.904,44.496,11.52,4.4009,7.1569,5.1854,44.998,42.94,3.5518,37.859,14.44,43.558,58.49,12.795,5.0904,12.302,9.4191,6.466,17.807,1.6026,6.2369,13.184,7.8039,45.622,10.021,14.975,10.324,43.976,49.451,6.2393,1.1777,9.9952,6.2956,47.07,45.307,43.189,41.093,43.287,4.8288,43.971,41.126,47.552,3.805,8.3771,35.104,7.5926,49.085,1.5309,40.89,43.42,2.9642,52.791,41.765,5.4885,49.076,52.544,3.2557,45.242,2.9633,53.803,5.146,44.843,42.024,1.9589,41.31,48.081,11.138,4.7016,8.3436,41.23,47.928,5.6061,35.024,3.9026,8.5747,5.6003,45.631,46.882,46.169,4.0412,6.944,2.2414,44.373,38.589,40.318,32.556,40.049,9.1292,5.495,44.296,36.747,40.646,13.082,44.06,44.838,5.7594,48.634,10.645,42.611,8.8183,4.8473,47.383,43.254,45.511,5.9714,3.1195,9.3853,38.003,7.3315,39.59,42.193,2.8283,1.9295,6.8215,6.6319,4.6892,46.622,11.962,5.9001,45.212,44.919,44.113,50.871,6.0189,49.053,7.2687,36.869,33.942,41.721,6.4723,10.028,5.2606,0.47006,49.793,45.043,46.053,8.0516,15.264,6.0088,8.2401,46.413,7.7697,50.275,8.0357,42.427,8.4027,3.9257,43.785,53.956,48.484,52.891,4.0599,3.5482,41.144,7.2321,41.802,46.187,53.558,10.407,3.6584,4.2073
44.053,43.886,4.2948,45.081,50.86,6.2536,14.925,4.8882,9.2139,40.655,0,41.688,5.4731,50.843,6.9627,15.263,13.491,7.8302,13.949,2.3614,8.7112,46.003,5.9555,3.985,41.944,8.3904,43.535,3.1953,16.172,43.447,34.444,41.57,42.495,3.8523,3.6358,48.607,35.204,40.905,45.074,4.531,5.0133,50.82,44.907,47.781,37.004,4.6416,6.7648,43.493,2.8428,55.035,3.1788,17.838,53.443,45.3,52.931,50.052,46.923,58.155,40.253,35.061,53.574,48.082,5.2691,50.535,54.844,50.85,5.7277,9.7313,46.747,41.624,49.888,44.701,7.2102,4.8653,6.3795,0.47343,4.0382,45.425,6.5017,2.3988,7.4123,39.27,48.128,7.3441,48.217,9.3491,42.176,2.8027,3.6005,39.021,12.63,1.8004,46.14,8.9035,11.995,43.91,6.6778,43.416,13.156,45.793,4.8255,2.5868,39.656,5.9331,7.43,51.485,45.139,48.977,2.749,7.6024,45.352,7.7734,37.178,49.228,45.741,7.6143,6.2462,6.5207,39.299,47.221,39.394,3.7186,6.506,1.1224,8.1023,1.4089,48.763,36.875,3.7089,4.0601,4.666,53.662,4.6856,4.9111,42.296,8.0451,51.276,2.7641,49.472,44.597,6.7511,4.8787,4.8567,44.689,42.403,32.099,2.6539,41.664,1.5635,2.3415,39.606,40.196,47.436,47.286,35.986,5.9871,52.61,46.067,4.7006,5.6139,6.2475,10.604,46.54,9.9539,47.798,4.237,6.7477,2.0613,46.944,50.673,42.461,40.546,9.2461,5.9909,5.4402,48.28,55.902,45.823,48.602,8.5572,48.402,9.6892,48.686,5.8058,48.081,44.476,3.2314,15.024,8.3708,12.241,44.573,44.107,1.2605,47.774,2.0528,7.0358,12.939,50.836,37.943,36.815
3.6621,2.2057,45.917,4.2255,9.5438,47.94,56.088,46.097,50.797,1.7437,41.688,0,45.366,9.5345,47.09,56.834,54.886,49.002,55.41,39.519,50.268,4.8507,36.116,45.501,0.29552,47.768,2.6677,40.839,57.706,2.7063,8.5448,0.25033,1.3798,45.111,40.189,7.032,6.5186,5.5,3.4032,44.829,45.419,9.9377,3.2353,6.1518,5.2584,46.081,43.749,1.9393,38.876,13.35,44.632,59.525,11.818,3.6657,11.271,8.4135,6.0913,17.213,1.4458,6.7925,11.932,6.4565,46.595,8.8479,13.543,9.7102,44.848,50.346,5.0609,2.1001,9.8348,7.0318,48.202,46.292,44.017,42.132,44.418,4.3587,44.811,42.078,48.666,3.2755,6.84,35.958,6.5831,49.984,1.3515,42.016,44.527,2.8963,53.711,42.749,4.6432,50.013,53.524,2.6231,46.109,3.0718,54.844,4.279,45.794,43.129,3.7009,42.133,49.118,9.8536,4.5138,7.3495,42.17,48.886,4.0042,35.855,4.5325,7.667,5.5985,46.467,47.897,47.084,3.4404,5.5866,2.347,45.407,39.396,41.315,33.586,41.039,7.5764,5.5199,45.304,37.743,41.513,12.35,45.194,45.783,4.2042,49.632,9.8586,43.577,7.9627,3.222,48.43,44.145,46.54,4.234,1.3814,9.951,39.034,5.936,40.584,43.165,2.4412,3.616,6.1775,5.7844,5.7701,47.668,10.985,5.8457,46.28,45.828,44.967,51.811,4.8572,49.908,6.1115,37.836,35.005,42.812,5.2561,9.0555,3.6524,2.1876,50.778,45.937,47.062,6.6812,14.41,6.1807,6.9461,47.231,7.0438,51.339,7.2298,43.265,8.4373,2.8439,44.843,54.765,49.418,53.908,2.9111,2.4994,42.137,6.0903,42.891,47.073,54.557,9.1682,5.3658,5.7636
47.968,47.538,3.513,48.966,54.724,4.9048,10.74,2.1871,8.0334,44.467,5.4731,45.366,0,54.709,1.7463,11.795,9.6773,3.9249,10.253,7.6406,5.6838,49.461,9.3843,3.0296,45.607,2.9403,47.026,4.5966,12.579,46.925,38.589,45.269,46.271,6.0639,5.2039,52.148,38.98,44.046,48.769,0.96118,0.74007,54.117,48.601,51.509,40.465,5.8662,3.0393,47.097,7.3649,58.693,5.4921,14.904,57.182,48.907,56.636,53.777,50.848,62.166,43.921,38.621,57.122,51.656,2.5937,54.17,58.202,54.762,0.93641,4.9836,50.418,45.493,53.978,48.902,8.0914,2.7879,2.4401,5.3363,7.3442,49.285,1.8352,3.6583,7.7233,42.743,51.574,9.4643,51.943,4.6183,45.967,7.7309,6.5498,42.602,8.3642,3.6805,49.916,4.786,8.5496,47.703,1.2135,47.313,10.587,49.561,1.6615,6.7423,43.626,3.8551,5.7982,55.038,49.057,52.709,3.4331,3.9715,48.867,9.6454,40.833,52.997,49.734,2.2025,4.4274,1.7865,42.745,50.808,43.035,4.1862,6.4398,5.0006,12.355,5.1103,52.171,40.303,3.3644,8.1412,3.9389,57.544,7.459,1.4812,45.569,5.2693,55.111,2.7133,53.264,48.136,5.6381,1.2418,4.2122,48.076,45.967,35.545,7.445,44.754,5.5641,3.1332,43.17,44.18,51.287,51.069,39.778,5.1881,56.348,50.059,5.3963,0.54824,1.3981,6.5603,50.219,4.76,51.466,7.7967,11.371,6.4355,50.598,54.414,45.793,44.4,6.0517,0.59097,3.8214,51.837,59.723,49.875,52.195,3.1118,52.236,8.0482,52.493,2.7035,52.19,48.193,4.9603,9.8897,4.1899,9.3736,48.274,47.831,4.3049,51.449,6.3461,1.7577,9.7436,54.428,41.994,40.807
6.7986,7.5512,55.106,5.7618,0.03328,57.094,65.403,55.354,59.86,10.245,50.843,9.5345,54.709,0,56.443,66.061,64.157,58.284,64.668,48.62,59.488,7.1359,45.397,54.712,9.3393,57.168,8.769,50.154,66.947,8.9215,16.601,9.5821,8.4735,54.154,49.515,4.8142,15.732,13.17,6.245,54.141,54.733,7.2665,6.4044,3.6108,14.765,55.141,53.18,8.1433,48.06,5.0011,53.711,68.667,3.091,6.5383,2.9768,2.0711,3.9668,7.693,10.956,16.302,4.996,4.7405,55.842,3.0899,7.7237,0.60866,54.221,59.693,4.8859,9.2255,3.2289,7.475,57.157,55.522,53.432,51.277,53.381,5.4262,54.216,51.356,57.661,12.616,6.0515,45.349,3.2617,59.326,8.7616,50.993,53.541,12.425,63.028,51.981,4.8919,59.309,62.759,7.0351,55.487,7.427,63.978,5.2562,55.072,52.148,11.217,51.552,58.261,4.1726,5.7203,2.6274,51.464,58.153,7.14,45.266,13.993,2.1118,5.3106,55.875,57.079,56.408,12.71,5.1715,11.871,54.558,48.829,50.529,42.752,50.263,6.2307,15.007,54.498,46.959,50.891,2.8372,54.148,55.069,11.222,58.841,0.60443,52.835,1.727,7.5743,57.555,53.498,55.699,8.6323,9.3358,19.471,48.194,13.003,49.803,52.414,11.929,10.696,3.4236,3.7633,14.933,56.796,2.4439,4.9983,55.369,55.16,54.358,61.103,5.0098,59.298,4.0551,47.095,44.113,51.86,4.841,1.7014,10.686,10.313,60.006,55.286,56.254,4.807,5.0805,5.5144,4.2547,56.655,2.4952,60.432,2.3267,52.671,4.243,6.7146,53.952,64.197,58.718,63.083,6.6862,7.0395,51.356,4.0189,51.943,56.431,63.763,3.6168,13.012,14.056
49.705,49.26,3.9877,50.701,56.458,4.6146,9.0453,2.576,7.3275,46.2,6.9627,47.09,1.7463,56.443,0,10.231,8.066,2.6195,8.6589,9.2233,4.5239,51.169,11.13,3.7156,47.331,1.5966,48.736,6.3428,10.978,48.635,40.335,46.995,48.002,6.743,6.9473,53.861,40.713,45.726,50.494,2.5083,1.9616,55.808,50.326,53.236,42.176,6.2897,4.0864,48.816,9.0513,60.413,6.3152,13.423,58.907,50.625,58.36,55.502,52.584,63.906,45.645,40.34,58.834,53.371,2.6517,55.889,59.898,56.497,2.3022,3.2576,52.14,47.228,55.721,50.647,8.0798,3.0625,3.5621,6.756,8.1419,51.019,2.734,5.3599,7.5636,44.454,53.279,11.162,53.669,2.9024,47.698,8.9414,7.351,44.321,6.6781,5.2226,51.646,3.2648,7.0587,49.434,1.2052,49.049,9.2839,51.29,2.3093,7.8242,45.366,5.3001,5.2005,56.751,50.794,54.435,5.1565,2.8075,50.579,11.321,42.558,54.725,51.474,1.7782,4.0638,0.77793,44.453,52.525,44.757,4.8415,8.0039,6.6266,14.093,6.7682,53.873,42.012,4.11,9.868,5.6064,59.278,8.0958,2.1632,47.262,4.2758,56.842,4.2256,54.993,49.85,5.2779,2.9458,4.4337,49.778,47.684,37.258,9.1059,46.43,7.2322,4.6753,44.888,45.92,53.02,52.799,41.511,5.0513,58.073,51.799,5.7527,1.3877,2.3879,4.9656,51.942,3.0479,53.188,9.5386,13.084,7.6025,52.319,56.14,47.49,46.135,4.785,1.1597,3.7684,53.551,61.453,51.617,53.911,2.2623,53.969,7.1792,54.223,4.0963,53.933,49.919,5.7551,8.1806,2.7015,8.0239,49.999,49.558,5.8783,53.172,7.5048,0.14555,8.2875,56.144,43.736,42.548
59.28,59.023,10.973,60.301,66.077,9.0816,2.5016,10.747,7.084,55.849,15.263,56.834,11.795,66.061,10.231,0,2.2341,7.9254,1.6081,17.561,6.5735,61.047,20.729,11.35,57.084,10.225,58.594,16.087,0.95123,58.499,49.704,56.724,57.679,12.397,16.766,63.696,50.38,55.743,60.23,12.147,11.578,65.772,60.062,62.952,52.038,11.383,14.228,58.608,18.008,70.183,12.655,3.3817,68.622,60.418,68.097,65.224,62.154,73.407,55.392,50.144,68.67,63.187,10.241,65.67,69.838,66.08,12.52,7.1942,61.894,56.837,65.147,59.964,10.313,10.543,13.755,14.849,13.55,60.638,12.909,14.781,9.5559,54.314,63.167,21.185,63.388,7.4636,57.365,15.686,13.118,54.12,3.9206,14.086,61.327,7.0098,3.3128,59.101,11.396,58.638,2.9983,60.977,11.082,14.403,54.892,15.531,7.9899,66.583,60.368,64.15,14.717,7.9883,60.425,21.405,52.309,64.415,60.986,11.478,9.0209,10.009,54.328,62.331,54.521,11.588,18.217,15.532,23.316,15.8,63.781,51.891,11.574,19.103,15.728,68.886,12.915,11.113,57.225,7.2249,66.485,13.264,64.667,59.682,8.7521,13.033,10.439,59.691,57.498,47.117,17.892,56.466,16.259,13.67,54.697,55.436,62.648,62.477,51.169,9.4688,67.788,61.312,11.018,11.274,12.604,5.2653,61.69,8.2522,62.945,18.999,22.01,14.563,62.084,65.851,57.427,55.753,6.0567,11.288,9.8247,63.377,71.109,61.076,63.716,11.118,63.61,6.3098,63.885,14.327,63.342,59.64,12.308,6.7968,7.6055,3.2057,59.73,59.273,14.706,62.924,14.467,10.296,2.3521,65.952,53.193,52.054
57.387,57.07,9.2062,58.401,64.173,7.494,1.7401,8.8048,6.2136,53.932,13.491,54.886,9.6773,64.157,8.066,2.2341,0,5.8873,0.62792,15.829,4.8093,59.056,18.772,9.5197,55.134,7.997,56.609,14.068,2.9124,56.512,47.865,54.782,55.753,10.952,14.736,61.72,48.454,53.698,58.286,10.093,9.5124,63.75,58.118,61.016,50.05,9.9618,12.025,56.646,16.164,68.231,11.107,5.5975,66.688,58.456,66.156,63.287,60.264,71.542,53.443,48.174,66.695,61.218,8.3256,63.713,67.826,64.188,10.365,4.9714,59.945,54.932,63.302,58.148,9.3608,8.6702,11.563,13.102,12.218,58.732,10.716,12.809,8.5649,52.327,61.173,19.117,61.451,5.2528,55.443,14.2,11.697,52.153,1.7268,12.193,59.402,4.906,1.6504,57.179,9.2137,56.74,3.2809,59.05,9.0921,12.9,53.012,13.36,6.529,64.609,58.476,62.215,12.72,6.0044,58.444,19.317,50.357,62.488,59.113,9.2589,7.332,7.8986,52.336,60.365,52.566,9.905,16.069,13.662,21.459,13.913,61.78,49.896,9.7826,17.215,13.616,66.987,11.657,9.1048,55.202,5.4899,64.574,11.323,62.745,57.706,7.3038,10.919,8.7709,57.687,55.528,45.128,16.081,54.414,14.38,11.746,52.727,53.559,60.74,60.553,49.246,7.9532,65.854,59.439,9.5333,9.1689,10.423,3.1171,59.743,6.0195,60.995,17.063,20.21,12.999,60.132,63.918,55.414,53.845,4.265,9.1511,8.0761,61.405,69.195,59.219,61.751,8.8849,61.698,5.4137,61.967,12.156,61.501,57.701,10.704,5.2898,5.5054,2.5503,57.788,57.336,12.833,60.976,12.899,8.1235,1.6879,63.986,51.332,50.178
51.518,51.185,3.7433,52.529,58.3,3.0144,7.158,2.9773,4.9288,48.054,7.8302,49.002,3.9249,58.284,2.6195,7.9254,5.8873,0,6.4282,10.192,1.9134,53.169,12.89,3.8771,49.248,3.5027,50.722,8.1826,8.7474,50.625,42.029,48.898,49.874,6.1989,8.8537,55.833,42.575,47.828,52.402,4.2217,3.6529,57.87,52.234,55.133,44.163,5.4185,6.679,50.759,10.373,62.345,6.0558,10.983,60.806,52.569,60.272,57.404,54.397,65.685,47.558,42.287,60.808,55.331,2.5612,57.827,61.943,58.319,4.7385,2.2021,54.06,49.059,57.457,52.324,6.4069,2.9806,6.1303,7.4914,7.6389,52.858,5.3259,6.928,5.7394,46.44,55.286,13.26,55.568,1.8884,49.564,9.0941,6.9289,46.266,4.8182,6.3774,53.522,1.0733,4.6429,51.301,3.8142,50.87,6.6986,53.169,3.2127,7.8259,47.15,7.758,3.0595,58.721,52.607,56.332,6.8328,0.39391,52.557,13.481,44.472,56.607,53.254,4.3033,2.5134,2.1617,46.449,54.478,46.68,4.6022,10.362,7.8593,15.633,8.0888,55.895,44.01,4.2136,11.375,7.8239,61.115,7.3434,3.2184,49.322,1.7843,58.698,5.4666,56.866,51.819,3.4407,5.1436,3.6603,51.802,49.641,39.241,10.327,48.548,8.5609,5.9019,46.84,47.698,54.866,54.673,43.367,3.5767,59.971,53.58,4.8684,3.3857,4.948,2.8258,53.859,3.1614,55.11,11.191,14.446,7.7755,54.246,58.035,49.531,47.971,2.1724,3.4778,2.8253,55.517,63.318,53.368,55.864,4.4628,55.822,4.6633,56.089,6.5743,55.659,51.818,5.5391,7.5131,0.6037,5.4621,51.905,51.453,7.0343,55.091,7.6717,2.7341,5.8217,58.099,45.481,44.319
57.893,57.596,9.6563,58.91,64.684,7.8779,1.7512,9.3154,6.3526,54.446,13.949,55.41,10.253,64.668,8.6589,1.6081,0.62792,6.4282,0,16.276,5.2417,59.594,19.295,9.9922,55.658,8.6184,57.145,14.61,2.3266,57.049,48.354,55.304,56.27,11.3,15.282,62.254,48.971,54.254,58.809,10.645,10.068,64.298,58.641,61.536,50.586,10.299,12.635,57.174,16.648,68.757,11.488,4.97,67.208,58.984,66.678,63.807,60.77,72.04,53.968,48.705,67.228,61.749,8.826,64.24,68.371,64.694,10.955,5.5896,60.47,55.442,63.793,58.631,9.5471,9.1561,12.168,13.551,12.532,59.243,11.321,13.334,8.7595,52.863,61.712,19.678,61.972,5.8649,55.959,14.566,12.038,52.683,2.3433,12.69,59.919,5.471,1.9776,57.695,9.8144,57.248,3.0038,59.567,9.6203,13.27,53.514,13.957,6.8649,65.141,58.982,62.735,13.254,6.5248,58.979,19.884,50.882,63.005,59.613,9.8757,7.7501,8.4702,52.874,60.895,53.092,10.328,16.658,14.153,21.95,14.41,62.321,50.435,10.242,17.714,14.191,67.496,11.947,9.6395,55.75,5.9159,65.087,11.836,63.261,58.239,7.6398,11.494,9.1864,58.229,56.059,45.664,16.554,54.972,14.874,12.253,53.258,54.06,61.252,61.069,49.761,8.3146,66.374,59.939,9.8901,9.7392,11.024,3.6973,60.267,6.6473,61.52,17.578,20.682,13.389,60.658,64.437,55.959,54.356,4.7037,9.7335,8.5173,61.937,69.709,59.715,62.281,9.51,62.211,5.5514,62.481,12.752,61.991,58.223,11.103,5.696,6.07,2.5197,58.311,57.857,13.324,61.5,13.29,8.7197,1.5699,64.516,51.828,50.679
41.826,41.721,6.6226,42.859,48.638,8.5002,17.279,7.2449,11.283,38.454,2.3614,39.519,7.6406,48.62,9.2233,17.561,15.829,10.192,16.276,0,11.034,43.884,4.4806,6.3408,39.779,10.581,41.411,4.1384,18.478,41.327,32.178,39.396,40.301,5.6417,4.194,46.464,33.02,38.882,42.897,6.7371,7.2618,48.738,42.73,45.593,34.9,6.5796,8.3733,41.339,1.4553,52.857,5.1172,20.048,51.248,43.144,50.744,47.863,44.692,55.899,38.088,32.933,51.424,45.931,7.6305,48.367,52.741,48.619,7.743,12.077,44.574,39.409,47.62,42.416,8.9116,7.225,8.1022,2.7271,5.2668,43.209,8.3952,4.1299,9.2577,37.157,46.009,6.4161,46.029,11.694,39.979,3.0629,5.1477,36.88,14.99,4.0011,43.943,11.265,14.313,41.71,8.8137,41.194,15.359,43.598,7.159,3.7864,37.421,7.1881,9.6505,49.336,42.911,46.787,4.4492,9.9624,43.219,6.916,35.022,47.029,43.495,9.69,8.5418,8.8307,37.193,45.067,37.237,5.9744,6.8338,2.658,5.9807,2.6271,46.654,34.779,6.0517,2.5437,5.8215,51.435,6.0358,7.2334,40.233,10.362,49.061,4.9984,47.268,42.459,8.9361,6.8579,7.1237,42.591,40.262,30.011,1.0296,39.654,2.2648,4.548,37.468,37.957,45.22,45.086,33.797,8.1789,50.415,43.822,6.7609,7.8488,8.212,12.962,44.365,12.247,45.624,3.1027,4.5142,3.3746,44.775,48.48,40.381,38.335,11.573,8.1917,7.7585,46.133,53.686,43.565,46.446,10.645,46.189,11.822,46.478,7.406,45.811,42.294,5.3317,17.344,10.731,14.497,42.394,41.923,3.3468,45.598,3.4389,9.2851,15.225,48.678,35.693,34.579
52.706,52.458,4.4165,53.727,59.504,2.7364,6.358,4.2341,3.2329,49.277,8.7112,50.268,5.6838,59.488,4.5239,6.5735,4.8093,1.9134,5.2417,11.034,0,54.501,14.181,4.7764,50.519,5.355,52.044,9.6157,7.4686,51.95,43.137,50.157,51.108,6.2392,10.307,57.141,43.809,49.243,53.662,5.802,5.2847,59.248,53.495,56.383,45.492,5.2888,8.5496,52.047,11.436,63.617,6.3277,9.3956,62.052,53.857,61.529,58.654,55.581,66.836,48.827,43.587,62.114,56.628,3.708,59.106,63.304,59.507,6.5517,3.2216,55.328,50.263,58.58,53.405,5.4262,3.9783,7.9873,8.3102,7.583,54.065,7.2016,8.2607,4.6587,47.766,56.622,14.766,56.818,3.0956,50.794,9.4327,6.9921,47.561,4.276,7.5186,54.756,1.833,3.2845,52.529,5.7074,52.064,4.9185,54.406,4.6317,8.1317,48.319,9.5388,2.0192,60.026,53.794,57.581,8.227,1.7363,53.872,15.025,45.744,57.844,54.413,6.2155,2.5246,3.9969,47.783,55.772,47.957,5.0958,12.06,8.9591,16.744,9.2298,57.241,45.348,5.0082,12.531,9.4713,62.312,7.1119,4.6961,50.704,0.68221,59.912,6.7247,58.095,53.127,2.7234,6.8521,3.9632,53.154,50.941,40.572,11.327,49.976,9.6872,7.117,48.14,48.863,56.075,55.905,44.597,3.2477,61.218,54.74,4.8126,5.1356,6.8093,2.3608,55.124,4.5291,56.379,12.442,15.451,8.205,55.52,59.281,50.897,49.18,0.54575,5.299,3.2756,56.82,64.537,54.506,57.156,6.3318,57.037,2.8297,57.313,8.378,56.775,53.072,5.9052,7.8197,2.0661,3.7566,53.163,52.704,8.1335,56.358,8.1041,4.6425,4.2969,59.392,46.622,45.482
5.5655,2.9679,50.19,5.0331,7.1282,52.24,60.201,50.3,55.165,6.4824,46.003,4.8507,49.461,7.1359,51.169,61.047,59.056,53.169,59.594,43.884,54.501,0,40.321,49.754,4.5553,51.767,2.4799,44.987,61.903,2.5581,13.395,5.0621,4.8939,49.505,44.323,2.8162,11.141,6.1991,2.8213,48.969,49.554,5.0989,2.8615,3.7175,9.0089,50.462,47.698,2.9334,43.173,9.4747,49.001,63.816,8.3495,1.7961,7.6888,5.2769,5.694,14.481,6.0867,10.952,7.6998,2.5262,50.808,5.0846,8.88,7.5761,48.901,54.426,2.6046,6.2206,9.0031,9.0541,52.647,50.523,47.998,46.455,48.867,4.7038,48.808,46.267,53.086,6.7356,2.1247,40.008,3.9472,54.07,5.2211,46.462,48.942,7.0478,57.824,46.988,3.717,54.161,57.734,4.2843,50.151,5.5649,59.149,3.5962,49.975,47.544,8.3385,46.111,53.426,5.6475,5.4284,4.5087,46.34,53.072,0.89459,39.868,8.9719,5.0352,6.3799,50.454,52.172,51.203,6.7198,1.9664,6.8088,49.715,43.356,45.576,37.919,45.289,2.7964,9.1595,49.574,42.012,45.568,9.5403,49.647,49.954,4.2803,53.876,7.175,47.785,5.4277,1.6362,52.754,48.23,50.838,1.5615,3.7344,13.93,43.353,5.9179,44.843,47.385,6.4502,8.0903,4.9505,4.0941,10.453,51.99,7.5866,6.3936,50.637,49.939,48.987,55.96,2.6334,53.921,3.1093,42.06,39.38,47.209,2.4953,5.9128,3.853,6.8524,55.002,50.024,51.33,2.5942,11.114,7.1467,3.099,51.184,5.2093,55.683,5.0706,47.266,8.4175,3.2566,49.188,58.685,53.564,58.178,3.0585,3.5002,46.391,3.1597,47.285,51.144,58.797,5.1589,10.136,10.613
38.637,38.301,9.9157,39.644,45.413,12.009,20.009,9.9842,15.119,35.165,5.9555,36.116,9.3843,45.397,11.13,20.729,18.772,12.89,19.295,4.4806,14.181,40.321,0,9.4514,36.364,12.067,37.865,4.7886,21.594,37.771,29.21,36.01,36.984,9.7767,4.1985,42.967,29.684,35.092,39.515,8.7556,9.3489,45.073,39.347,42.244,31.312,10.597,8.5484,37.881,3.2121,49.462,9.1298,23.526,47.917,39.691,47.384,44.515,41.516,52.818,34.673,29.415,47.941,42.458,10.488,44.946,49.125,45.436,9.0221,14.347,41.175,36.173,44.611,39.52,13.132,10.203,8.5908,6.4289,9.659,39.971,9.2418,5.963,13.365,33.586,42.442,2.3305,42.679,13.973,36.674,7.5426,9.4157,33.391,17.637,6.6785,40.632,13.912,17.417,38.411,10.29,37.986,18.891,40.279,9.6798,8.1418,34.278,6.9101,13.204,45.853,39.726,43.443,6.0679,12.77,39.696,2.8474,31.587,43.717,40.385,10.865,11.891,11.031,33.603,41.604,33.798,9.5371,4.8913,5.3157,3.2028,5.0084,43.061,31.168,9.2973,1.9685,5.8456,48.229,10.403,9.6729,36.531,13.561,45.809,7.4657,43.976,38.952,12.584,8.2201,10.616,38.974,36.769,26.392,3.5542,35.836,4.5886,7.0638,33.968,34.829,41.978,41.783,30.478,11.825,47.082,40.71,10.641,9.8024,9.2741,15.706,40.973,14.1,42.225,1.7574,3.0057,7.6686,41.363,45.146,36.719,35.084,14.681,9.9719,11.041,42.648,50.428,40.513,42.989,11.758,42.933,15.542,43.199,7.7779,42.819,38.93,9.1747,19.18,13.321,17.875,39.017,38.564,6.1066,42.206,7.71,11.136,18.477,45.224,32.628,31.452
47.93,47.693,0.59811,48.951,54.728,2.6635,10.94,1.153,5.9575,44.504,3.985,45.501,3.0296,54.712,3.7156,11.35,9.5197,3.8771,9.9922,6.3408,4.7764,49.754,9.4514,0,45.753,5.3105,47.293,5.1013,12.243,47.201,38.365,45.389,46.336,3.0777,5.7981,52.385,39.038,44.542,48.894,2.3104,2.2909,54.522,48.727,51.612,40.746,2.8435,5.817,47.286,6.6604,58.851,2.6007,14.075,57.281,49.095,56.759,53.884,50.804,62.061,44.061,38.831,57.357,51.869,1.344,54.342,58.568,54.73,3.846,5.9013,50.562,45.488,53.807,48.639,5.2275,0.89719,5.2309,3.6236,4.4388,49.289,4.8081,3.6644,4.9942,43.018,51.876,10.244,52.048,5.529,46.021,5.3584,3.6439,42.802,8.6509,2.7733,49.984,4.9477,8.0554,47.756,4.0569,47.288,9.4472,49.634,1.4634,4.1645,43.543,6.0436,3.8366,55.269,49.018,52.81,3.7226,3.6267,49.119,10.559,40.98,53.071,49.637,5.0647,2.4535,3.0389,43.038,51.012,43.194,1.169,8.0433,4.1862,11.968,4.465,52.5,40.606,0.39694,7.7588,5.4507,57.536,4.4639,1.6421,45.982,4.1312,55.137,2.1345,53.322,48.371,3.3445,3.4865,1.4325,48.416,46.183,35.829,6.5622,45.284,4.9167,2.4436,43.383,44.087,51.3,51.132,39.825,2.6672,56.447,49.964,2.4013,2.7663,4.3867,6.622,50.357,6.3695,51.612,7.7005,10.691,4.013,50.754,54.51,46.166,44.405,5.2996,3.2263,1.5993,52.063,59.762,49.732,52.395,5.8425,52.262,6.2334,52.539,5.1674,52.003,48.302,2.0415,11.262,4.442,8.4262,48.394,47.934,3.3644,51.591,3.9107,3.8369,9.0567,54.631,41.847,40.705
3.6311,1.9422,46.17,4.1253,9.3477,48.195,56.332,46.346,51.057,2.0196,41.944,0.29552,45.607,9.3393,47.331,57.084,55.134,49.248,55.658,39.779,50.519,4.5553,36.364,45.753,0,48.003,2.3875,41.084,57.955,2.4324,8.8402,0.52511,1.3856,45.372,40.432,6.753,6.7884,5.4157,3.169,45.073,45.663,9.643,3.0013,5.9234,5.4319,46.342,43.98,1.6472,39.131,13.099,44.892,59.781,11.583,3.389,11.029,8.1788,5.9621,17.025,1.6918,7.0162,11.663,6.1823,46.845,8.5908,13.257,9.5288,45.086,50.587,4.812,2.2754,9.7235,7.0836,48.467,46.542,44.251,42.389,44.683,4.2303,45.045,42.326,48.93,3.3839,6.5481,36.195,6.3526,50.225,1.4312,42.282,44.79,3.0864,53.954,43,4.4483,50.258,53.773,2.5031,46.347,3.0731,55.101,4.084,46.042,43.392,3.9717,42.366,49.374,9.5826,4.4318,7.1188,42.416,49.134,3.7099,36.089,4.7764,7.4478,5.5356,46.701,48.151,47.327,3.5319,5.3127,2.5749,45.663,39.628,41.567,33.843,41.29,7.2834,5.6846,45.557,37.995,41.751,12.147,45.46,46.03,4.0399,49.883,9.6518,43.826,7.7501,2.9271,48.688,44.385,46.795,3.9521,1.1339,10.167,39.29,5.814,40.836,43.415,2.5992,3.8663,6.0043,5.5814,6.0454,47.925,10.75,5.7716,46.539,46.071,45.203,52.056,4.6116,50.144,5.8618,38.085,35.265,43.074,5.0011,8.8242,3.4708,2.4542,51.028,46.178,47.315,6.4041,14.188,6.142,6.6773,47.462,6.8536,51.598,7.0269,43.5,8.3626,2.6307,45.101,54.995,49.664,54.162,2.6844,2.3002,42.389,5.8428,43.153,47.313,54.809,8.9031,5.6541,6.0591
50.456,49.925,5.5803,51.441,57.182,6.0272,8.6906,4.1726,8.4269,46.924,8.3904,47.768,2.9403,57.168,1.5966,10.225,7.997,3.5027,8.6184,10.581,5.355,51.767,12.067,5.3105,48.003,0,49.35,7.342,10.875,49.244,41.183,47.68,48.71,8.3376,7.8743,54.481,41.437,46.236,51.17,3.8607,3.3969,56.345,51.002,53.919,42.795,7.862,4.1358,49.467,10.271,61.062,7.9108,13.539,59.586,51.273,59.028,56.181,53.335,64.673,46.322,40.997,59.449,54.003,4.2269,56.537,60.449,57.238,3.0512,3.035,52.806,47.968,56.525,51.496,9.5268,4.6506,3.7737,8.2225,9.7385,51.749,2.9594,6.5669,8.9602,45.071,53.87,11.819,54.351,2.8043,48.412,10.492,8.9476,44.973,6.4187,6.6094,52.348,3.7114,7.2851,50.146,1.8102,49.796,9.7448,51.99,3.8883,9.3991,46.144,5.659,6.4404,57.37,51.545,55.117,6.3144,3.8135,51.196,11.914,43.239,55.419,52.25,1.3231,5.4693,2.3315,45.062,53.162,45.428,6.4379,8.4198,7.9394,15.133,8.0407,54.451,42.622,5.7041,10.98,6.3032,60.005,9.6854,3.7325,47.809,5.2856,57.556,5.6268,55.695,50.476,6.6381,3.899,5.9932,50.356,48.323,37.889,10.369,46.921,8.4885,6.0598,45.533,46.702,53.745,53.501,42.239,6.5068,58.753,52.574,7.3189,2.791,2.8188,5.0751,52.611,2.1636,53.851,10.572,14.23,9.1603,52.979,56.823,48.056,46.873,5.4733,2.3997,5.2863,54.177,62.157,52.413,54.549,0.9859,54.687,8.1578,54.931,4.5035,54.746,50.604,7.3509,7.1155,3.3028,8.4507,50.679,50.246,7.2423,53.837,9.0641,1.4737,8.5373,56.778,44.545,43.339
4.8619,1.8211,47.727,4.828,8.769,49.774,57.764,47.847,52.693,4.4071,43.535,2.6677,47.026,8.769,48.736,58.594,56.609,50.722,57.145,41.411,52.044,2.4799,37.865,47.293,2.3875,49.35,0,42.542,59.452,0.16262,11.104,2.9109,3.2573,47.03,41.879,5.1338,8.6843,4.5063,2.8105,46.525,47.112,7.524,2.7055,5.1582,6.5611,47.988,45.29,1.2411,40.707,11.773,46.528,61.353,10.484,2.2326,9.8586,7.1909,6.225,16.382,3.7031,8.4777,10.099,4.6896,48.354,7.277,11.36,9.0984,46.473,51.994,3.8842,4.4941,9.9436,8.5586,50.169,48.066,45.584,43.986,46.388,4.6977,46.39,43.815,50.61,4.2832,4.6014,37.577,5.5238,51.637,3.4981,43.984,46.466,4.5696,55.387,44.529,4.2604,51.717,55.281,3.4205,47.725,4.5596,56.684,3.9582,47.525,45.068,6.3569,43.696,50.96,8.021,5.2262,6.2369,43.891,50.622,1.8507,37.445,6.4998,6.6887,6.3553,48.039,49.709,48.764,4.2879,3.8939,4.3611,47.248,40.944,43.114,35.448,42.829,5.2729,6.7279,47.111,39.548,43.138,11.417,47.168,47.506,2.6245,51.418,8.9429,45.331,7.0544,1.2077,50.286,45.796,48.372,1.5667,1.3488,11.482,40.884,4.5478,42.381,44.929,3.9714,6.2251,5.8536,5.1556,8.014,49.522,9.6798,6.4918,48.166,47.501,46.565,53.516,3.7626,51.501,4.8074,39.602,36.905,44.734,3.9541,7.853,2.0165,4.838,52.546,47.59,48.868,4.8415,13.212,7.0883,5.2548,48.776,6.4614,53.213,6.4829,44.848,8.9319,2.7277,46.717,56.286,51.12,55.716,2.6067,2.6861,43.93,4.8221,44.81,48.713,56.34,7.4536,8.0281,8.3475
43.402,43.018,5.6543,44.405,50.169,7.7639,15.252,5.3821,11.042,39.915,3.1953,40.839,4.5966,50.154,6.3428,16.087,14.068,8.1826,14.61,4.1384,9.6157,44.987,4.7886,5.1013,41.084,7.342,42.542,0,16.926,42.444,33.997,40.738,41.727,6.5403,0.69847,47.655,34.431,39.656,44.241,3.9899,4.5808,49.69,44.073,46.976,35.982,7.0541,4.3445,42.587,3.2294,54.177,5.7886,19.011,52.649,44.397,52.11,49.246,46.282,57.592,39.395,34.113,52.63,47.155,5.9137,49.657,53.76,50.199,4.2926,9.5608,45.896,40.932,49.394,44.309,9.7348,5.7077,4.1809,3.5058,7.0906,44.728,4.6683,1.4496,9.7415,38.259,47.105,5.1649,47.411,9.1883,41.42,5.9613,6.517,38.093,12.876,2.5439,45.374,9.1768,12.78,43.157,5.5424,42.749,14.459,45.02,5.0072,5.7343,39.051,3.0506,8.936,50.544,44.491,48.176,1.3955,8.0988,44.378,5.4611,36.308,48.457,45.159,6.2071,7.5303,6.2547,38.268,46.304,38.514,5.5612,3.3617,2.0748,7.7921,1.8304,47.712,35.828,5.0657,3.6771,1.6834,52.987,7.6422,4.9742,41.142,9.0395,50.56,2.9701,48.72,43.641,8.4297,3.4544,6.4553,43.62,41.465,31.06,3.4801,40.381,1.9607,2.683,38.666,39.604,46.732,46.526,35.226,7.7161,51.815,45.484,6.8978,5.0162,4.616,10.976,45.695,9.3291,46.945,3.2301,6.9324,5.2175,46.08,49.88,41.349,39.842,10.087,5.1852,6.6825,47.341,55.176,45.293,47.69,7.1381,47.685,11.334,47.946,3.4092,47.604,43.661,5.5799,14.434,8.581,13.364,43.745,43.297,2.3273,46.927,5.1919,6.3504,13.892,49.925,37.41,36.229
60.169,59.893,11.879,61.188,66.963,10.011,2.5948,11.61,8.0308,56.731,16.172,57.706,12.579,66.947,10.978,0.95123,2.9124,8.7474,2.3266,18.478,7.4686,61.903,21.594,12.243,57.955,10.875,59.452,16.926,0,59.357,50.606,57.598,58.558,13.342,17.6,64.558,51.259,56.575,61.103,12.967,12.392,66.615,60.936,63.828,52.895,12.329,14.929,59.475,18.903,71.054,13.592,3.0527,69.499,61.285,68.971,66.099,63.044,74.304,56.264,51.008,69.533,64.052,11.111,66.539,70.685,66.969,13.276,7.8657,62.766,57.722,66.048,60.872,11.258,11.425,14.472,15.762,14.5,61.523,13.625,15.637,10.504,55.171,64.022,22.002,64.263,8.1577,58.245,16.63,14.064,54.985,4.4764,14.966,62.207,7.7975,4.1886,59.982,12.126,59.526,3.8888,61.856,11.929,15.346,55.784,16.273,8.9288,67.446,61.257,65.027,15.564,8.8316,61.285,22.21,53.179,65.294,61.88,12.152,9.9365,10.797,55.183,63.197,55.39,12.508,18.98,16.42,24.211,16.684,64.633,52.745,12.476,19.988,16.518,69.773,13.866,11.953,58.067,8.128,67.369,14.129,65.548,60.544,9.6933,13.82,11.36,60.542,58.362,47.973,18.795,57.294,17.145,14.541,55.561,56.329,63.533,63.356,52.048,10.406,68.664,62.206,11.96,12.066,13.335,6.0217,62.563,8.8407,63.816,19.87,22.917,15.5,62.955,66.728,58.274,56.638,6.9438,12.058,10.732,64.241,71.992,61.975,64.582,11.74,64.493,7.2589,64.767,15.068,64.244,60.515,13.24,6.8184,8.3964,4.1569,60.604,60.149,15.592,63.796,15.403,11.036,3.2942,66.818,54.09,52.947
