true distance:
[[0.0, 98.10841470368992, 212.68185639275418, 250.47083646491456, 245.92088310524446, 232.39303153479324, 258.659015984868, 277.8622232474442, 353.3363022574761, 358.0439108623969, 361.0483234669416, 315.5639571864501, 327.8347503708126, 305.23440180218546, 317.23266433438255, 191.93375554526827, 236.49871088283, 184.5511109713223, 228.3235395038615, 144.64476810196663, 210.65179596250042, 142.06952902687792, 206.07751159680524, 115.039575203027, 124.02042791436622, 37.74640631088078, 42.051706345104506, 124.2594229711695, 142.31493906400308, 262.02799886115247], [98.10841470368992, 0.0, 127.6204743345914, 193.57354789825712, 213.22014629625716, 213.00182811163148, 239.91608953137137, 233.6763140393517, 306.1162181114952, 313.57688234078097, 338.2012604502524, 293.49301188662935, 306.3853830763315, 288.48774921374047, 301.04646279762795, 190.96959848727022, 234.41458497559833, 193.16032391735757, 233.64313273266174, 174.27191927342312, 229.20484884574694, 181.9236382231559, 233.40563342513607, 64.74649441781773, 115.94598781701636, 69.59268898502559, 90.8482369756381, 182.520333289928, 203.81389595171794, 300.19860395505856], [212.68185639275418, 127.6204743345914, 0.0, 97.04941828870967, 148.3556946279205, 167.55311631580744, 187.54838999999998, 146.54821347173976, 204.92743945540386, 214.99323397354087, 263.8794343469995, 225.9314153458685, 237.7562914119336, 228.80808812692726, 240.11064898490926, 178.88584444106945, 206.2271506203451, 192.41883990932382, 215.42640437730583, 205.70989101922788, 229.11069214697642, 221.57909172411104, 243.06017693624537, 102.77583409662022, 140.4561426877821, 175.72072809763625, 185.4613753799847, 241.27606017974205, 260.49298233748254, 310.1678029647891], [250.47083646491456, 193.57354789825712, 97.04941828870967, 0.0, 62.90560656556695, 92.28605888697793, 103.03629475316954, 49.610341267968096, 113.42662062645972, 121.99768075573122, 167.09369824116177, 131.1101390818753, 142.31492862735874, 136.6010134182954, 146.90437751888203, 127.17322527906305, 134.96097163436235, 145.4281411171683, 149.53388448110465, 179.74226684252633, 173.7332577211687, 197.74782254788764, 192.2181025636602, 138.98903174165525, 136.60101959876235, 213.64664788389493, 212.3510707334828, 227.75061612031743, 241.87338429837635, 250.76477290852213], [245.92088310524446, 213.22014629625716, 148.3556946279205, 62.90560656556695, 0.0, 32.53686463267319, 40.56212563314819, 40.699042235878224, 110.83024076906177, 113.57514352132556, 125.30102012438795, 81.79680888078781, 94.5435799600746, 81.25920867921185, 93.15872614020986, 79.16602701263783, 73.94511065768242, 97.73656919411279, 90.12727674231867, 141.44162949136933, 118.11241391290334, 158.77008647032346, 137.84667539185304, 149.88857195540427, 122.10817470122873, 212.7159285635211, 204.40441553274235, 192.41795838046116, 202.41543463521745, 190.92280423637663], [232.39303153479324, 213.00182811163148, 167.55311631580744, 92.28605888697793, 32.53686463267319, 0.0, 27.209900940245983, 72.04915504172759, 135.87221066704737, 136.47014478960958, 129.2375776879597, 83.5745864567407, 96.16296926510455, 75.8336767367177, 88.3745003962288, 50.529476393893106, 42.676426936014686, 68.18316731006927, 57.89296690501876, 114.71819770363594, 85.64072419561444, 131.24635236816334, 105.47303185743168, 148.27840415941392, 109.28630618453025, 201.9209726462868, 190.35333798742616, 165.7444462468827, 173.92721235620976, 159.04696136715376], [258.659015984868, 239.91608953137137, 187.54838999999998, 103.03629475316954, 40.56212563314819, 27.209900940245983, 0.0, 69.38891728209697, 120.18232469647315, 118.73021957502226, 102.47029861000573, 56.906186376242324, 69.28923766964682, 48.666930268602336, 61.221594700236324, 71.4287995354829, 43.70681228747986, 86.67964683741218, 61.87890582734314, 135.09205790131594, 93.93180540099132, 150.44873492848552, 114.07867363606576, 175.24040122529533, 136.12507418355258, 228.75945630606947, 216.60866461406778, 185.37864495684337, 191.31795658614925, 157.71866269048223], [277.8622232474442, 233.6763140393517, 146.54821347173976, 49.610341267968096, 40.699042235878224, 72.04915504172759, 69.38891728209697, 0.0, 75.48387230769234, 80.95993001486907, 117.48706302768835, 83.08300016313943, 93.59920662154748, 91.1335484457864, 100.18443656334621, 119.85788049690892, 110.36077568022479, 138.43486572704796, 127.72345814607, 181.6565763680831, 157.3719751506932, 199.1409700768865, 177.35929541707955, 173.77691585237494, 155.93539185204236, 242.91864497776947, 237.25021759809493, 232.46845371430612, 242.9415459859334, 226.67631574863222], [353.3363022574761, 306.1162181114952, 204.92743945540386, 113.42662062645972, 110.83024076906177, 135.87221066704737, 120.18232469647315, 75.48387230769234, 0.0, 12.19354999999996, 92.50499487110983, 90.4651868323723, 91.55984170022717, 108.05929604435936, 108.76834221731737, 186.39523965631446, 163.4338219963068, 203.87343660162938, 181.5721115900327, 250.43044271946252, 213.97148063963476, 267.11254798093216, 234.03745478359164, 248.15363599773627, 231.00776601186809, 318.36356306788946, 312.6287575001164, 301.5164599821484, 309.64124699225357, 269.8357448734411], [358.0439108623969, 313.57688234078097, 214.99323397354087, 121.99768075573122, 113.57514352132556, 136.47014478960958, 118.73021957502226, 80.95993001486907, 12.19354999999996, 0.0, 81.56359613517272, 83.75995039527261, 83.42721028263, 101.81840819031696, 101.32050311466564, 186.90732636587683, 161.27517393970467, 203.92552185126337, 179.27648176259427, 251.17852867062604, 211.85990327706207, 267.52307809009915, 231.77271514270225, 254.61736943079606, 235.0035339190083, 323.55849167085773, 317.0030109988075, 302.1615174608705, 309.4925849968514, 264.7901078890209], [361.0483234669416, 338.2012604502524, 263.8794343469995, 167.09369824116177, 125.30102012438795, 129.2375776879597, 102.47029861000573, 117.48706302768835, 92.50499487110983, 81.56359613517272, 0.0, 45.66470640035468, 33.21371765412492, 57.142683529140974, 46.83110953495261, 171.19581919407892, 131.00724094545888, 183.35979619294073, 145.62158775864458, 231.6373916472389, 176.18155633685913, 244.79272587022703, 193.6118567783311, 274.25696988779214, 238.50667123389192, 331.1490160191694, 319.00678939470356, 279.3458487206736, 281.16239177741727, 207.5308958708294], [315.5639571864501, 293.49301188662935, 225.9314153458685, 131.1101390818753, 81.79680888078781, 83.5745864567407, 56.906186376242324, 83.08300016313943, 90.4651868323723, 83.75995039527261, 45.66470640035468, 0.0, 12.8924124155981, 18.361611863301235, 19.327727606386333, 126.72439370457423, 89.17961229936316, 139.99690535170456, 105.44106404928787, 188.6131713502125, 137.47563300851766, 202.6684496152485, 156.26260272724448, 229.2688255726882, 192.85113134223306, 285.4914803789595, 273.51407172641433, 237.52291069839748, 240.97823408793897, 181.86340232247946], [327.8347503708126, 306.3853830763315, 237.7562914119336, 142.31492862735874, 94.5435799600746, 96.16296926510455, 69.28923766964682, 93.59920662154748, 91.55984170022717, 83.42721028263, 33.21371765412492, 12.8924124155981, 0.0, 25.39617396388998, 18.913354481201907, 138.23379620981464, 99.16970573928431, 150.88396783917386, 114.68733586785528, 199.3651673855493, 146.16811797142722, 212.99469824674918, 164.43640947042576, 242.15408970365982, 205.38183330651603, 298.02429238452453, 285.79363997639143, 247.73414916196575, 250.47083038191917, 185.76017481721087], [305.23440180218546, 288.48774921374047, 228.80808812692726, 136.6010134182954, 81.25920867921185, 75.8336767367177, 48.666930268602336, 91.1335484457864, 108.05929604435936, 101.81840819031696, 57.142683529140974, 18.361611863301235, 25.39617396388998, 0.0, 12.561281351954651, 114.36203971176101, 74.0157476390261, 126.21788432869607, 89.30616521023508, 174.51936688916933, 120.7923341974734, 187.87168469499414, 139.1672086439482, 223.85207299719272, 183.939001096479, 276.40722097920764, 263.2635151573953, 222.5439535221795, 225.09269502364415, 163.5111610567771], [317.23266433438255, 301.04646279762795, 240.11064898490926, 146.90437751888203, 93.15872614020986, 88.3745003962288, 61.221594700236324, 100.18443656334621, 108.76834221731737, 101.32050311466564, 46.83110953495261, 19.327727606386333, 18.913354481201907, 12.561281351954651, 0.0, 125.9611978541208, 84.43347630422332, 137.16996863001924, 98.79161340620287, 185.18211362368476, 129.48907691632164, 198.07150323933055, 147.2333378264771, 236.41315738471016, 196.2718105562119, 288.6717606890161, 275.29807391193503, 232.56270737688857, 234.3649598890767, 166.8544230986639], [191.93375554526827, 190.96959848727022, 178.88584444106945, 127.17322527906305, 79.16602701263783, 50.529476393893106, 71.4287995354829, 119.85788049690892, 186.39523965631446, 186.90732636587683, 171.19581919407892, 126.72439370457423, 138.23379620981464, 114.36203971176101, 125.9611978541208, 0.0, 45.294041865481624, 18.761214116631663, 42.82627106241447, 64.31545477498933, 50.382461007268205, 80.71802431426886, 66.38934630722763, 128.2319084094068, 76.34545623698438, 165.58570804046857, 150.28057066963413, 115.25477227442337, 123.64333476108969, 131.41065542017705], [236.49871088283, 234.41458497559833, 206.2271506203451, 134.96097163436235, 73.94511065768242, 42.676426936014686, 43.70681228747986, 110.36077568022479, 163.4338219963068, 161.27517393970467, 131.00724094545888, 89.17961229936316, 99.16970573928431, 74.0157476390261, 84.43347630422332, 45.294041865481624, 0.0, 53.144097839279404, 18.186336755339156, 100.75824349178832, 50.592818577059944, 113.8567994868383, 70.60511068336203, 170.58026543074232, 121.21028384936196, 210.83896476126634, 195.09763716303002, 148.56462170906906, 151.8728432021673, 117.0212492462412], [184.5511109713223, 193.16032391735757, 192.41883990932382, 145.4281411171683, 97.73656919411279, 68.18316731006927, 86.67964683741218, 138.43486572704796, 203.87343660162938, 203.92552185126337, 183.35979619294073, 139.99690535170456, 150.88396783917386, 126.21788432869607, 137.16996863001924, 18.761214116631663, 53.144097839279404, 0.0, 43.89923370819243, 48.66693026860232, 38.185967864222086, 63.810233481973725, 50.70265603938813, 132.7126757024829, 77.21489150611943, 161.07750072222316, 143.73050004376384, 98.70968117647071, 105.77946213363914, 118.26930819258988], [228.3235395038615, 233.64313273266174, 215.42640437730583, 149.53388448110465, 90.12727674231867, 57.89296690501876, 61.87890582734314, 127.72345814607, 181.5721115900327, 179.27648176259427, 145.62158775864458, 105.44106404928787, 114.68733586785528, 89.30616521023508, 98.79161340620287, 42.82627106241447, 18.186336755339156, 43.89923370819243, 0.0, 88.25233473336384, 32.645480491873606, 99.73077529059171, 52.50586427780045, 171.05692482374425, 118.39467554716678, 204.84598823471865, 187.62118321270466, 133.91647068850415, 135.7865777903416, 101.27224009089612], [144.64476810196663, 174.27191927342312, 205.70989101922788, 179.74226684252633, 141.44162949136933, 114.71819770363594, 135.09205790131594, 181.6565763680831, 250.43044271946252, 251.17852867062604, 231.6373916472389, 188.6131713502125, 199.3651673855493, 174.51936688916933, 185.18211362368476, 64.31545477498933, 100.75824349178832, 48.66693026860232, 88.25233473336384, 0.0, 66.20373000359723, 18.009360708592624, 62.456476538486356, 123.5901575498834, 68.03466159568372, 127.79735112378503, 106.82766806021839, 51.10007906834291, 62.248306038158155, 126.19250928921097], [210.65179596250042, 229.20484884574694, 229.11069214697642, 173.7332577211687, 118.11241391290334, 85.64072419561444, 93.93180540099132, 157.3719751506932, 213.97148063963476, 211.85990327706207, 176.18155633685913, 137.47563300851766, 146.16811797142722, 120.7923341974734, 129.48907691632164, 50.382461007268205, 50.592818577059944, 38.185967864222086, 32.645480491873606, 66.20373000359723, 0.0, 73.54278481889165, 20.19777415642872, 170.16469727566232, 113.70715960863853, 191.45623910469044, 171.84448295829867, 105.87026414167339, 105.21219907013537, 81.06813389254745], [142.06952902687792, 181.9236382231559, 221.57909172411104, 197.74782254788764, 158.77008647032346, 131.24635236816334, 150.44873492848552, 199.1409700768865, 267.11254798093216, 267.52307809009915, 244.79272587022703, 202.6684496152485, 212.99469824674918, 187.87168469499414, 198.07150323933055, 80.71802431426886, 113.8567994868383, 63.810233481973725, 99.73077529059171, 18.009360708592624, 73.54278481889165, 0.0, 64.80375003023588, 135.48455806830387, 82.15050617246007, 129.83620038448828, 107.31258550856373, 34.959473120064295, 44.27015283517777, 121.95899023963177], [206.07751159680524, 233.40563342513607, 243.06017693624537, 192.2181025636602, 137.84667539185304, 105.47303185743168, 114.07867363606576, 177.35929541707955, 234.03745478359164, 231.77271514270225, 193.6118567783311, 156.26260272724448, 164.43640947042576, 139.1672086439482, 147.2333378264771, 66.38934630722763, 70.60511068336203, 50.70265603938813, 52.50586427780045, 62.456476538486356, 20.19777415642872, 64.80375003023588, 0.0, 177.21096367898147, 119.92958016235566, 190.23197499787486, 169.19107512605413, 93.6784250752466, 89.8500330321547, 68.9013243820647], [115.039575203027, 64.74649441781773, 102.77583409662022, 138.98903174165525, 149.88857195540427, 148.27840415941392, 175.24040122529533, 173.77691585237494, 248.15363599773627, 254.61736943079606, 274.25696988779214, 229.2688255726882, 242.15408970365982, 223.85207299719272, 236.41315738471016, 128.2319084094068, 170.58026543074232, 132.7126757024829, 171.05692482374425, 123.5901575498834, 170.16469727566232, 135.48455806830387, 177.21096367898147, 0.0, 57.328240200580034, 77.3043535664907, 83.22895952466784, 146.78728175774393, 167.53600606173467, 245.73298612588297], [124.02042791436622, 115.94598781701636, 140.4561426877821, 136.60101959876235, 122.10817470122873, 109.28630618453025, 136.12507418355258, 155.93539185204236, 231.00776601186809, 235.0035339190083, 238.50667123389192, 192.85113134223306, 205.38183330651603, 183.939001096479, 196.2718105562119, 76.34545623698438, 121.21028384936196, 77.21489150611943, 118.39467554716678, 68.03466159568372, 113.70715960863853, 82.15050617246007, 119.92958016235566, 57.328240200580034, 0.0, 92.64338530825395, 82.31656087657818, 101.26557541618226, 120.0686537076326, 188.40481306576962], [37.74640631088078, 69.59268898502559, 175.72072809763625, 213.64664788389493, 212.7159285635211, 201.9209726462868, 228.75945630606947, 242.91864497776947, 318.36356306788946, 323.55849167085773, 331.1490160191694, 285.4914803789595, 298.02429238452453, 276.40722097920764, 288.6717606890161, 165.58570804046857, 210.83896476126634, 161.07750072222316, 204.84598823471865, 127.79735112378503, 191.45623910469044, 129.83620038448828, 190.23197499787486, 77.3043535664907, 92.64338530825395, 0.0, 24.06001686989016, 121.27702062164828, 141.81656399955895, 251.78651741531596], [42.051706345104506, 90.8482369756381, 185.4613753799847, 212.3510707334828, 204.40441553274235, 190.35333798742616, 216.60866461406778, 237.25021759809493, 312.6287575001164, 317.0030109988075, 319.00678939470356, 273.51407172641433, 285.79363997639143, 263.2635151573953, 275.29807391193503, 150.28057066963413, 195.09763716303002, 143.73050004376384, 187.62118321270466, 106.82766806021839, 171.84448295829867, 107.31258550856373, 169.19107512605413, 83.22895952466784, 82.31656087657818, 24.06001686989016, 0.0, 97.26109598549516, 117.75793350581014, 229.18499528060076], [124.2594229711695, 182.520333289928, 241.27606017974205, 227.75061612031743, 192.41795838046116, 165.7444462468827, 185.37864495684337, 232.46845371430612, 301.5164599821484, 302.1615174608705, 279.3458487206736, 237.52291069839748, 247.73414916196575, 222.5439535221795, 232.56270737688857, 115.25477227442337, 148.56462170906906, 98.70968117647071, 133.91647068850415, 51.10007906834291, 105.87026414167339, 34.959473120064295, 93.6784250752466, 146.78728175774393, 101.26557541618226, 121.27702062164828, 97.26109598549516, 0.0, 21.350066128808592, 139.26287889187446], [142.31493906400308, 203.81389595171794, 260.49298233748254, 241.87338429837635, 202.41543463521745, 173.92721235620976, 191.31795658614925, 242.9415459859334, 309.64124699225357, 309.4925849968514, 281.16239177741727, 240.97823408793897, 250.47083038191917, 225.09269502364415, 234.3649598890767, 123.64333476108969, 151.8728432021673, 105.77946213363914, 135.7865777903416, 62.248306038158155, 105.21219907013537, 44.27015283517777, 89.8500330321547, 167.53600606173467, 120.0686537076326, 141.81656399955895, 117.75793350581014, 21.350066128808592, 0.0, 125.68252072610015], [262.02799886115247, 300.19860395505856, 310.1678029647891, 250.76477290852213, 190.92280423637663, 159.04696136715376, 157.71866269048223, 226.67631574863222, 269.8357448734411, 264.7901078890209, 207.5308958708294, 181.86340232247946, 185.76017481721087, 163.5111610567771, 166.8544230986639, 131.41065542017705, 117.0212492462412, 118.26930819258988, 101.27224009089612, 126.19250928921097, 81.06813389254745, 121.95899023963177, 68.9013243820647, 245.73298612588297, 188.40481306576962, 251.78651741531596, 229.18499528060076, 139.26287889187446, 125.68252072610015, 0.0]]
[[0.0, 103.29121289132968, 215.32856070275136, 270.8932141298532, 291.1528744101533, 286.5335266970637, 305.5782665992024, 306.35402272445987, 390.78971643626073, 399.011392335308, 393.50994956961506, 356.21385385841745, 364.22052336902294, 346.0494080259183, 351.7971769118726, 243.74167108773378, 274.74825715414534, 231.92758388959646, 261.6494206024592, 196.3679685455805, 243.60607465629525, 189.1335108574948, 233.012400952812, 138.1215567617499, 169.98727506797823, 46.48426385945785, 60.81547501800014, 167.39708832798377, 176.48651712145264, 276.31938611026516], [103.29121289132968, 0.0, 119.36460137579526, 202.50869282579083, 244.72730185157212, 251.13020685386317, 271.84675564661063, 250.21765175981432, 331.283378488721, 342.2360237178033, 356.6097404609608, 319.95287414595293, 328.2658869383309, 314.32699126195973, 320.7059435017321, 224.15009934083412, 256.21786591538694, 221.86572778286467, 250.20619179036999, 199.92161848402915, 244.46885949964525, 204.17666871617163, 243.53479985957492, 77.54168117938185, 143.96838915006342, 68.7666295897981, 89.20985104350864, 198.23825459305274, 215.77824911046523, 301.3207225725682], [215.32856070275136, 119.36460137579526, 0.0, 114.24554057188404, 179.43439224592925, 199.29075059175625, 218.34806450960014, 170.71067338967768, 239.02559637879216, 252.36364876136557, 288.88949992426745, 256.6175764777123, 264.3951088362349, 257.2264653657912, 263.61354946488945, 199.04191694762514, 224.8544211137546, 209.07257900275616, 228.8007222362222, 209.38438280975066, 238.90003617899848, 224.72167786744296, 249.14076842793457, 93.93180880084977, 143.5039574926998, 171.29917711613794, 176.2188681952432, 236.42243337332542, 257.71751513477403, 312.7516833711501], [270.8932141298532, 202.50869282579083, 114.24554057188404, 0.0, 71.61028357893856, 98.75235321886967, 113.97518469000039, 56.68357843561398, 129.53072318764833, 141.5071662326124, 175.32887695124987, 144.80898657041456, 152.1999319322006, 147.96428755519693, 154.07132249432695, 123.33345855916998, 137.10727244480103, 142.499591308029, 149.16705043348583, 164.5204539439112, 171.68352844278334, 185.92435067159332, 190.1335887628972, 134.3098921696008, 120.8634873503367, 224.856664366274, 214.5749014547566, 211.37398209476325, 231.32498190115848, 248.75817166081862], [291.1528744101533, 244.72730185157212, 179.43439224592925, 71.61028357893856, 0.0, 31.12279266899422, 42.58944343706432, 31.268699479153252, 104.59512843019935, 109.91997793748558, 112.92764576167215, 78.00768283702897, 86.09618958817227, 77.86059597791046, 84.21156818731083, 76.82310616983474, 75.86034833927472, 99.45995428967832, 93.17320038938934, 134.53437223147475, 122.52163499323372, 156.34349175062707, 144.74379256405888, 168.21181132408088, 122.0543210343796, 248.41639363026425, 230.6981480051075, 187.57804918637493, 204.0213955695728, 194.67206252939457], [286.5335266970637, 251.13020685386317, 199.29075059175625, 98.75235321886967, 31.12279266899422, 0.0, 20.74943646540069, 61.86800350529826, 124.00546828471707, 126.09762718113213, 107.59967472417983, 70.21726620288845, 78.43010034021185, 63.2023668203668, 69.60238317980283, 53.37515547691923, 45.2903230769234, 75.41237184979997, 63.80231689757435, 114.03286047840159, 94.64338478443592, 134.9159977514972, 117.57169218323986, 173.59639213751936, 116.88864422572537, 246.19628288499646, 225.7216497864352, 167.34774064162474, 181.97275274868625, 164.4302676083844], [305.5782665992024, 271.84675564661063, 218.34806450960014, 113.97518469000039, 42.58944343706432, 20.74943646540069, 0.0, 68.99667645255457, 116.13048762797732, 115.88054474542916, 87.96151422435271, 50.63612331354761, 58.67103069798075, 42.48243740692501, 48.86397490181289, 66.83474774376724, 48.24947331928092, 87.01350206540248, 68.71513050510055, 127.26597579530086, 100.88030529937197, 147.0763936288625, 124.22142997191105, 194.30802348186162, 136.48249406080365, 265.87778873020306, 244.81613736827276, 179.96065901817542, 193.04421288731243, 164.35129946121208], [306.35402272445987, 250.21765175981432, 170.71067338967768, 56.68357843561398, 31.268699479153252, 61.86800350529826, 68.99667645255457, 0.0, 84.44145170694767, 93.22383796100115, 118.69187820662584, 89.44385493224507, 96.43954905696157, 94.95101724553876, 100.62766641059751, 107.01055673306489, 106.98534529557072, 129.49949147498188, 124.43837238902837, 162.646996156558, 153.5419522940098, 184.67802395325762, 175.52491928317556, 176.3909827029063, 141.02148848500573, 261.99711004943543, 246.87868972306154, 215.01283812862172, 232.34587606956765, 225.91873007824407], [390.78971643626073, 331.283378488721, 239.02559637879216, 129.53072318764833, 104.59512843019935, 124.00546828471707, 116.13048762797732, 84.44145170694767, 0.0, 15.141379092820467, 92.14896124584867, 91.69414834591375, 92.11785231880623, 108.14662694620604, 109.61898484209145, 177.2023970715648, 164.33180855634942, 199.41251480933897, 184.70358642590878, 237.3219751257649, 216.75570251618802, 258.61663906956545, 240.06009014274412, 259.51785506612606, 224.63464289884908, 346.31479809502264, 331.2859199588983, 290.68525770629526, 305.8958642080198, 278.382873729835], [399.011392335308, 342.2360237178033, 252.36364876136557, 141.5071662326124, 109.91997793748558, 126.09762718113213, 115.88054474542916, 93.22383796100115, 15.141379092820467, 0.0, 80.57798818089178, 85.26196183161431, 84.42548673675984, 102.38142838373507, 103.01666708700536, 179.46350565744427, 164.02788605489584, 201.2503033864661, 184.5428864707252, 240.09309179654585, 216.7308146089458, 260.9966068467943, 240.07132578446027, 269.44062779433625, 231.44446231624872, 355.0178643817476, 339.10124688963646, 293.43499589748484, 307.8733770176125, 275.36297125070513], [393.50994956961506, 356.6097404609608, 288.88949992426745, 175.32887695124987, 112.92764576167215, 107.59967472417983, 87.96151422435271, 118.69187820662584, 92.14896124584867, 80.57798818089178, 0.0, 37.39643115515973, 29.292378773926874, 49.00865342859872, 44.51318242141311, 152.13567376539274, 125.30101244121296, 169.3175576602415, 143.99297876222994, 209.99215246077486, 173.9805112879385, 227.61067755988887, 195.9692466771381, 279.40799453895175, 224.36132004942056, 353.73825420486895, 332.76439061697215, 260.41724814841774, 270.35502025312314, 215.98906879901585], [356.21385385841745, 319.95287414595293, 256.6175764777123, 144.80898657041456, 78.00768283702897, 70.21726620288845, 50.63612331354761, 89.44385493224507, 91.69414834591375, 85.26196183161431, 37.39643115515973, 0.0, 8.313575751083274, 17.458026729092264, 17.924927662810788, 115.80632257733859, 90.88534071635536, 134.0523438663666, 110.55155245522424, 174.7973461676787, 141.78208884764712, 193.28856770048378, 164.53480467205227, 242.60130284399236, 186.96864561091976, 316.342388286169, 295.4479833072702, 226.24680751322703, 237.4221109045853, 192.2154764997746], [364.22052336902294, 328.2658869383309, 264.3951088362349, 152.1999319322006, 86.09618958817227, 78.43010034021185, 58.67103069798075, 96.43954905696157, 92.11785231880623, 84.42548673675984, 29.292378773926874, 8.313575751083274, 0.0, 21.857265859272058, 19.74194, 123.2623635670402, 97.51554518003067, 141.0728769541204, 116.85980529136951, 181.8170577042113, 147.71800227180063, 200.00002169479606, 170.255820195087, 250.91464093426612, 195.10023422431073, 324.4871467025326, 303.472516096005, 232.92195669742816, 243.68910659231076, 195.7325476492911], [346.0494080259183, 314.32699126195973, 257.2264653657912, 147.96428755519693, 77.86059597791046, 63.2023668203668, 42.48243740692501, 94.95101724553876, 108.14662694620604, 102.38142838373507, 49.00865342859872, 17.458026729092264, 21.857265859272058, 0.0, 6.4918133733264165, 103.46893999135442, 76.3366150213913, 120.30989617927571, 95.32842885154929, 160.98537745477384, 125.95583836764771, 178.7491355390056, 148.4272594096465, 236.78934383594208, 178.00065402141087, 307.26828547978363, 285.45368559675336, 211.61389352374502, 222.05407431402583, 174.78287057123103], [351.7971769118726, 320.7059435017321, 263.61354946488945, 154.07132249432695, 84.21156818731083, 69.60238317980283, 48.86397490181289, 100.62766641059751, 109.61898484209145, 103.01666708700536, 44.51318242141311, 17.924927662810788, 19.74194, 6.4918133733264165, 0.0, 108.8411518088448, 80.94326285531739, 125.14081623129361, 99.48029773675788, 165.7210554583421, 129.61399260946519, 183.1252084308179, 151.8195577004287, 243.16556998296548, 184.03429273998938, 313.2347870528791, 291.25244548422455, 215.91257168534534, 225.9187277137055, 175.9967915453461], [243.74167108773378, 224.15009934083412, 199.04191694762514, 123.33345855916998, 76.82310616983474, 53.37515547691923, 66.83474774376724, 107.01055673306489, 177.2023970715648, 179.46350565744427, 152.13567376539274, 115.80632257733859, 123.2623635670402, 103.46893999135442, 108.8411518088448, 0.0, 32.31852129811942, 22.65260281369892, 29.766201839435297, 60.82380031112246, 48.61494942929075, 81.54085862324297, 69.04064475977177, 148.56575899053217, 80.71803942061837, 207.01771456844097, 183.6133725149854, 114.03286047840156, 128.69381960521102, 125.42473224433849], [274.74825715414534, 256.21786591538694, 224.8544211137546, 137.10727244480103, 75.86034833927472, 45.2903230769234, 48.24947331928092, 106.98534529557072, 164.33180855634942, 164.02788605489584, 125.30101244121296, 90.88534071635536, 97.51554518003067, 76.3366150213913, 80.94326285531739, 32.31852129811942, 0.0, 44.372842728175506, 20.52891640445251, 84.79209671758859, 52.7205394588532, 102.48510780026771, 76.05344295662623, 180.1946925891395, 113.01718252481831, 238.89861818838654, 214.99950680087662, 135.40989227908867, 146.74823542593074, 119.14692063173518], [231.92758388959646, 221.86572778286467, 209.07257900275616, 142.499591308029, 99.45995428967832, 75.41237184979997, 87.01350206540248, 129.49949147498188, 199.41251480933897, 201.2503033864661, 169.3175576602415, 134.0523438663666, 141.0728769541204, 120.30989617927571, 125.14081623129361, 22.65260281369892, 44.372842728175506, 0.0, 29.89053334141097, 40.74872271563001, 30.48249407643176, 60.07643499983416, 47.78255502267956, 149.0121462935747, 78.39570167345978, 197.96508896275955, 172.94358095093673, 92.94858146288516, 106.62707509419265, 107.62161103316379], [261.6494206024592, 250.20619179036999, 228.8007222362222, 149.16705043348583, 93.17320038938934, 63.80231689757435, 68.71513050510055, 124.43837238902837, 184.70358642590878, 184.5428864707252, 143.99297876222994, 110.55155245522424, 116.85980529136951, 95.32842885154929, 99.48029773675788, 29.766201839435297, 20.52891640445251, 29.89053334141097, 0.0, 67.77648783330177, 32.193091252169296, 83.76799485159533, 55.52983732312027, 175.94410317755836, 106.2517182821949, 227.8394131620131, 202.8147869252792, 116.45518125119982, 126.87328920294375, 101.7968827785704], [196.3679685455805, 199.92161848402915, 209.38438280975066, 164.5204539439112, 134.53437223147475, 114.03286047840159, 127.26597579530086, 162.646996156558, 237.3219751257649, 240.09309179654585, 209.99215246077486, 174.7973461676787, 181.8170577042113, 160.98537745477384, 165.7210554583421, 60.82380031112246, 84.79209671758859, 40.74872271563001, 67.77648783330177, 0.0, 47.5597731458614, 22.09504912880257, 43.84160199815812, 134.2446047650035, 66.53393179924062, 166.3170812513333, 139.56032845825385, 53.375155476919204, 69.69919065513815, 105.48103652539874], [243.60607465629525, 244.46885949964525, 238.90003617899848, 171.68352844278334, 122.52163499323372, 94.64338478443592, 100.88030529937197, 153.5419522940098, 216.75570251618802, 216.7308146089458, 173.9805112879385, 141.78208884764712, 147.71800227180063, 125.95583836764771, 129.61399260946519, 48.61494942929075, 52.7205394588532, 30.48249407643176, 32.193091252169296, 47.5597731458614, 0.0, 57.319415507585205, 23.341650070474902, 174.5029535289973, 103.74067911432331, 213.79414881729573, 187.12005762743152, 88.43551805144865, 96.43955278986991, 77.40241715607146], [189.1335108574948, 204.17666871617163, 224.72167786744296, 185.92435067159332, 156.34349175062707, 134.9159977514972, 147.0763936288625, 184.67802395325762, 258.61663906956545, 260.9966068467943, 227.61067755988887, 193.28856770048378, 200.00002169479606, 178.7491355390056, 183.1252084308179, 81.54085862324297, 102.48510780026771, 60.07643499983416, 83.76799485159533, 22.09504912880257, 57.319415507585205, 0.0, 43.88771561679305, 144.14157321980707, 81.29446857169191, 163.57403370587156, 135.65988333548464, 32.97942053042321, 47.70134049517372, 97.18308107463614], [233.012400952812, 243.53479985957492, 249.14076842793457, 190.1335887628972, 144.74379256405888, 117.57169218323986, 124.22142997191105, 175.52491928317556, 240.06009014274412, 240.07132578446027, 195.9692466771381, 164.53480467205227, 170.255820195087, 148.4272594096465, 151.8195577004287, 69.04064475977177, 76.05344295662623, 47.78255502267956, 55.52983732312027, 43.84160199815812, 23.341650070474902, 43.88771561679305, 0.0, 177.7646887725504, 108.65515083432773, 206.77817102087664, 179.12974232619274, 70.84108764385257, 75.60437028644577, 63.61178844276114], [138.1215567617499, 77.54168117938185, 93.93180880084977, 134.3098921696008, 168.21181132408088, 173.59639213751936, 194.30802348186162, 176.3909827029063, 259.51785506612606, 269.44062779433625, 279.40799453895175, 242.60130284399236, 250.91464093426612, 236.78934383594208, 243.16556998296548, 148.56575899053217, 180.1946925891395, 149.0121462935747, 175.94410317755836, 134.2446047650035, 174.5029535289973, 144.14157321980707, 177.7646887725504, 0.0, 70.86963412256335, 91.65369062192859, 87.33064977911766, 148.69619059197885, 169.31955634501907, 239.47513157084623], [169.98727506797823, 143.96838915006342, 143.5039574926998, 120.8634873503367, 122.0543210343796, 116.88864422572537, 136.48249406080365, 141.02148848500573, 224.63464289884908, 231.44446231624872, 224.36132004942056, 186.96864561091976, 195.10023422431073, 178.00065402141087, 184.03429273998938, 80.71803942061837, 113.01718252481831, 78.39570167345978, 106.2517182821949, 66.53393179924062, 103.74067911432331, 81.29446857169191, 108.65515083432773, 70.86963412256335, 0.0, 129.3953078539164, 109.21686780451131, 97.11887883635653, 118.42457735111786, 171.67175412080377], [46.48426385945785, 68.7666295897981, 171.29917711613794, 224.856664366274, 248.41639363026425, 246.19628288499646, 265.87778873020306, 261.99711004943543, 346.31479809502264, 355.0178643817476, 353.73825420486895, 316.342388286169, 324.4871467025326, 307.26828547978363, 313.2347870528791, 207.01771456844097, 238.89861818838654, 197.96508896275955, 227.8394131620131, 166.3170812513333, 213.79414881729573, 163.57403370587156, 206.77817102087664, 91.65369062192859, 129.3953078539164, 0.0, 28.546251758304468, 148.51923027506743, 162.40013207052664, 257.25792048639926], [60.81547501800014, 89.20985104350864, 176.2188681952432, 214.5749014547566, 230.6981480051075, 225.7216497864352, 244.81613736827276, 246.87868972306154, 331.2859199588983, 339.10124688963646, 332.76439061697215, 295.4479833072702, 303.472516096005, 285.45368559675336, 291.25244548422455, 183.6133725149854, 214.99950680087662, 172.94358095093673, 202.8147869252792, 139.56032845825385, 187.12005762743152, 135.65988333548464, 179.12974232619274, 87.33064977911766, 109.21686780451131, 28.546251758304468, 0.0, 119.97315729019138, 134.03348582225635, 228.7808316721565], [167.39708832798377, 198.23825459305274, 236.42243337332542, 211.37398209476325, 187.57804918637493, 167.34774064162474, 179.96065901817542, 215.01283812862172, 290.68525770629526, 293.43499589748484, 260.41724814841774, 226.24680751322703, 232.92195669742816, 211.61389352374502, 215.91257168534534, 114.03286047840156, 135.40989227908867, 92.94858146288516, 116.45518125119982, 53.375155476919204, 88.43551805144865, 32.97942053042321, 70.84108764385257, 148.69619059197885, 97.11887883635653, 148.51923027506743, 119.97315729019138, 0.0, 21.421004794593536, 109.42196043782162], [176.48651712145264, 215.77824911046523, 257.71751513477403, 231.32498190115848, 204.0213955695728, 181.97275274868625, 193.04421288731243, 232.34587606956765, 305.8958642080198, 307.8733770176125, 270.35502025312314, 237.4221109045853, 243.68910659231076, 222.05407431402583, 225.9187277137055, 128.69381960521102, 146.74823542593074, 106.62707509419265, 126.87328920294375, 69.69919065513815, 96.43955278986991, 47.70134049517372, 75.60437028644577, 169.31955634501907, 118.42457735111786, 162.40013207052664, 134.03348582225635, 21.421004794593536, 0.0, 100.83852747429529], [276.31938611026516, 301.3207225725682, 312.7516833711501, 248.75817166081862, 194.67206252939457, 164.4302676083844, 164.35129946121208, 225.91873007824407, 278.382873729835, 275.36297125070513, 215.98906879901585, 192.2154764997746, 195.7325476492911, 174.78287057123103, 175.9967915453461, 125.42473224433849, 119.14692063173518, 107.62161103316379, 101.7968827785704, 105.48103652539874, 77.40241715607146, 97.18308107463614, 63.61178844276114, 239.47513157084623, 171.67175412080377, 257.25792048639926, 228.7808316721565, 109.42196043782162, 100.83852747429529, 0.0]]
